10000 86
9999 1
9998 27
9997 34
9996 36
9995 29
9994 15
9993 41
9992 16
9991 49
9990 35
9989 58
9988 11
9987 4
9986 85
9985 7
9984 14
9983 58
9982 68
9981 95
9980 60
9979 56
9978 59
9977 44
9976 3
9975 38
9974 34
9973 75
9972 69
9971 95
9970 80
9969 12
9968 97
9967 46
9966 44
9965 86
9964 19
9963 53
9962 89
9961 85
9960 64
9959 58
9958 47
9957 83
9956 7
9955 57
9954 7
9953 76
9952 14
9951 85
9950 13
9949 67
9948 4
9947 61
9946 63
9945 8
9944 21
9943 37
9942 23
9941 23
9940 69
9939 79
9938 46
9937 75
9936 18
9935 68
9934 8
9933 42
9932 21
9931 46
9930 81
9929 30
9928 64
9927 48
9926 6
9925 92
9924 87
9923 46
9922 64
9921 67
9920 40
9919 64
9918 14
9917 13
9916 15
9915 26
9914 23
9913 94
9912 15
9911 20
9910 76
9909 48
9908 51
9907 43
9906 100
9905 90
9904 3
9903 62
9902 27
9901 76
9900 58
9899 49
9898 16
9897 19
9896 9
9895 62
9894 47
9893 76
9892 32
9891 84
9890 3
9889 89
9888 45
9887 48
9886 30
9885 57
9884 6
9883 11
9882 5
9881 8
9880 6
9879 63
9878 94
9877 18
9876 29
9875 46
9874 64
9873 25
9872 41
9871 54
9870 63
9869 64
9868 39
9867 26
9866 0
9865 24
9864 92
9863 67
9862 29
9861 38
9860 57
9859 77
9858 67
9857 55
9856 37
9855 4
9854 1
9853 80
9852 71
9851 9
9850 58
9849 70
9848 91
9847 79
9846 86
9845 98
9844 55
9843 65
9842 16
9841 55
9840 71
9839 46
9838 4
9837 68
9836 28
9835 25
9834 32
9833 99
9832 97
9831 96
9830 23
9829 20
9828 70
9827 18
9826 23
9825 47
9824 72
9823 13
9822 23
9821 8
9820 0
9819 71
9818 37
9817 97
9816 62
9815 98
9814 90
9813 36
9812 23
9811 47
9810 88
9809 93
9808 53
9807 97
9806 4
9805 58
9804 70
9803 45
9802 89
9801 97
9800 30
9799 25
9798 41
9797 100
9796 27
9795 15
9794 34
9793 100
9792 29
9791 11
9790 91
9789 33
9788 91
9787 46
9786 97
9785 99
9784 11
9783 89
9782 59
9781 61
9780 8
9779 16
9778 92
9777 74
9776 40
9775 79
9774 67
9773 47
9772 89
9771 31
9770 4
9769 43
9768 99
9767 0
9766 5
9765 62
9764 98
9763 54
9762 78
9761 34
9760 80
9759 21
9758 14
9757 34
9756 49
9755 6
9754 99
9753 40
9752 8
9751 27
9750 83
9749 30
9748 9
9747 46
9746 1
9745 24
9744 42
9743 83
9742 45
9741 4
9740 80
9739 60
9738 57
9737 6
9736 49
9735 18
9734 27
9733 41
9732 4
9731 94
9730 66
9729 88
9728 98
9727 88
9726 35
9725 31
9724 87
9723 43
9722 57
9721 32
9720 70
9719 74
9718 42
9717 89
9716 31
9715 26
9714 87
9713 65
9712 48
9711 88
9710 79
9709 84
9708 82
9707 19
9706 48
9705 14
9704 67
9703 20
9702 81
9701 10
9700 91
9699 36
9698 7
9697 32
9696 37
9695 45
9694 79
9693 87
9692 8
9691 26
9690 66
9689 94
9688 78
9687 71
9686 87
9685 91
9684 45
9683 47
9682 2
9681 8
9680 18
9679 78
9678 80
9677 51
9676 71
9675 30
9674 53
9673 51
9672 98
9671 26
9670 70
9669 3
9668 18
9667 100
9666 75
9665 5
9664 57
9663 22
9662 6
9661 33
9660 62
9659 91
9658 24
9657 83
9656 37
9655 76
9654 26
9653 45
9652 8
9651 58
9650 98
9649 57
9648 32
9647 2
9646 97
9645 41
9644 1
9643 74
9642 6
9641 56
9640 23
9639 99
9638 15
9637 17
9636 93
9635 14
9634 58
9633 4
9632 28
9631 39
9630 77
9629 7
9628 81
9627 63
9626 47
9625 89
9624 29
9623 51
9622 67
9621 74
9620 6
9619 38
9618 13
9617 58
9616 32
9615 40
9614 17
9613 75
9612 35
9611 62
9610 19
9609 72
9608 69
9607 17
9606 94
9605 13
9604 60
9603 70
9602 100
9601 68
9600 4
9599 13
9598 1
9597 88
9596 16
9595 75
9594 12
9593 6
9592 7
9591 22
9590 97
9589 24
9588 85
9587 77
9586 70
9585 100
9584 98
9583 72
9582 92
9581 34
9580 18
9579 42
9578 26
9577 63
9576 30
9575 15
9574 13
9573 40
9572 60
9571 16
9570 68
9569 77
9568 37
9567 20
9566 10
9565 35
9564 35
9563 82
9562 88
9561 22
9560 42
9559 57
9558 26
9557 53
9556 66
9555 31
9554 74
9553 21
9552 84
9551 100
9550 84
9549 75
9548 18
9547 81
9546 10
9545 18
9544 57
9543 69
9542 61
9541 80
9540 84
9539 15
9538 49
9537 45
9536 85
9535 71
9534 47
9533 68
9532 4
9531 79
9530 26
9529 23
9528 19
9527 48
9526 100
9525 2
9524 26
9523 24
9522 12
9521 39
9520 10
9519 100
9518 88
9517 19
9516 64
9515 43
9514 84
9513 82
9512 65
9511 36
9510 61
9509 12
9508 50
9507 79
9506 85
9505 31
9504 0
9503 35
9502 5
9501 43
9500 76
9499 43
9498 79
9497 61
9496 14
9495 57
9494 97
9493 22
9492 25
9491 61
9490 71
9489 48
9488 64
9487 58
9486 70
9485 93
9484 54
9483 61
9482 9
9481 78
9480 69
9479 88
9478 32
9477 85
9476 64
9475 57
9474 91
9473 42
9472 50
9471 86
9470 96
9469 2
9468 23
9467 48
9466 76
9465 18
9464 23
9463 12
9462 44
9461 73
9460 95
9459 76
9458 1
9457 76
9456 9
9455 9
9454 67
9453 39
9452 3
9451 89
9450 49
9449 93
9448 77
9447 59
9446 97
9445 21
9444 50
9443 77
9442 82
9441 84
9440 42
9439 23
9438 20
9437 98
9436 79
9435 30
9434 21
9433 14
9432 6
9431 48
9430 46
9429 6
9428 10
9427 73
9426 19
9425 13
9424 80
9423 85
9422 53
9421 81
9420 18
9419 16
9418 24
9417 52
9416 69
9415 17
9414 82
9413 1
9412 42
9411 8
9410 16
9409 7
9408 80
9407 85
9406 43
9405 2
9404 24
9403 72
9402 56
9401 74
9400 45
9399 67
9398 59
9397 76
9396 59
9395 60
9394 9
9393 91
9392 48
9391 34
9390 61
9389 59
9388 43
9387 3
9386 95
9385 56
9384 76
9383 56
9382 75
9381 92
9380 10
9379 70
9378 19
9377 47
9376 71
9375 71
9374 6
9373 13
9372 78
9371 27
9370 75
9369 28
9368 20
9367 24
9366 49
9365 45
9364 89
9363 73
9362 68
9361 72
9360 7
9359 62
9358 99
9357 43
9356 41
9355 76
9354 86
9353 71
9352 5
9351 70
9350 7
9349 100
9348 75
9347 94
9346 14
9345 30
9344 85
9343 49
9342 6
9341 38
9340 10
9339 65
9338 40
9337 59
9336 4
9335 93
9334 35
9333 24
9332 89
9331 2
9330 54
9329 55
9328 29
9327 61
9326 98
9325 100
9324 14
9323 0
9322 4
9321 52
9320 5
9319 62
9318 19
9317 87
9316 64
9315 9
9314 74
9313 31
9312 70
9311 54
9310 40
9309 97
9308 82
9307 61
9306 45
9305 66
9304 100
9303 68
9302 43
9301 16
9300 81
9299 99
9298 70
9297 28
9296 37
9295 66
9294 87
9293 21
9292 13
9291 94
9290 99
9289 54
9288 70
9287 88
9286 94
9285 42
9284 24
9283 78
9282 45
9281 28
9280 49
9279 53
9278 27
9277 15
9276 74
9275 34
9274 80
9273 10
9272 96
9271 21
9270 39
9269 47
9268 45
9267 25
9266 52
9265 34
9264 57
9263 39
9262 51
9261 20
9260 30
9259 46
9258 73
9257 4
9256 84
9255 37
9254 33
9253 37
9252 39
9251 9
9250 57
9249 95
9248 10
9247 45
9246 97
9245 42
9244 83
9243 34
9242 47
9241 53
9240 16
9239 70
9238 20
9237 42
9236 24
9235 15
9234 0
9233 44
9232 79
9231 2
9230 72
9229 46
9228 46
9227 40
9226 18
9225 36
9224 44
9223 25
9222 41
9221 82
9220 59
9219 2
9218 73
9217 35
9216 83
9215 98
9214 36
9213 71
9212 38
9211 74
9210 14
9209 69
9208 96
9207 16
9206 73
9205 94
9204 61
9203 44
9202 12
9201 55
9200 27
9199 9
9198 35
9197 100
9196 25
9195 22
9194 94
9193 40
9192 91
9191 42
9190 75
9189 94
9188 26
9187 0
9186 23
9185 54
9184 23
9183 38
9182 62
9181 32
9180 83
9179 81
9178 76
9177 81
9176 96
9175 42
9174 30
9173 60
9172 75
9171 41
9170 48
9169 91
9168 53
9167 61
9166 95
9165 79
9164 98
9163 63
9162 22
9161 87
9160 6
9159 57
9158 12
9157 70
9156 28
9155 32
9154 53
9153 69
9152 77
9151 32
9150 0
9149 29
9148 8
9147 20
9146 54
9145 14
9144 53
9143 11
9142 29
9141 1
9140 14
9139 83
9138 8
9137 22
9136 26
9135 58
9134 34
9133 42
9132 90
9131 43
9130 9
9129 63
9128 95
9127 8
9126 82
9125 71
9124 13
9123 12
9122 7
9121 20
9120 97
9119 2
9118 31
9117 22
9116 58
9115 14
9114 87
9113 64
9112 53
9111 85
9110 90
9109 11
9108 16
9107 27
9106 47
9105 1
9104 82
9103 70
9102 87
9101 46
9100 14
9099 94
9098 35
9097 11
9096 31
9095 46
9094 42
9093 2
9092 42
9091 9
9090 78
9089 30
9088 79
9087 41
9086 39
9085 51
9084 9
9083 93
9082 6
9081 50
9080 13
9079 79
9078 9
9077 47
9076 60
9075 88
9074 89
9073 2
9072 37
9071 34
9070 18
9069 2
9068 63
9067 27
9066 14
9065 91
9064 89
9063 1
9062 59
9061 19
9060 32
9059 54
9058 46
9057 25
9056 61
9055 98
9054 98
9053 82
9052 2
9051 72
9050 47
9049 24
9048 26
9047 11
9046 2
9045 96
9044 76
9043 29
9042 15
9041 17
9040 63
9039 40
9038 68
9037 65
9036 72
9035 23
9034 16
9033 92
9032 7
9031 68
9030 69
9029 50
9028 3
9027 48
9026 87
9025 98
9024 60
9023 18
9022 92
9021 39
9020 7
9019 68
9018 6
9017 89
9016 100
9015 83
9014 26
9013 97
9012 80
9011 93
9010 28
9009 59
9008 93
9007 51
9006 21
9005 45
9004 16
9003 72
9002 93
9001 21
9000 31
8999 79
8998 30
8997 84
8996 78
8995 73
8994 36
8993 77
8992 43
8991 5
8990 35
8989 30
8988 69
8987 6
8986 4
8985 5
8984 2
8983 7
8982 82
8981 11
8980 57
8979 41
8978 77
8977 49
8976 44
8975 65
8974 67
8973 23
8972 73
8971 0
8970 35
8969 71
8968 27
8967 62
8966 65
8965 80
8964 96
8963 37
8962 24
8961 70
8960 41
8959 24
8958 43
8957 71
8956 31
8955 0
8954 98
8953 53
8952 10
8951 95
8950 71
8949 7
8948 5
8947 12
8946 63
8945 14
8944 25
8943 87
8942 70
8941 86
8940 94
8939 4
8938 0
8937 83
8936 71
8935 97
8934 99
8933 27
8932 72
8931 19
8930 3
8929 36
8928 64
8927 95
8926 75
8925 64
8924 100
8923 17
8922 18
8921 35
8920 71
8919 68
8918 95
8917 25
8916 34
8915 82
8914 45
8913 38
8912 45
8911 44
8910 71
8909 91
8908 66
8907 49
8906 74
8905 5
8904 18
8903 39
8902 43
8901 42
8900 38
8899 57
8898 35
8897 77
8896 79
8895 24
8894 15
8893 86
8892 19
8891 19
8890 77
8889 8
8888 57
8887 1
8886 68
8885 60
8884 85
8883 65
8882 53
8881 43
8880 42
8879 71
8878 84
8877 29
8876 84
8875 74
8874 56
8873 11
8872 67
8871 53
8870 50
8869 72
8868 63
8867 58
8866 79
8865 85
8864 7
8863 7
8862 64
8861 9
8860 21
8859 61
8858 13
8857 23
8856 26
8855 69
8854 92
8853 29
8852 71
8851 42
8850 31
8849 8
8848 18
8847 73
8846 58
8845 84
8844 56
8843 15
8842 26
8841 39
8840 79
8839 48
8838 7
8837 41
8836 55
8835 27
8834 73
8833 43
8832 6
8831 24
8830 77
8829 34
8828 56
8827 95
8826 56
8825 88
8824 10
8823 68
8822 90
8821 14
8820 13
8819 44
8818 32
8817 12
8816 92
8815 31
8814 55
8813 70
8812 40
8811 20
8810 4
8809 93
8808 29
8807 48
8806 39
8805 70
8804 11
8803 47
8802 16
8801 87
8800 6
8799 2
8798 31
8797 36
8796 89
8795 59
8794 23
8793 10
8792 73
8791 29
8790 42
8789 28
8788 93
8787 61
8786 39
8785 73
8784 54
8783 82
8782 1
8781 24
8780 84
8779 77
8778 43
8777 70
8776 2
8775 36
8774 50
8773 67
8772 13
8771 75
8770 41
8769 10
8768 68
8767 54
8766 76
8765 49
8764 59
8763 48
8762 96
8761 33
8760 21
8759 97
8758 61
8757 88
8756 26
8755 55
8754 27
8753 22
8752 83
8751 68
8750 57
8749 72
8748 69
8747 79
8746 90
8745 51
8744 95
8743 70
8742 0
8741 65
8740 37
8739 66
8738 85
8737 73
8736 58
8735 97
8734 96
8733 51
8732 60
8731 31
8730 69
8729 12
8728 11
8727 61
8726 47
8725 45
8724 97
8723 20
8722 98
8721 36
8720 20
8719 72
8718 52
8717 27
8716 16
8715 34
8714 82
8713 74
8712 90
8711 98
8710 38
8709 56
8708 77
8707 33
8706 91
8705 52
8704 81
8703 61
8702 37
8701 47
8700 9
8699 13
8698 46
8697 43
8696 84
8695 70
8694 95
8693 27
8692 43
8691 45
8690 53
8689 71
8688 75
8687 83
8686 13
8685 22
8684 2
8683 5
8682 39
8681 76
8680 78
8679 12
8678 18
8677 79
8676 18
8675 44
8674 7
8673 90
8672 61
8671 84
8670 77
8669 99
8668 94
8667 52
8666 78
8665 53
8664 29
8663 82
8662 16
8661 60
8660 1
8659 67
8658 35
8657 52
8656 91
8655 42
8654 21
8653 100
8652 34
8651 68
8650 2
8649 55
8648 19
8647 82
8646 40
8645 36
8644 23
8643 90
8642 42
8641 19
8640 50
8639 72
8638 84
8637 47
8636 53
8635 49
8634 65
8633 25
8632 35
8631 32
8630 74
8629 8
8628 41
8627 50
8626 79
8625 5
8624 43
8623 33
8622 24
8621 27
8620 68
8619 94
8618 50
8617 63
8616 33
8615 74
8614 90
8613 58
8612 27
8611 44
8610 62
8609 29
8608 47
8607 33
8606 94
8605 45
8604 76
8603 98
8602 16
8601 27
8600 39
8599 15
8598 4
8597 32
8596 77
8595 30
8594 93
8593 39
8592 30
8591 73
8590 52
8589 82
8588 84
8587 53
8586 71
8585 18
8584 18
8583 29
8582 57
8581 71
8580 54
8579 74
8578 100
8577 98
8576 46
8575 73
8574 78
8573 56
8572 76
8571 95
8570 43
8569 66
8568 10
8567 78
8566 42
8565 22
8564 20
8563 76
8562 50
8561 70
8560 54
8559 49
8558 16
8557 17
8556 11
8555 15
8554 91
8553 85
8552 24
8551 93
8550 82
8549 7
8548 77
8547 34
8546 45
8545 62
8544 67
8543 25
8542 20
8541 89
8540 33
8539 90
8538 27
8537 18
8536 42
8535 53
8534 41
8533 86
8532 76
8531 24
8530 20
8529 27
8528 8
8527 68
8526 82
8525 38
8524 76
8523 27
8522 72
8521 37
8520 83
8519 94
8518 95
8517 22
8516 58
8515 18
8514 20
8513 69
8512 6
8511 49
8510 93
8509 38
8508 62
8507 61
8506 35
8505 98
8504 20
8503 82
8502 0
8501 87
8500 93
8499 97
8498 29
8497 11
8496 47
8495 69
8494 86
8493 59
8492 52
8491 59
8490 72
8489 55
8488 97
8487 93
8486 38
8485 18
8484 5
8483 21
8482 88
8481 86
8480 76
8479 93
8478 36
8477 60
8476 38
8475 23
8474 38
8473 40
8472 58
8471 40
8470 78
8469 20
8468 10
8467 83
8466 36
8465 21
8464 65
8463 58
8462 65
8461 34
8460 52
8459 25
8458 51
8457 44
8456 55
8455 62
8454 21
8453 75
8452 73
8451 27
8450 17
8449 93
8448 28
8447 55
8446 74
8445 47
8444 14
8443 68
8442 41
8441 47
8440 23
8439 46
8438 11
8437 22
8436 60
8435 83
8434 36
8433 73
8432 22
8431 39
8430 100
8429 73
8428 84
8427 17
8426 64
8425 13
8424 37
8423 41
8422 89
8421 90
8420 77
8419 12
8418 62
8417 37
8416 33
8415 15
8414 33
8413 83
8412 43
8411 62
8410 91
8409 72
8408 40
8407 19
8406 34
8405 43
8404 77
8403 44
8402 42
8401 59
8400 79
8399 61
8398 54
8397 22
8396 72
8395 98
8394 25
8393 47
8392 72
8391 61
8390 83
8389 53
8388 62
8387 64
8386 77
8385 76
8384 83
8383 0
8382 25
8381 84
8380 34
8379 57
8378 83
8377 95
8376 18
8375 38
8374 53
8373 83
8372 89
8371 54
8370 5
8369 19
8368 46
8367 0
8366 85
8365 38
8364 18
8363 76
8362 47
8361 71
8360 28
8359 42
8358 38
8357 6
8356 9
8355 26
8354 21
8353 64
8352 36
8351 39
8350 78
8349 28
8348 2
8347 48
8346 93
8345 84
8344 84
8343 98
8342 98
8341 64
8340 5
8339 1
8338 98
8337 100
8336 12
8335 95
8334 34
8333 29
8332 27
8331 23
8330 2
8329 71
8328 54
8327 23
8326 80
8325 95
8324 97
8323 23
8322 40
8321 9
8320 98
8319 35
8318 86
8317 75
8316 51
8315 41
8314 34
8313 66
8312 72
8311 89
8310 64
8309 37
8308 77
8307 89
8306 12
8305 12
8304 84
8303 70
8302 86
8301 16
8300 4
8299 52
8298 56
8297 82
8296 86
8295 4
8294 29
8293 74
8292 32
8291 4
8290 90
8289 14
8288 7
8287 88
8286 41
8285 92
8284 93
8283 46
8282 36
8281 59
8280 59
8279 78
8278 88
8277 78
8276 71
8275 43
8274 21
8273 94
8272 65
8271 92
8270 22
8269 59
8268 13
8267 81
8266 71
8265 90
8264 0
8263 83
8262 28
8261 81
8260 48
8259 8
8258 10
8257 25
8256 88
8255 92
8254 99
8253 82
8252 92
8251 4
8250 87
8249 77
8248 91
8247 83
8246 90
8245 57
8244 37
8243 90
8242 15
8241 53
8240 25
8239 46
8238 34
8237 77
8236 13
8235 29
8234 4
8233 3
8232 71
8231 66
8230 82
8229 15
8228 28
8227 11
8226 14
8225 60
8224 76
8223 65
8222 75
8221 24
8220 76
8219 75
8218 96
8217 100
8216 37
8215 40
8214 73
8213 41
8212 97
8211 46
8210 77
8209 55
8208 36
8207 34
8206 59
8205 0
8204 21
8203 52
8202 77
8201 49
8200 69
8199 21
8198 27
8197 30
8196 53
8195 25
8194 49
8193 3
8192 13
8191 46
8190 11
8189 64
8188 93
8187 96
8186 92
8185 76
8184 97
8183 8
8182 38
8181 18
8180 50
8179 16
8178 24
8177 39
8176 29
8175 72
8174 86
8173 9
8172 49
8171 19
8170 77
8169 87
8168 73
8167 30
8166 30
8165 57
8164 36
8163 57
8162 43
8161 5
8160 14
8159 86
8158 22
8157 97
8156 7
8155 63
8154 64
8153 98
8152 7
8151 90
8150 78
8149 73
8148 11
8147 37
8146 60
8145 84
8144 57
8143 7
8142 81
8141 43
8140 0
8139 99
8138 93
8137 21
8136 15
8135 44
8134 32
8133 78
8132 90
8131 35
8130 98
8129 55
8128 0
8127 48
8126 22
8125 34
8124 83
8123 52
8122 43
8121 37
8120 21
8119 62
8118 11
8117 100
8116 64
8115 98
8114 98
8113 24
8112 4
8111 60
8110 12
8109 60
8108 81
8107 42
8106 14
8105 81
8104 38
8103 80
8102 91
8101 3
8100 53
8099 47
8098 57
8097 24
8096 72
8095 64
8094 15
8093 52
8092 24
8091 98
8090 67
8089 24
8088 15
8087 90
8086 88
8085 81
8084 1
8083 3
8082 41
8081 82
8080 44
8079 24
8078 99
8077 5
8076 30
8075 18
8074 76
8073 39
8072 26
8071 84
8070 72
8069 86
8068 56
8067 33
8066 60
8065 83
8064 50
8063 67
8062 61
8061 74
8060 16
8059 40
8058 39
8057 54
8056 28
8055 13
8054 13
8053 35
8052 32
8051 82
8050 97
8049 65
8048 69
8047 66
8046 20
8045 26
8044 36
8043 74
8042 51
8041 13
8040 7
8039 35
8038 76
8037 47
8036 11
8035 92
8034 66
8033 54
8032 92
8031 50
8030 100
8029 81
8028 89
8027 33
8026 48
8025 22
8024 36
8023 21
8022 11
8021 14
8020 59
8019 67
8018 58
8017 66
8016 40
8015 33
8014 58
8013 27
8012 66
8011 79
8010 61
8009 3
8008 72
8007 54
8006 40
8005 39
8004 70
8003 19
8002 70
8001 72
8000 71
7999 64
7998 59
7997 73
7996 2
7995 58
7994 43
7993 81
7992 90
7991 29
7990 24
7989 97
7988 32
7987 28
7986 28
7985 21
7984 10
7983 71
7982 25
7981 45
7980 19
7979 38
7978 77
7977 44
7976 19
7975 43
7974 44
7973 89
7972 68
7971 41
7970 89
7969 14
7968 64
7967 75
7966 14
7965 22
7964 69
7963 21
7962 37
7961 72
7960 93
7959 40
7958 29
7957 37
7956 75
7955 12
7954 46
7953 66
7952 23
7951 17
7950 96
7949 89
7948 62
7947 81
7946 95
7945 64
7944 59
7943 71
7942 60
7941 71
7940 22
7939 28
7938 97
7937 37
7936 7
7935 97
7934 7
7933 96
7932 90
7931 67
7930 0
7929 78
7928 27
7927 20
7926 68
7925 98
7924 11
7923 14
7922 17
7921 55
7920 69
7919 1
7918 53
7917 39
7916 49
7915 78
7914 0
7913 55
7912 73
7911 88
7910 70
7909 98
7908 66
7907 3
7906 37
7905 50
7904 93
7903 11
7902 3
7901 26
7900 65
7899 70
7898 81
7897 0
7896 43
7895 49
7894 35
7893 97
7892 6
7891 14
7890 19
7889 48
7888 32
7887 55
7886 83
7885 15
7884 96
7883 48
7882 14
7881 14
7880 33
7879 22
7878 99
7877 11
7876 68
7875 85
7874 58
7873 64
7872 57
7871 71
7870 15
7869 0
7868 45
7867 76
7866 15
7865 40
7864 73
7863 83
7862 97
7861 94
7860 65
7859 41
7858 68
7857 86
7856 43
7855 26
7854 68
7853 91
7852 100
7851 94
7850 59
7849 98
7848 78
7847 32
7846 73
7845 52
7844 68
7843 0
7842 9
7841 72
7840 61
7839 54
7838 75
7837 39
7836 1
7835 91
7834 98
7833 75
7832 22
7831 35
7830 78
7829 48
7828 57
7827 51
7826 75
7825 3
7824 84
7823 73
7822 36
7821 82
7820 50
7819 75
7818 68
7817 55
7816 44
7815 77
7814 72
7813 62
7812 92
7811 9
7810 40
7809 42
7808 46
7807 29
7806 52
7805 24
7804 91
7803 16
7802 12
7801 16
7800 55
7799 95
7798 44
7797 98
7796 26
7795 51
7794 16
7793 35
7792 90
7791 98
7790 18
7789 62
7788 19
7787 61
7786 92
7785 60
7784 31
7783 10
7782 68
7781 75
7780 43
7779 42
7778 55
7777 77
7776 88
7775 75
7774 32
7773 48
7772 78
7771 3
7770 20
7769 16
7768 74
7767 66
7766 50
7765 10
7764 91
7763 3
7762 99
7761 19
7760 55
7759 20
7758 75
7757 0
7756 11
7755 59
7754 3
7753 67
7752 73
7751 32
7750 17
7749 62
7748 15
7747 29
7746 35
7745 85
7744 97
7743 84
7742 13
7741 85
7740 27
7739 15
7738 4
7737 94
7736 12
7735 41
7734 92
7733 65
7732 29
7731 96
7730 7
7729 66
7728 49
7727 28
7726 50
7725 61
7724 18
7723 64
7722 7
7721 63
7720 90
7719 50
7718 86
7717 100
7716 45
7715 53
7714 57
7713 42
7712 73
7711 49
7710 83
7709 11
7708 71
7707 8
7706 74
7705 11
7704 77
7703 38
7702 9
7701 2
7700 63
7699 65
7698 83
7697 16
7696 51
7695 70
7694 82
7693 4
7692 41
7691 71
7690 46
7689 35
7688 6
7687 40
7686 82
7685 6
7684 16
7683 38
7682 3
7681 82
7680 87
7679 93
7678 54
7677 83
7676 24
7675 92
7674 66
7673 2
7672 35
7671 61
7670 40
7669 33
7668 18
7667 93
7666 72
7665 78
7664 90
7663 51
7662 76
7661 9
7660 81
7659 13
7658 74
7657 47
7656 24
7655 87
7654 67
7653 19
7652 46
7651 75
7650 9
7649 63
7648 37
7647 24
7646 49
7645 92
7644 4
7643 70
7642 99
7641 50
7640 62
7639 59
7638 86
7637 84
7636 85
7635 51
7634 48
7633 72
7632 0
7631 13
7630 44
7629 93
7628 59
7627 41
7626 33
7625 26
7624 17
7623 45
7622 70
7621 6
7620 47
7619 49
7618 99
7617 35
7616 38
7615 39
7614 39
7613 55
7612 32
7611 34
7610 51
7609 13
7608 55
7607 52
7606 93
7605 78
7604 91
7603 47
7602 11
7601 63
7600 89
7599 79
7598 96
7597 55
7596 21
7595 74
7594 97
7593 52
7592 47
7591 99
7590 34
7589 32
7588 6
7587 71
7586 20
7585 24
7584 19
7583 71
7582 100
7581 73
7580 4
7579 66
7578 74
7577 47
7576 84
7575 11
7574 52
7573 42
7572 3
7571 23
7570 79
7569 69
7568 9
7567 44
7566 63
7565 93
7564 88
7563 67
7562 43
7561 69
7560 88
7559 18
7558 89
7557 17
7556 43
7555 7
7554 12
7553 97
7552 19
7551 23
7550 89
7549 25
7548 47
7547 21
7546 20
7545 58
7544 69
7543 6
7542 40
7541 79
7540 89
7539 26
7538 27
7537 84
7536 25
7535 44
7534 50
7533 63
7532 90
7531 68
7530 30
7529 21
7528 47
7527 37
7526 4
7525 13
7524 86
7523 10
7522 66
7521 28
7520 61
7519 61
7518 73
7517 2
7516 78
7515 100
7514 67
7513 30
7512 94
7511 49
7510 51
7509 12
7508 16
7507 23
7506 94
7505 77
7504 4
7503 32
7502 82
7501 54
7500 29
7499 62
7498 10
7497 51
7496 7
7495 15
7494 46
7493 47
7492 88
7491 94
7490 80
7489 49
7488 85
7487 34
7486 13
7485 7
7484 75
7483 54
7482 36
7481 81
7480 53
7479 97
7478 99
7477 23
7476 30
7475 96
7474 61
7473 12
7472 41
7471 49
7470 66
7469 72
7468 47
7467 10
7466 37
7465 93
7464 30
7463 84
7462 40
7461 7
7460 30
7459 95
7458 16
7457 13
7456 61
7455 72
7454 94
7453 94
7452 59
7451 26
7450 100
7449 84
7448 93
7447 17
7446 80
7445 89
7444 2
7443 7
7442 67
7441 13
7440 72
7439 28
7438 5
7437 100
7436 58
7435 8
7434 44
7433 11
7432 81
7431 26
7430 8
7429 6
7428 4
7427 21
7426 47
7425 29
7424 0
7423 77
7422 44
7421 71
7420 17
7419 84
7418 46
7417 70
7416 96
7415 24
7414 7
7413 18
7412 14
7411 49
7410 32
7409 97
7408 22
7407 51
7406 16
7405 73
7404 46
7403 35
7402 52
7401 23
7400 46
7399 25
7398 50
7397 48
7396 71
7395 20
7394 5
7393 68
7392 73
7391 80
7390 45
7389 19
7388 2
7387 47
7386 45
7385 13
7384 50
7383 96
7382 68
7381 90
7380 19
7379 32
7378 12
7377 5
7376 82
7375 91
7374 87
7373 97
7372 9
7371 53
7370 21
7369 53
7368 40
7367 53
7366 86
7365 65
7364 72
7363 24
7362 89
7361 33
7360 25
7359 70
7358 17
7357 65
7356 80
7355 63
7354 92
7353 65
7352 33
7351 97
7350 19
7349 49
7348 1
7347 53
7346 1
7345 6
7344 39
7343 25
7342 23
7341 11
7340 60
7339 43
7338 89
7337 0
7336 5
7335 95
7334 55
7333 38
7332 53
7331 59
7330 1
7329 92
7328 40
7327 83
7326 34
7325 66
7324 43
7323 56
7322 19
7321 44
7320 80
7319 65
7318 11
7317 83
7316 85
7315 71
7314 26
7313 41
7312 80
7311 31
7310 60
7309 29
7308 28
7307 14
7306 54
7305 89
7304 71
7303 77
7302 37
7301 51
7300 34
7299 64
7298 91
7297 45
7296 93
7295 26
7294 52
7293 31
7292 47
7291 61
7290 5
7289 73
7288 65
7287 86
7286 47
7285 73
7284 4
7283 96
7282 57
7281 54
7280 80
7279 43
7278 98
7277 54
7276 10
7275 83
7274 86
7273 79
7272 27
7271 100
7270 70
7269 53
7268 59
7267 32
7266 70
7265 34
7264 50
7263 8
7262 86
7261 77
7260 77
7259 45
7258 59
7257 35
7256 72
7255 71
7254 0
7253 5
7252 23
7251 53
7250 81
7249 75
7248 95
7247 64
7246 70
7245 48
7244 71
7243 61
7242 40
7241 4
7240 38
7239 44
7238 7
7237 25
7236 97
7235 38
7234 90
7233 28
7232 72
7231 93
7230 86
7229 12
7228 2
7227 97
7226 10
7225 82
7224 3
7223 59
7222 4
7221 94
7220 15
7219 90
7218 89
7217 32
7216 73
7215 44
7214 93
7213 72
7212 56
7211 15
7210 69
7209 6
7208 0
7207 75
7206 22
7205 31
7204 86
7203 81
7202 53
7201 71
7200 47
7199 89
7198 52
7197 83
7196 34
7195 75
7194 89
7193 23
7192 19
7191 11
7190 36
7189 42
7188 63
7187 95
7186 89
7185 99
7184 76
7183 72
7182 30
7181 32
7180 71
7179 69
7178 73
7177 83
7176 0
7175 90
7174 46
7173 95
7172 56
7171 10
7170 70
7169 9
7168 0
7167 15
7166 7
7165 82
7164 24
7163 100
7162 61
7161 35
7160 9
7159 50
7158 34
7157 5
7156 84
7155 59
7154 67
7153 37
7152 73
7151 33
7150 62
7149 88
7148 26
7147 3
7146 42
7145 13
7144 21
7143 99
7142 17
7141 98
7140 79
7139 85
7138 46
7137 20
7136 5
7135 84
7134 25
7133 2
7132 46
7131 94
7130 91
7129 58
7128 32
7127 40
7126 45
7125 18
7124 2
7123 87
7122 14
7121 31
7120 56
7119 61
7118 68
7117 85
7116 56
7115 45
7114 11
7113 90
7112 16
7111 44
7110 32
7109 72
7108 77
7107 27
7106 85
7105 49
7104 31
7103 99
7102 37
7101 65
7100 19
7099 66
7098 61
7097 64
7096 88
7095 79
7094 2
7093 50
7092 58
7091 33
7090 96
7089 29
7088 96
7087 4
7086 24
7085 48
7084 63
7083 37
7082 2
7081 25
7080 70
7079 27
7078 73
7077 77
7076 68
7075 18
7074 38
7073 43
7072 26
7071 3
7070 33
7069 92
7068 68
7067 87
7066 54
7065 96
7064 17
7063 76
7062 76
7061 68
7060 56
7059 11
7058 84
7057 2
7056 37
7055 56
7054 67
7053 75
7052 1
7051 9
7050 42
7049 11
7048 77
7047 66
7046 8
7045 41
7044 71
7043 99
7042 38
7041 74
7040 42
7039 53
7038 41
7037 22
7036 67
7035 66
7034 90
7033 71
7032 77
7031 2
7030 8
7029 14
7028 15
7027 49
7026 38
7025 12
7024 88
7023 49
7022 80
7021 84
7020 72
7019 66
7018 10
7017 0
7016 92
7015 94
7014 33
7013 22
7012 46
7011 54
7010 34
7009 73
7008 24
7007 55
7006 98
7005 19
7004 57
7003 19
7002 56
7001 51
7000 72
6999 59
6998 63
6997 78
6996 0
6995 46
6994 16
6993 65
6992 2
6991 98
6990 20
6989 27
6988 29
6987 96
6986 94
6985 22
6984 57
6983 100
6982 84
6981 95
6980 62
6979 100
6978 21
6977 35
6976 5
6975 39
6974 67
6973 57
6972 76
6971 14
6970 65
6969 17
6968 60
6967 15
6966 25
6965 100
6964 48
6963 91
6962 26
6961 36
6960 53
6959 37
6958 52
6957 66
6956 81
6955 75
6954 28
6953 53
6952 32
6951 60
6950 20
6949 21
6948 90
6947 64
6946 4
6945 32
6944 9
6943 42
6942 83
6941 4
6940 88
6939 31
6938 67
6937 40
6936 16
6935 6
6934 78
6933 70
6932 76
6931 97
6930 49
6929 90
6928 83
6927 53
6926 30
6925 37
6924 5
6923 86
6922 55
6921 43
6920 38
6919 60
6918 26
6917 91
6916 75
6915 71
6914 48
6913 89
6912 81
6911 64
6910 73
6909 44
6908 5
6907 35
6906 92
6905 24
6904 71
6903 61
6902 33
6901 70
6900 84
6899 81
6898 99
6897 25
6896 95
6895 38
6894 57
6893 84
6892 45
6891 4
6890 34
6889 12
6888 99
6887 64
6886 35
6885 4
6884 21
6883 42
6882 67
6881 78
6880 62
6879 62
6878 36
6877 7
6876 8
6875 99
6874 12
6873 47
6872 3
6871 54
6870 72
6869 97
6868 45
6867 85
6866 20
6865 61
6864 59
6863 36
6862 16
6861 13
6860 64
6859 28
6858 36
6857 92
6856 73
6855 41
6854 44
6853 64
6852 23
6851 70
6850 72
6849 2
6848 99
6847 4
6846 77
6845 88
6844 10
6843 75
6842 73
6841 3
6840 18
6839 0
6838 40
6837 41
6836 86
6835 35
6834 95
6833 71
6832 29
6831 50
6830 58
6829 48
6828 80
6827 73
6826 47
6825 68
6824 9
6823 22
6822 54
6821 99
6820 10
6819 93
6818 83
6817 38
6816 90
6815 94
6814 86
6813 86
6812 2
6811 45
6810 97
6809 51
6808 66
6807 27
6806 12
6805 4
6804 14
6803 61
6802 43
6801 62
6800 39
6799 98
6798 52
6797 43
6796 85
6795 18
6794 36
6793 52
6792 58
6791 19
6790 63
6789 71
6788 11
6787 79
6786 35
6785 55
6784 34
6783 92
6782 8
6781 0
6780 40
6779 19
6778 4
6777 50
6776 15
6775 87
6774 28
6773 43
6772 52
6771 69
6770 43
6769 74
6768 47
6767 76
6766 91
6765 56
6764 87
6763 82
6762 92
6761 2
6760 8
6759 97
6758 84
6757 90
6756 92
6755 67
6754 52
6753 39
6752 21
6751 39
6750 67
6749 3
6748 37
6747 50
6746 9
6745 81
6744 46
6743 97
6742 77
6741 83
6740 5
6739 15
6738 5
6737 12
6736 80
6735 63
6734 33
6733 21
6732 32
6731 5
6730 23
6729 47
6728 50
6727 4
6726 88
6725 89
6724 75
6723 18
6722 9
6721 91
6720 15
6719 18
6718 70
6717 44
6716 72
6715 94
6714 43
6713 52
6712 51
6711 10
6710 64
6709 95
6708 6
6707 36
6706 37
6705 49
6704 7
6703 31
6702 99
6701 77
6700 42
6699 49
6698 67
6697 58
6696 28
6695 12
6694 36
6693 58
6692 45
6691 31
6690 100
6689 57
6688 19
6687 65
6686 68
6685 29
6684 1
6683 83
6682 39
6681 19
6680 24
6679 6
6678 34
6677 5
6676 97
6675 3
6674 25
6673 7
6672 13
6671 69
6670 28
6669 95
6668 83
6667 87
6666 17
6665 92
6664 17
6663 29
6662 67
6661 70
6660 29
6659 32
6658 91
6657 71
6656 74
6655 37
6654 3
6653 29
6652 58
6651 56
6650 46
6649 65
6648 31
6647 23
6646 94
6645 76
6644 44
6643 17
6642 74
6641 93
6640 87
6639 40
6638 3
6637 64
6636 32
6635 74
6634 71
6633 86
6632 58
6631 72
6630 73
6629 59
6628 62
6627 58
6626 15
6625 30
6624 18
6623 93
6622 72
6621 68
6620 7
6619 23
6618 95
6617 45
6616 64
6615 75
6614 62
6613 36
6612 76
6611 5
6610 35
6609 5
6608 50
6607 92
6606 61
6605 8
6604 52
6603 63
6602 55
6601 79
6600 13
6599 59
6598 3
6597 60
6596 94
6595 83
6594 22
6593 11
6592 0
6591 53
6590 42
6589 35
6588 74
6587 54
6586 22
6585 77
6584 75
6583 39
6582 98
6581 62
6580 37
6579 77
6578 85
6577 30
6576 81
6575 26
6574 99
6573 94
6572 59
6571 81
6570 78
6569 61
6568 89
6567 91
6566 94
6565 2
6564 82
6563 41
6562 59
6561 60
6560 86
6559 21
6558 56
6557 79
6556 45
6555 44
6554 30
6553 85
6552 27
6551 35
6550 8
6549 81
6548 33
6547 73
6546 26
6545 13
6544 60
6543 61
6542 14
6541 36
6540 34
6539 53
6538 52
6537 50
6536 71
6535 84
6534 69
6533 1
6532 96
6531 24
6530 78
6529 15
6528 25
6527 4
6526 21
6525 94
6524 86
6523 98
6522 94
6521 27
6520 100
6519 69
6518 7
6517 74
6516 1
6515 72
6514 50
6513 38
6512 13
6511 20
6510 32
6509 63
6508 98
6507 99
6506 49
6505 21
6504 28
6503 95
6502 62
6501 59
6500 3
6499 74
6498 82
6497 41
6496 50
6495 4
6494 48
6493 17
6492 31
6491 21
6490 94
6489 39
6488 1
6487 32
6486 22
6485 80
6484 98
6483 67
6482 75
6481 31
6480 55
6479 41
6478 62
6477 76
6476 80
6475 31
6474 57
6473 67
6472 97
6471 22
6470 29
6469 38
6468 37
6467 78
6466 93
6465 98
6464 44
6463 70
6462 48
6461 94
6460 46
6459 67
6458 89
6457 93
6456 3
6455 42
6454 11
6453 29
6452 81
6451 85
6450 15
6449 37
6448 17
6447 9
6446 49
6445 37
6444 10
6443 29
6442 31
6441 89
6440 68
6439 77
6438 14
6437 16
6436 5
6435 77
6434 84
6433 79
6432 75
6431 21
6430 42
6429 5
6428 14
6427 61
6426 26
6425 51
6424 27
6423 67
6422 72
6421 79
6420 8
6419 56
6418 3
6417 15
6416 20
6415 25
6414 21
6413 92
6412 20
6411 56
6410 93
6409 98
6408 17
6407 60
6406 43
6405 2
6404 55
6403 24
6402 5
6401 30
6400 14
6399 3
6398 30
6397 45
6396 79
6395 37
6394 27
6393 55
6392 1
6391 54
6390 18
6389 78
6388 0
6387 18
6386 61
6385 1
6384 90
6383 89
6382 61
6381 69
6380 64
6379 70
6378 8
6377 29
6376 78
6375 72
6374 0
6373 3
6372 10
6371 96
6370 84
6369 65
6368 69
6367 73
6366 73
6365 90
6364 81
6363 95
6362 93
6361 81
6360 51
6359 13
6358 54
6357 99
6356 9
6355 7
6354 99
6353 5
6352 83
6351 38
6350 70
6349 64
6348 60
6347 93
6346 25
6345 100
6344 17
6343 67
6342 8
6341 97
6340 32
6339 24
6338 71
6337 19
6336 43
6335 23
6334 28
6333 38
6332 57
6331 64
6330 96
6329 66
6328 21
6327 7
6326 47
6325 66
6324 0
6323 49
6322 96
6321 1
6320 30
6319 60
6318 0
6317 99
6316 53
6315 33
6314 21
6313 66
6312 91
6311 32
6310 43
6309 67
6308 16
6307 79
6306 61
6305 85
6304 46
6303 66
6302 44
6301 29
6300 34
6299 92
6298 6
6297 30
6296 96
6295 20
6294 30
6293 24
6292 32
6291 1
6290 45
6289 44
6288 57
6287 44
6286 78
6285 53
6284 21
6283 30
6282 30
6281 66
6280 39
6279 58
6278 69
6277 34
6276 79
6275 33
6274 78
6273 69
6272 26
6271 27
6270 99
6269 20
6268 40
6267 31
6266 10
6265 39
6264 57
6263 43
6262 76
6261 59
6260 73
6259 1
6258 76
6257 24
6256 75
6255 73
6254 46
6253 53
6252 35
6251 90
6250 39
6249 74
6248 15
6247 54
6246 27
6245 73
6244 17
6243 87
6242 76
6241 6
6240 50
6239 26
6238 60
6237 7
6236 86
6235 31
6234 41
6233 60
6232 30
6231 2
6230 88
6229 63
6228 4
6227 31
6226 69
6225 48
6224 95
6223 96
6222 80
6221 90
6220 80
6219 44
6218 72
6217 86
6216 72
6215 91
6214 51
6213 42
6212 25
6211 2
6210 55
6209 2
6208 48
6207 36
6206 34
6205 8
6204 66
6203 85
6202 17
6201 94
6200 47
6199 98
6198 10
6197 55
6196 44
6195 84
6194 56
6193 79
6192 50
6191 34
6190 57
6189 29
6188 75
6187 99
6186 24
6185 88
6184 67
6183 31
6182 42
6181 2
6180 15
6179 61
6178 23
6177 40
6176 66
6175 67
6174 66
6173 61
6172 90
6171 7
6170 30
6169 32
6168 25
6167 28
6166 53
6165 79
6164 24
6163 78
6162 16
6161 79
6160 89
6159 70
6158 89
6157 92
6156 0
6155 68
6154 84
6153 36
6152 0
6151 43
6150 22
6149 81
6148 87
6147 42
6146 34
6145 46
6144 47
6143 90
6142 88
6141 44
6140 4
6139 59
6138 33
6137 28
6136 19
6135 83
6134 56
6133 20
6132 28
6131 83
6130 17
6129 17
6128 61
6127 34
6126 79
6125 78
6124 89
6123 4
6122 23
6121 77
6120 34
6119 39
6118 59
6117 73
6116 21
6115 45
6114 44
6113 72
6112 28
6111 19
6110 94
6109 13
6108 45
6107 79
6106 71
6105 49
6104 7
6103 62
6102 11
6101 67
6100 13
6099 55
6098 15
6097 67
6096 65
6095 52
6094 47
6093 41
6092 86
6091 12
6090 35
6089 36
6088 44
6087 62
6086 69
6085 60
6084 6
6083 77
6082 38
6081 69
6080 60
6079 7
6078 94
6077 28
6076 72
6075 0
6074 94
6073 19
6072 9
6071 58
6070 31
6069 92
6068 94
6067 13
6066 39
6065 1
6064 58
6063 41
6062 70
6061 3
6060 46
6059 87
6058 14
6057 32
6056 59
6055 67
6054 86
6053 15
6052 23
6051 4
6050 89
6049 12
6048 46
6047 54
6046 25
6045 92
6044 15
6043 21
6042 39
6041 42
6040 32
6039 35
6038 66
6037 9
6036 38
6035 32
6034 6
6033 94
6032 0
6031 34
6030 98
6029 49
6028 95
6027 41
6026 30
6025 83
6024 55
6023 54
6022 43
6021 81
6020 0
6019 88
6018 30
6017 16
6016 69
6015 69
6014 80
6013 58
6012 28
6011 9
6010 88
6009 75
6008 57
6007 0
6006 92
6005 93
6004 33
6003 32
6002 10
6001 72
6000 11
5999 6
5998 49
5997 63
5996 95
5995 65
5994 14
5993 32
5992 84
5991 52
5990 92
5989 77
5988 32
5987 99
5986 49
5985 12
5984 66
5983 19
5982 51
5981 2
5980 49
5979 1
5978 72
5977 91
5976 49
5975 41
5974 3
5973 60
5972 90
5971 34
5970 81
5969 38
5968 42
5967 78
5966 46
5965 13
5964 42
5963 51
5962 58
5961 51
5960 8
5959 22
5958 27
5957 33
5956 58
5955 88
5954 18
5953 30
5952 67
5951 88
5950 69
5949 73
5948 75
5947 42
5946 44
5945 17
5944 79
5943 22
5942 95
5941 18
5940 85
5939 69
5938 46
5937 59
5936 26
5935 48
5934 4
5933 50
5932 41
5931 73
5930 7
5929 7
5928 18
5927 61
5926 87
5925 15
5924 36
5923 81
5922 7
5921 23
5920 10
5919 18
5918 51
5917 68
5916 80
5915 74
5914 4
5913 2
5912 29
5911 15
5910 45
5909 54
5908 46
5907 78
5906 3
5905 40
5904 71
5903 23
5902 51
5901 71
5900 66
5899 59
5898 31
5897 56
5896 82
5895 6
5894 92
5893 92
5892 28
5891 12
5890 51
5889 99
5888 87
5887 79
5886 42
5885 53
5884 74
5883 75
5882 54
5881 88
5880 45
5879 87
5878 34
5877 71
5876 41
5875 87
5874 23
5873 43
5872 31
5871 2
5870 100
5869 78
5868 68
5867 11
5866 42
5865 25
5864 2
5863 45
5862 23
5861 52
5860 96
5859 92
5858 78
5857 7
5856 59
5855 2
5854 2
5853 52
5852 100
5851 6
5850 34
5849 76
5848 47
5847 85
5846 90
5845 76
5844 37
5843 56
5842 62
5841 59
5840 29
5839 81
5838 33
5837 70
5836 12
5835 64
5834 100
5833 97
5832 29
5831 65
5830 12
5829 87
5828 43
5827 9
5826 7
5825 62
5824 84
5823 82
5822 88
5821 1
5820 22
5819 53
5818 41
5817 42
5816 6
5815 18
5814 99
5813 22
5812 63
5811 38
5810 77
5809 11
5808 50
5807 90
5806 95
5805 84
5804 23
5803 38
5802 72
5801 38
5800 57
5799 69
5798 61
5797 52
5796 11
5795 74
5794 9
5793 68
5792 70
5791 86
5790 43
5789 14
5788 7
5787 28
5786 7
5785 65
5784 24
5783 35
5782 15
5781 20
5780 58
5779 21
5778 9
5777 95
5776 47
5775 81
5774 55
5773 6
5772 86
5771 56
5770 67
5769 68
5768 83
5767 70
5766 45
5765 92
5764 18
5763 52
5762 48
5761 46
5760 42
5759 79
5758 52
5757 71
5756 28
5755 40
5754 68
5753 77
5752 78
5751 30
5750 12
5749 41
5748 71
5747 4
5746 83
5745 35
5744 0
5743 87
5742 30
5741 85
5740 58
5739 72
5738 65
5737 14
5736 27
5735 78
5734 19
5733 24
5732 76
5731 46
5730 46
5729 83
5728 40
5727 0
5726 0
5725 55
5724 98
5723 68
5722 31
5721 28
5720 61
5719 5
5718 8
5717 70
5716 86
5715 59
5714 59
5713 58
5712 80
5711 18
5710 74
5709 47
5708 49
5707 92
5706 49
5705 92
5704 69
5703 37
5702 60
5701 78
5700 93
5699 73
5698 81
5697 54
5696 51
5695 62
5694 36
5693 56
5692 64
5691 84
5690 91
5689 6
5688 26
5687 81
5686 17
5685 34
5684 2
5683 64
5682 43
5681 42
5680 88
5679 73
5678 8
5677 6
5676 33
5675 27
5674 4
5673 9
5672 17
5671 54
5670 55
5669 87
5668 87
5667 5
5666 10
5665 89
5664 52
5663 56
5662 68
5661 43
5660 96
5659 90
5658 14
5657 73
5656 28
5655 4
5654 10
5653 49
5652 74
5651 17
5650 82
5649 43
5648 49
5647 86
5646 74
5645 10
5644 92
5643 88
5642 17
5641 6
5640 28
5639 41
5638 28
5637 78
5636 47
5635 62
5634 63
5633 75
5632 21
5631 78
5630 28
5629 69
5628 26
5627 9
5626 9
5625 6
5624 100
5623 24
5622 28
5621 19
5620 28
5619 90
5618 49
5617 47
5616 47
5615 53
5614 20
5613 25
5612 68
5611 78
5610 8
5609 10
5608 56
5607 90
5606 71
5605 15
5604 80
5603 83
5602 48
5601 58
5600 12
5599 8
5598 81
5597 86
5596 61
5595 14
5594 27
5593 20
5592 87
5591 93
5590 2
5589 13
5588 52
5587 28
5586 50
5585 83
5584 69
5583 34
5582 72
5581 81
5580 80
5579 8
5578 67
5577 87
5576 53
5575 20
5574 80
5573 65
5572 92
5571 54
5570 18
5569 96
5568 9
5567 4
5566 20
5565 23
5564 7
5563 78
5562 44
5561 70
5560 61
5559 18
5558 64
5557 59
5556 91
5555 62
5554 81
5553 37
5552 61
5551 88
5550 43
5549 40
5548 72
5547 1
5546 14
5545 54
5544 41
5543 63
5542 39
5541 91
5540 31
5539 26
5538 95
5537 67
5536 45
5535 9
5534 84
5533 8
5532 71
5531 34
5530 91
5529 3
5528 56
5527 10
5526 33
5525 50
5524 6
5523 26
5522 14
5521 31
5520 68
5519 57
5518 25
5517 70
5516 71
5515 83
5514 9
5513 48
5512 87
5511 84
5510 37
5509 29
5508 37
5507 5
5506 92
5505 34
5504 25
5503 78
5502 89
5501 17
5500 35
5499 58
5498 38
5497 40
5496 75
5495 83
5494 88
5493 44
5492 63
5491 51
5490 27
5489 90
5488 82
5487 97
5486 90
5485 65
5484 72
5483 62
5482 14
5481 94
5480 90
5479 1
5478 92
5477 36
5476 38
5475 44
5474 3
5473 27
5472 20
5471 21
5470 51
5469 0
5468 10
5467 89
5466 22
5465 51
5464 91
5463 82
5462 16
5461 95
5460 58
5459 15
5458 70
5457 44
5456 31
5455 68
5454 29
5453 77
5452 56
5451 39
5450 97
5449 15
5448 77
5447 30
5446 87
5445 75
5444 64
5443 1
5442 83
5441 56
5440 32
5439 63
5438 28
5437 74
5436 67
5435 67
5434 44
5433 15
5432 20
5431 94
5430 51
5429 11
5428 48
5427 15
5426 29
5425 36
5424 95
5423 77
5422 18
5421 89
5420 25
5419 35
5418 95
5417 64
5416 37
5415 33
5414 1
5413 76
5412 70
5411 72
5410 94
5409 34
5408 27
5407 85
5406 39
5405 83
5404 38
5403 61
5402 42
5401 61
5400 96
5399 59
5398 16
5397 68
5396 98
5395 39
5394 12
5393 41
5392 74
5391 30
5390 72
5389 39
5388 83
5387 71
5386 92
5385 45
5384 96
5383 3
5382 35
5381 43
5380 45
5379 82
5378 43
5377 98
5376 8
5375 83
5374 48
5373 34
5372 40
5371 62
5370 13
5369 94
5368 28
5367 1
5366 91
5365 13
5364 83
5363 27
5362 85
5361 0
5360 100
5359 54
5358 64
5357 50
5356 68
5355 78
5354 83
5353 64
5352 99
5351 33
5350 48
5349 91
5348 99
5347 58
5346 96
5345 79
5344 20
5343 46
5342 24
5341 34
5340 92
5339 72
5338 100
5337 4
5336 83
5335 3
5334 22
5333 84
5332 47
5331 32
5330 56
5329 36
5328 65
5327 93
5326 77
5325 6
5324 81
5323 90
5322 45
5321 43
5320 40
5319 98
5318 60
5317 65
5316 95
5315 61
5314 33
5313 66
5312 30
5311 12
5310 25
5309 88
5308 88
5307 95
5306 100
5305 67
5304 8
5303 95
5302 17
5301 81
5300 85
5299 29
5298 74
5297 80
5296 16
5295 81
5294 70
5293 75
5292 12
5291 35
5290 72
5289 42
5288 21
5287 98
5286 82
5285 28
5284 33
5283 20
5282 56
5281 86
5280 76
5279 48
5278 34
5277 12
5276 72
5275 88
5274 30
5273 84
5272 77
5271 86
5270 54
5269 40
5268 75
5267 69
5266 6
5265 47
5264 83
5263 63
5262 83
5261 40
5260 75
5259 72
5258 49
5257 37
5256 0
5255 23
5254 85
5253 98
5252 80
5251 44
5250 38
5249 8
5248 15
5247 98
5246 46
5245 13
5244 33
5243 19
5242 30
5241 46
5240 43
5239 42
5238 31
5237 81
5236 78
5235 40
5234 85
5233 27
5232 87
5231 10
5230 65
5229 42
5228 71
5227 24
5226 19
5225 58
5224 96
5223 36
5222 46
5221 5
5220 38
5219 53
5218 23
5217 39
5216 18
5215 37
5214 76
5213 32
5212 28
5211 72
5210 69
5209 20
5208 16
5207 15
5206 50
5205 68
5204 76
5203 72
5202 95
5201 48
5200 29
5199 92
5198 100
5197 5
5196 89
5195 32
5194 27
5193 79
5192 83
5191 3
5190 41
5189 58
5188 47
5187 95
5186 2
5185 67
5184 22
5183 22
5182 14
5181 59
5180 62
5179 67
5178 31
5177 39
5176 25
5175 7
5174 92
5173 95
5172 84
5171 24
5170 90
5169 58
5168 63
5167 41
5166 13
5165 35
5164 43
5163 66
5162 16
5161 50
5160 19
5159 95
5158 91
5157 5
5156 12
5155 87
5154 4
5153 68
5152 32
5151 37
5150 46
5149 27
5148 66
5147 37
5146 50
5145 28
5144 45
5143 58
5142 60
5141 7
5140 69
5139 5
5138 32
5137 26
5136 28
5135 74
5134 99
5133 92
5132 40
5131 19
5130 44
5129 68
5128 89
5127 54
5126 2
5125 50
5124 56
5123 63
5122 99
5121 95
5120 14
5119 80
5118 7
5117 63
5116 98
5115 4
5114 74
5113 26
5112 69
5111 2
5110 54
5109 90
5108 3
5107 20
5106 11
5105 9
5104 89
5103 75
5102 43
5101 87
5100 56
5099 40
5098 10
5097 23
5096 34
5095 69
5094 37
5093 29
5092 23
5091 88
5090 6
5089 25
5088 70
5087 42
5086 7
5085 51
5084 73
5083 16
5082 10
5081 85
5080 96
5079 81
5078 80
5077 12
5076 29
5075 2
5074 95
5073 49
5072 90
5071 0
5070 98
5069 79
5068 0
5067 68
5066 41
5065 64
5064 57
5063 24
5062 91
5061 40
5060 19
5059 42
5058 42
5057 28
5056 4
5055 96
5054 99
5053 90
5052 17
5051 20
5050 52
5049 21
5048 1
5047 24
5046 19
5045 18
5044 55
5043 24
5042 91
5041 98
5040 12
5039 78
5038 40
5037 87
5036 33
5035 75
5034 53
5033 91
5032 68
5031 7
5030 45
5029 5
5028 76
5027 4
5026 5
5025 22
5024 9
5023 69
5022 58
5021 27
5020 85
5019 65
5018 4
5017 54
5016 62
5015 54
5014 97
5013 72
5012 68
5011 42
5010 0
5009 42
5008 96
5007 88
5006 92
5005 78
5004 1
5003 84
5002 65
5001 35
5000 94
4999 69
4998 60
4997 5
4996 84
4995 11
4994 14
4993 53
4992 36
4991 39
4990 35
4989 32
4988 25
4987 1
4986 20
4985 62
4984 20
4983 56
4982 87
4981 38
4980 38
4979 100
4978 68
4977 61
4976 46
4975 54
4974 1
4973 74
4972 52
4971 87
4970 71
4969 79
4968 51
4967 74
4966 35
4965 98
4964 91
4963 8
4962 69
4961 92
4960 51
4959 38
4958 78
4957 25
4956 61
4955 10
4954 88
4953 77
4952 39
4951 43
4950 6
4949 97
4948 44
4947 91
4946 3
4945 69
4944 80
4943 9
4942 55
4941 90
4940 10
4939 78
4938 50
4937 16
4936 63
4935 34
4934 89
4933 27
4932 61
4931 43
4930 64
4929 27
4928 50
4927 74
4926 74
4925 93
4924 39
4923 71
4922 11
4921 22
4920 37
4919 20
4918 90
4917 23
4916 89
4915 13
4914 36
4913 36
4912 60
4911 60
4910 41
4909 27
4908 29
4907 15
4906 37
4905 23
4904 84
4903 3
4902 28
4901 95
4900 59
4899 60
4898 48
4897 72
4896 57
4895 43
4894 55
4893 62
4892 25
4891 13
4890 86
4889 73
4888 75
4887 66
4886 72
4885 29
4884 68
4883 98
4882 54
4881 61
4880 27
4879 6
4878 92
4877 80
4876 96
4875 33
4874 1
4873 6
4872 99
4871 13
4870 76
4869 83
4868 16
4867 95
4866 68
4865 63
4864 9
4863 81
4862 77
4861 79
4860 12
4859 83
4858 26
4857 21
4856 51
4855 28
4854 30
4853 75
4852 30
4851 99
4850 33
4849 50
4848 30
4847 59
4846 95
4845 42
4844 26
4843 82
4842 54
4841 22
4840 30
4839 81
4838 88
4837 68
4836 4
4835 2
4834 80
4833 16
4832 29
4831 9
4830 55
4829 63
4828 65
4827 58
4826 24
4825 15
4824 23
4823 31
4822 64
4821 44
4820 92
4819 20
4818 49
4817 48
4816 8
4815 40
4814 55
4813 100
4812 42
4811 87
4810 92
4809 80
4808 50
4807 85
4806 24
4805 96
4804 59
4803 97
4802 90
4801 33
4800 86
4799 20
4798 27
4797 22
4796 82
4795 6
4794 71
4793 54
4792 39
4791 22
4790 32
4789 82
4788 8
4787 100
4786 13
4785 78
4784 14
4783 84
4782 73
4781 1
4780 23
4779 38
4778 71
4777 47
4776 3
4775 45
4774 48
4773 10
4772 17
4771 43
4770 26
4769 67
4768 2
4767 86
4766 87
4765 82
4764 91
4763 69
4762 19
4761 91
4760 53
4759 77
4758 65
4757 5
4756 64
4755 73
4754 2
4753 1
4752 93
4751 49
4750 15
4749 6
4748 67
4747 86
4746 58
4745 32
4744 73
4743 79
4742 78
4741 76
4740 6
4739 68
4738 64
4737 4
4736 65
4735 46
4734 14
4733 69
4732 34
4731 7
4730 62
4729 41
4728 53
4727 35
4726 58
4725 6
4724 91
4723 54
4722 30
4721 53
4720 15
4719 11
4718 53
4717 74
4716 71
4715 46
4714 27
4713 48
4712 44
4711 18
4710 65
4709 14
4708 39
4707 94
4706 100
4705 11
4704 67
4703 85
4702 91
4701 12
4700 47
4699 19
4698 51
4697 12
4696 80
4695 99
4694 58
4693 89
4692 35
4691 92
4690 51
4689 19
4688 62
4687 88
4686 56
4685 66
4684 26
4683 49
4682 21
4681 9
4680 23
4679 6
4678 93
4677 16
4676 95
4675 49
4674 61
4673 23
4672 21
4671 15
4670 96
4669 7
4668 32
4667 81
4666 84
4665 49
4664 89
4663 87
4662 80
4661 2
4660 56
4659 95
4658 46
4657 6
4656 41
4655 7
4654 82
4653 31
4652 78
4651 45
4650 80
4649 14
4648 52
4647 27
4646 34
4645 92
4644 44
4643 73
4642 46
4641 70
4640 51
4639 56
4638 92
4637 51
4636 23
4635 58
4634 42
4633 67
4632 26
4631 32
4630 87
4629 85
4628 32
4627 10
4626 37
4625 16
4624 19
4623 62
4622 63
4621 27
4620 78
4619 71
4618 63
4617 32
4616 72
4615 40
4614 95
4613 89
4612 60
4611 32
4610 22
4609 71
4608 71
4607 18
4606 62
4605 9
4604 39
4603 45
4602 68
4601 62
4600 96
4599 26
4598 42
4597 52
4596 41
4595 74
4594 9
4593 65
4592 82
4591 52
4590 47
4589 29
4588 87
4587 38
4586 58
4585 30
4584 53
4583 84
4582 21
4581 98
4580 37
4579 95
4578 24
4577 40
4576 89
4575 47
4574 35
4573 63
4572 46
4571 71
4570 14
4569 16
4568 2
4567 68
4566 56
4565 40
4564 45
4563 73
4562 34
4561 24
4560 9
4559 58
4558 73
4557 38
4556 31
4555 6
4554 94
4553 83
4552 76
4551 55
4550 93
4549 86
4548 95
4547 51
4546 49
4545 97
4544 59
4543 5
4542 59
4541 81
4540 91
4539 66
4538 6
4537 76
4536 8
4535 8
4534 92
4533 62
4532 47
4531 83
4530 41
4529 34
4528 25
4527 66
4526 34
4525 47
4524 40
4523 52
4522 52
4521 84
4520 11
4519 19
4518 66
4517 10
4516 91
4515 56
4514 5
4513 35
4512 21
4511 54
4510 27
4509 68
4508 11
4507 96
4506 81
4505 90
4504 52
4503 50
4502 10
4501 45
4500 86
4499 19
4498 11
4497 38
4496 40
4495 22
4494 9
4493 73
4492 69
4491 86
4490 16
4489 41
4488 79
4487 99
4486 90
4485 68
4484 19
4483 89
4482 12
4481 54
4480 2
4479 0
4478 28
4477 45
4476 0
4475 62
4474 20
4473 56
4472 63
4471 89
4470 15
4469 19
4468 4
4467 28
4466 27
4465 85
4464 49
4463 84
4462 80
4461 11
4460 40
4459 71
4458 82
4457 72
4456 78
4455 86
4454 27
4453 95
4452 23
4451 2
4450 67
4449 71
4448 52
4447 5
4446 45
4445 43
4444 61
4443 95
4442 56
4441 67
4440 81
4439 37
4438 19
4437 52
4436 91
4435 57
4434 40
4433 27
4432 32
4431 11
4430 48
4429 26
4428 9
4427 84
4426 40
4425 53
4424 63
4423 80
4422 82
4421 59
4420 83
4419 85
4418 100
4417 90
4416 91
4415 75
4414 42
4413 83
4412 22
4411 81
4410 12
4409 18
4408 42
4407 87
4406 20
4405 3
4404 24
4403 34
4402 63
4401 85
4400 47
4399 37
4398 11
4397 23
4396 67
4395 9
4394 93
4393 30
4392 23
4391 39
4390 35
4389 39
4388 20
4387 75
4386 7
4385 94
4384 89
4383 27
4382 32
4381 37
4380 22
4379 19
4378 62
4377 93
4376 20
4375 92
4374 67
4373 88
4372 27
4371 27
4370 48
4369 67
4368 52
4367 16
4366 36
4365 65
4364 43
4363 85
4362 99
4361 22
4360 3
4359 89
4358 84
4357 36
4356 88
4355 97
4354 35
4353 57
4352 79
4351 16
4350 38
4349 60
4348 1
4347 50
4346 56
4345 1
4344 85
4343 58
4342 29
4341 27
4340 54
4339 39
4338 21
4337 32
4336 14
4335 7
4334 84
4333 66
4332 16
4331 36
4330 87
4329 86
4328 0
4327 54
4326 59
4325 66
4324 97
4323 86
4322 63
4321 51
4320 52
4319 5
4318 99
4317 18
4316 42
4315 1
4314 91
4313 5
4312 6
4311 52
4310 28
4309 16
4308 87
4307 91
4306 36
4305 67
4304 37
4303 68
4302 76
4301 31
4300 17
4299 38
4298 11
4297 95
4296 69
4295 2
4294 10
4293 48
4292 2
4291 86
4290 13
4289 26
4288 72
4287 85
4286 34
4285 56
4284 16
4283 10
4282 66
4281 62
4280 12
4279 42
4278 37
4277 68
4276 74
4275 39
4274 16
4273 75
4272 17
4271 22
4270 38
4269 77
4268 7
4267 59
4266 62
4265 33
4264 95
4263 26
4262 38
4261 50
4260 29
4259 47
4258 35
4257 33
4256 9
4255 43
4254 89
4253 69
4252 43
4251 2
4250 25
4249 38
4248 91
4247 72
4246 71
4245 5
4244 1
4243 10
4242 88
4241 16
4240 24
4239 43
4238 24
4237 16
4236 85
4235 36
4234 16
4233 93
4232 88
4231 53
4230 87
4229 88
4228 10
4227 31
4226 69
4225 46
4224 35
4223 25
4222 71
4221 73
4220 20
4219 47
4218 37
4217 0
4216 47
4215 90
4214 89
4213 15
4212 70
4211 6
4210 24
4209 24
4208 93
4207 65
4206 84
4205 11
4204 69
4203 100
4202 92
4201 43
4200 70
4199 5
4198 99
4197 51
4196 11
4195 75
4194 21
4193 62
4192 91
4191 67
4190 69
4189 23
4188 39
4187 55
4186 87
4185 96
4184 73
4183 46
4182 46
4181 67
4180 20
4179 59
4178 29
4177 68
4176 52
4175 15
4174 30
4173 46
4172 73
4171 89
4170 22
4169 88
4168 42
4167 54
4166 81
4165 56
4164 67
4163 33
4162 23
4161 1
4160 93
4159 48
4158 55
4157 14
4156 66
4155 0
4154 35
4153 6
4152 98
4151 86
4150 91
4149 94
4148 83
4147 22
4146 57
4145 28
4144 42
4143 15
4142 75
4141 29
4140 59
4139 94
4138 87
4137 87
4136 33
4135 15
4134 72
4133 78
4132 64
4131 17
4130 31
4129 82
4128 5
4127 33
4126 13
4125 7
4124 42
4123 56
4122 36
4121 2
4120 94
4119 97
4118 81
4117 79
4116 81
4115 14
4114 30
4113 63
4112 3
4111 89
4110 83
4109 66
4108 47
4107 49
4106 84
4105 59
4104 77
4103 15
4102 25
4101 56
4100 66
4099 7
4098 44
4097 64
4096 21
4095 89
4094 13
4093 75
4092 90
4091 95
4090 9
4089 97
4088 57
4087 33
4086 40
4085 65
4084 26
4083 65
4082 6
4081 99
4080 12
4079 46
4078 50
4077 42
4076 7
4075 53
4074 20
4073 92
4072 35
4071 62
4070 24
4069 73
4068 2
4067 22
4066 64
4065 0
4064 79
4063 56
4062 75
4061 96
4060 93
4059 29
4058 73
4057 1
4056 14
4055 84
4054 45
4053 75
4052 99
4051 14
4050 43
4049 62
4048 98
4047 51
4046 95
4045 85
4044 36
4043 40
4042 35
4041 1
4040 5
4039 52
4038 74
4037 72
4036 15
4035 41
4034 38
4033 62
4032 73
4031 3
4030 84
4029 73
4028 26
4027 48
4026 5
4025 15
4024 1
4023 91
4022 10
4021 52
4020 89
4019 39
4018 67
4017 65
4016 34
4015 13
4014 83
4013 78
4012 84
4011 13
4010 8
4009 53
4008 16
4007 12
4006 62
4005 56
4004 74
4003 44
4002 77
4001 93
4000 19
3999 97
3998 55
3997 67
3996 53
3995 74
3994 58
3993 83
3992 100
3991 7
3990 98
3989 44
3988 87
3987 43
3986 84
3985 60
3984 11
3983 2
3982 41
3981 39
3980 38
3979 29
3978 92
3977 42
3976 48
3975 87
3974 2
3973 46
3972 84
3971 2
3970 59
3969 13
3968 42
3967 50
3966 24
3965 90
3964 42
3963 98
3962 67
3961 53
3960 12
3959 6
3958 38
3957 73
3956 37
3955 74
3954 91
3953 90
3952 23
3951 99
3950 73
3949 21
3948 20
3947 9
3946 85
3945 36
3944 53
3943 50
3942 42
3941 31
3940 0
3939 25
3938 41
3937 93
3936 5
3935 68
3934 53
3933 8
3932 51
3931 68
3930 88
3929 2
3928 8
3927 34
3926 70
3925 82
3924 36
3923 97
3922 95
3921 64
3920 91
3919 54
3918 21
3917 18
3916 0
3915 3
3914 63
3913 70
3912 83
3911 71
3910 81
3909 8
3908 31
3907 82
3906 20
3905 52
3904 8
3903 59
3902 84
3901 81
3900 98
3899 89
3898 56
3897 99
3896 88
3895 38
3894 58
3893 41
3892 68
3891 67
3890 0
3889 6
3888 74
3887 55
3886 83
3885 56
3884 33
3883 13
3882 61
3881 75
3880 94
3879 34
3878 59
3877 44
3876 68
3875 92
3874 34
3873 17
3872 64
3871 44
3870 22
3869 61
3868 26
3867 2
3866 71
3865 23
3864 58
3863 85
3862 58
3861 26
3860 11
3859 20
3858 4
3857 23
3856 54
3855 37
3854 48
3853 16
3852 8
3851 100
3850 31
3849 59
3848 25
3847 74
3846 94
3845 34
3844 98
3843 16
3842 53
3841 38
3840 59
3839 38
3838 64
3837 41
3836 67
3835 13
3834 8
3833 6
3832 9
3831 39
3830 70
3829 82
3828 87
3827 39
3826 59
3825 47
3824 68
3823 64
3822 78
3821 52
3820 25
3819 89
3818 91
3817 55
3816 52
3815 43
3814 10
3813 5
3812 21
3811 48
3810 40
3809 43
3808 43
3807 22
3806 75
3805 1
3804 57
3803 38
3802 21
3801 84
3800 76
3799 43
3798 63
3797 33
3796 46
3795 94
3794 8
3793 94
3792 16
3791 58
3790 96
3789 37
3788 78
3787 57
3786 54
3785 17
3784 8
3783 53
3782 94
3781 62
3780 93
3779 79
3778 100
3777 70
3776 70
3775 93
3774 68
3773 21
3772 82
3771 89
3770 71
3769 30
3768 47
3767 91
3766 27
3765 87
3764 54
3763 24
3762 30
3761 66
3760 54
3759 63
3758 83
3757 68
3756 96
3755 12
3754 45
3753 94
3752 59
3751 14
3750 97
3749 100
3748 66
3747 57
3746 27
3745 68
3744 13
3743 3
3742 46
3741 71
3740 52
3739 87
3738 79
3737 24
3736 34
3735 92
3734 62
3733 32
3732 64
3731 79
3730 45
3729 12
3728 18
3727 87
3726 33
3725 32
3724 35
3723 98
3722 27
3721 100
3720 74
3719 22
3718 75
3717 99
3716 63
3715 58
3714 23
3713 41
3712 24
3711 78
3710 52
3709 87
3708 65
3707 41
3706 6
3705 11
3704 40
3703 7
3702 19
3701 43
3700 42
3699 76
3698 69
3697 85
3696 80
3695 54
3694 97
3693 76
3692 56
3691 81
3690 89
3689 12
3688 75
3687 38
3686 39
3685 20
3684 17
3683 49
3682 100
3681 85
3680 50
3679 80
3678 86
3677 45
3676 67
3675 22
3674 59
3673 7
3672 92
3671 7
3670 97
3669 78
3668 19
3667 62
3666 95
3665 86
3664 61
3663 29
3662 60
3661 54
3660 17
3659 67
3658 68
3657 67
3656 98
3655 12
3654 37
3653 17
3652 31
3651 61
3650 84
3649 76
3648 70
3647 67
3646 56
3645 10
3644 98
3643 38
3642 17
3641 27
3640 43
3639 92
3638 74
3637 42
3636 95
3635 68
3634 59
3633 96
3632 78
3631 15
3630 8
3629 88
3628 54
3627 9
3626 77
3625 96
3624 87
3623 46
3622 91
3621 3
3620 84
3619 56
3618 53
3617 89
3616 18
3615 61
3614 38
3613 8
3612 9
3611 38
3610 55
3609 58
3608 9
3607 45
3606 100
3605 58
3604 65
3603 14
3602 34
3601 78
3600 82
3599 98
3598 61
3597 76
3596 75
3595 95
3594 25
3593 48
3592 72
3591 53
3590 50
3589 18
3588 15
3587 7
3586 99
3585 98
3584 55
3583 26
3582 66
3581 16
3580 98
3579 83
3578 94
3577 94
3576 100
3575 81
3574 60
3573 88
3572 74
3571 26
3570 27
3569 61
3568 56
3567 92
3566 24
3565 32
3564 47
3563 97
3562 46
3561 80
3560 43
3559 59
3558 12
3557 76
3556 65
3555 68
3554 85
3553 63
3552 40
3551 45
3550 22
3549 76
3548 5
3547 10
3546 33
3545 1
3544 78
3543 50
3542 98
3541 98
3540 83
3539 19
3538 57
3537 10
3536 82
3535 3
3534 14
3533 30
3532 91
3531 82
3530 87
3529 23
3528 44
3527 12
3526 95
3525 74
3524 82
3523 88
3522 35
3521 12
3520 4
3519 64
3518 71
3517 60
3516 38
3515 3
3514 92
3513 100
3512 3
3511 85
3510 72
3509 88
3508 33
3507 9
3506 96
3505 32
3504 96
3503 23
3502 31
3501 25
3500 36
3499 71
3498 98
3497 98
3496 66
3495 89
3494 97
3493 32
3492 54
3491 84
3490 24
3489 42
3488 64
3487 66
3486 56
3485 85
3484 23
3483 13
3482 89
3481 20
3480 85
3479 26
3478 15
3477 49
3476 29
3475 49
3474 47
3473 43
3472 10
3471 73
3470 2
3469 50
3468 57
3467 86
3466 65
3465 63
3464 83
3463 3
3462 47
3461 6
3460 85
3459 69
3458 20
3457 36
3456 68
3455 17
3454 2
3453 83
3452 44
3451 95
3450 99
3449 94
3448 53
3447 57
3446 84
3445 18
3444 45
3443 55
3442 73
3441 64
3440 60
3439 18
3438 80
3437 66
3436 24
3435 99
3434 31
3433 81
3432 30
3431 34
3430 90
3429 45
3428 84
3427 19
3426 100
3425 46
3424 50
3423 75
3422 52
3421 62
3420 86
3419 23
3418 92
3417 9
3416 17
3415 28
3414 7
3413 76
3412 51
3411 5
3410 42
3409 51
3408 47
3407 62
3406 72
3405 15
3404 50
3403 52
3402 59
3401 26
3400 63
3399 2
3398 37
3397 17
3396 34
3395 39
3394 84
3393 53
3392 52
3391 28
3390 38
3389 47
3388 57
3387 57
3386 29
3385 67
3384 98
3383 79
3382 81
3381 95
3380 97
3379 46
3378 100
3377 51
3376 77
3375 1
3374 95
3373 25
3372 69
3371 56
3370 86
3369 25
3368 4
3367 38
3366 72
3365 52
3364 46
3363 73
3362 48
3361 26
3360 50
3359 76
3358 62
3357 5
3356 15
3355 18
3354 25
3353 47
3352 20
3351 85
3350 36
3349 99
3348 50
3347 50
3346 26
3345 23
3344 99
3343 82
3342 91
3341 80
3340 93
3339 84
3338 91
3337 23
3336 55
3335 5
3334 12
3333 78
3332 87
3331 31
3330 51
3329 95
3328 81
3327 36
3326 33
3325 2
3324 51
3323 85
3322 0
3321 22
3320 8
3319 8
3318 30
3317 15
3316 62
3315 38
3314 50
3313 25
3312 93
3311 34
3310 4
3309 88
3308 56
3307 51
3306 86
3305 75
3304 100
3303 67
3302 27
3301 12
3300 91
3299 15
3298 33
3297 80
3296 80
3295 53
3294 22
3293 100
3292 61
3291 35
3290 15
3289 68
3288 47
3287 37
3286 19
3285 27
3284 79
3283 96
3282 14
3281 57
3280 35
3279 37
3278 24
3277 74
3276 8
3275 92
3274 80
3273 94
3272 22
3271 96
3270 85
3269 13
3268 24
3267 43
3266 71
3265 49
3264 47
3263 75
3262 72
3261 77
3260 82
3259 62
3258 16
3257 74
3256 5
3255 91
3254 69
3253 90
3252 50
3251 80
3250 63
3249 44
3248 78
3247 11
3246 41
3245 96
3244 67
3243 77
3242 0
3241 100
3240 100
3239 9
3238 73
3237 86
3236 88
3235 10
3234 73
3233 53
3232 86
3231 94
3230 17
3229 41
3228 58
3227 52
3226 17
3225 22
3224 0
3223 82
3222 97
3221 18
3220 23
3219 88
3218 21
3217 6
3216 3
3215 32
3214 48
3213 71
3212 2
3211 43
3210 67
3209 16
3208 61
3207 20
3206 38
3205 77
3204 37
3203 89
3202 23
3201 25
3200 52
3199 20
3198 75
3197 88
3196 20
3195 31
3194 97
3193 3
3192 50
3191 17
3190 47
3189 29
3188 96
3187 87
3186 91
3185 36
3184 94
3183 3
3182 19
3181 73
3180 37
3179 18
3178 75
3177 37
3176 66
3175 12
3174 80
3173 32
3172 17
3171 20
3170 37
3169 33
3168 29
3167 96
3166 34
3165 79
3164 9
3163 98
3162 64
3161 60
3160 0
3159 21
3158 93
3157 98
3156 49
3155 4
3154 1
3153 93
3152 7
3151 21
3150 1
3149 16
3148 31
3147 31
3146 35
3145 76
3144 83
3143 6
3142 99
3141 44
3140 14
3139 62
3138 63
3137 12
3136 12
3135 63
3134 43
3133 16
3132 10
3131 34
3130 37
3129 39
3128 52
3127 89
3126 76
3125 25
3124 17
3123 44
3122 84
3121 72
3120 13
3119 66
3118 13
3117 14
3116 45
3115 53
3114 98
3113 49
3112 8
3111 34
3110 15
3109 79
3108 14
3107 39
3106 64
3105 35
3104 67
3103 76
3102 13
3101 87
3100 93
3099 9
3098 67
3097 4
3096 8
3095 96
3094 35
3093 98
3092 99
3091 28
3090 100
3089 68
3088 14
3087 77
3086 18
3085 77
3084 1
3083 78
3082 87
3081 84
3080 33
3079 50
3078 57
3077 10
3076 77
3075 69
3074 13
3073 21
3072 46
3071 75
3070 11
3069 41
3068 29
3067 75
3066 92
3065 61
3064 9
3063 88
3062 83
3061 53
3060 100
3059 36
3058 55
3057 62
3056 77
3055 65
3054 91
3053 64
3052 47
3051 81
3050 27
3049 79
3048 10
3047 19
3046 21
3045 100
3044 68
3043 16
3042 69
3041 47
3040 27
3039 61
3038 59
3037 52
3036 58
3035 99
3034 48
3033 27
3032 11
3031 13
3030 28
3029 97
3028 91
3027 65
3026 6
3025 46
3024 44
3023 75
3022 34
3021 8
3020 20
3019 80
3018 46
3017 33
3016 32
3015 58
3014 50
3013 70
3012 19
3011 82
3010 26
3009 32
3008 99
3007 68
3006 73
3005 26
3004 57
3003 32
3002 15
3001 1
3000 43
2999 29
2998 9
2997 73
2996 97
2995 26
2994 47
2993 10
2992 24
2991 73
2990 40
2989 20
2988 16
2987 69
2986 34
2985 61
2984 82
2983 7
2982 1
2981 0
2980 91
2979 40
2978 15
2977 64
2976 71
2975 75
2974 99
2973 0
2972 53
2971 95
2970 31
2969 35
2968 27
2967 64
2966 23
2965 41
2964 32
2963 92
2962 61
2961 85
2960 27
2959 91
2958 27
2957 32
2956 49
2955 95
2954 51
2953 69
2952 33
2951 11
2950 38
2949 20
2948 23
2947 19
2946 90
2945 23
2944 9
2943 42
2942 22
2941 99
2940 85
2939 44
2938 98
2937 64
2936 72
2935 49
2934 19
2933 81
2932 32
2931 73
2930 14
2929 94
2928 2
2927 5
2926 20
2925 31
2924 65
2923 33
2922 48
2921 59
2920 73
2919 63
2918 47
2917 82
2916 32
2915 49
2914 73
2913 51
2912 80
2911 87
2910 11
2909 65
2908 34
2907 20
2906 14
2905 23
2904 11
2903 5
2902 50
2901 65
2900 67
2899 28
2898 87
2897 23
2896 45
2895 64
2894 82
2893 90
2892 34
2891 78
2890 10
2889 22
2888 21
2887 95
2886 72
2885 66
2884 55
2883 11
2882 6
2881 58
2880 54
2879 92
2878 25
2877 26
2876 40
2875 76
2874 93
2873 40
2872 4
2871 100
2870 40
2869 59
2868 85
2867 60
2866 37
2865 0
2864 50
2863 73
2862 71
2861 50
2860 99
2859 99
2858 51
2857 28
2856 3
2855 27
2854 14
2853 72
2852 98
2851 59
2850 66
2849 62
2848 2
2847 10
2846 5
2845 98
2844 13
2843 55
2842 79
2841 21
2840 42
2839 55
2838 61
2837 65
2836 73
2835 38
2834 13
2833 21
2832 40
2831 9
2830 7
2829 20
2828 74
2827 77
2826 12
2825 2
2824 53
2823 41
2822 14
2821 72
2820 55
2819 35
2818 21
2817 6
2816 34
2815 41
2814 14
2813 49
2812 40
2811 12
2810 24
2809 80
2808 3
2807 30
2806 96
2805 46
2804 7
2803 58
2802 25
2801 26
2800 48
2799 99
2798 79
2797 78
2796 24
2795 1
2794 35
2793 35
2792 30
2791 30
2790 96
2789 79
2788 79
2787 94
2786 54
2785 14
2784 63
2783 1
2782 65
2781 54
2780 17
2779 94
2778 52
2777 57
2776 6
2775 95
2774 13
2773 69
2772 26
2771 48
2770 96
2769 51
2768 35
2767 2
2766 57
2765 14
2764 73
2763 56
2762 24
2761 78
2760 70
2759 13
2758 94
2757 16
2756 59
2755 29
2754 43
2753 46
2752 26
2751 67
2750 72
2749 63
2748 71
2747 79
2746 8
2745 55
2744 18
2743 26
2742 26
2741 65
2740 28
2739 12
2738 80
2737 64
2736 62
2735 83
2734 2
2733 70
2732 81
2731 97
2730 51
2729 1
2728 92
2727 66
2726 48
2725 34
2724 53
2723 98
2722 0
2721 29
2720 55
2719 44
2718 78
2717 86
2716 47
2715 61
2714 92
2713 54
2712 43
2711 11
2710 1
2709 96
2708 17
2707 97
2706 19
2705 78
2704 96
2703 70
2702 96
2701 34
2700 88
2699 43
2698 56
2697 16
2696 23
2695 2
2694 43
2693 60
2692 66
2691 12
2690 93
2689 30
2688 30
2687 46
2686 46
2685 7
2684 85
2683 53
2682 78
2681 18
2680 67
2679 40
2678 40
2677 16
2676 84
2675 83
2674 77
2673 80
2672 73
2671 79
2670 62
2669 99
2668 34
2667 73
2666 15
2665 44
2664 25
2663 85
2662 15
2661 97
2660 70
2659 77
2658 95
2657 56
2656 98
2655 95
2654 93
2653 46
2652 93
2651 56
2650 38
2649 47
2648 74
2647 55
2646 87
2645 38
2644 59
2643 74
2642 65
2641 71
2640 0
2639 61
2638 29
2637 49
2636 34
2635 29
2634 46
2633 89
2632 1
2631 15
2630 69
2629 85
2628 11
2627 81
2626 75
2625 9
2624 98
2623 100
2622 16
2621 36
2620 3
2619 33
2618 79
2617 47
2616 23
2615 47
2614 46
2613 89
2612 41
2611 46
2610 53
2609 20
2608 36
2607 67
2606 6
2605 74
2604 30
2603 87
2602 41
2601 67
2600 0
2599 82
2598 2
2597 81
2596 63
2595 2
2594 6
2593 28
2592 51
2591 88
2590 35
2589 96
2588 74
2587 8
2586 12
2585 92
2584 64
2583 24
2582 48
2581 73
2580 60
2579 86
2578 72
2577 36
2576 16
2575 18
2574 62
2573 11
2572 11
2571 5
2570 5
2569 57
2568 10
2567 96
2566 4
2565 7
2564 87
2563 43
2562 10
2561 83
2560 97
2559 55
2558 57
2557 47
2556 62
2555 32
2554 17
2553 19
2552 14
2551 64
2550 27
2549 29
2548 80
2547 59
2546 33
2545 76
2544 27
2543 84
2542 55
2541 86
2540 99
2539 84
2538 62
2537 18
2536 78
2535 78
2534 88
2533 42
2532 85
2531 31
2530 28
2529 0
2528 18
2527 61
2526 85
2525 25
2524 5
2523 44
2522 18
2521 67
2520 4
2519 44
2518 91
2517 94
2516 12
2515 75
2514 80
2513 10
2512 91
2511 37
2510 75
2509 70
2508 31
2507 48
2506 19
2505 24
2504 12
2503 0
2502 33
2501 8
2500 90
2499 0
2498 56
2497 1
2496 25
2495 8
2494 24
2493 39
2492 58
2491 0
2490 72
2489 71
2488 88
2487 84
2486 56
2485 79
2484 96
2483 5
2482 69
2481 100
2480 88
2479 13
2478 56
2477 14
2476 24
2475 54
2474 46
2473 33
2472 61
2471 56
2470 9
2469 89
2468 74
2467 92
2466 78
2465 96
2464 13
2463 10
2462 0
2461 14
2460 52
2459 65
2458 59
2457 1
2456 18
2455 1
2454 50
2453 73
2452 49
2451 38
2450 42
2449 45
2448 72
2447 83
2446 1
2445 67
2444 57
2443 28
2442 42
2441 75
2440 59
2439 64
2438 58
2437 61
2436 1
2435 68
2434 54
2433 35
2432 57
2431 69
2430 65
2429 28
2428 20
2427 100
2426 91
2425 96
2424 62
2423 12
2422 11
2421 54
2420 67
2419 45
2418 15
2417 57
2416 86
2415 62
2414 97
2413 88
2412 35
2411 74
2410 5
2409 37
2408 12
2407 90
2406 60
2405 87
2404 69
2403 23
2402 20
2401 21
2400 44
2399 70
2398 18
2397 99
2396 80
2395 17
2394 51
2393 94
2392 67
2391 76
2390 85
2389 13
2388 15
2387 29
2386 90
2385 10
2384 89
2383 68
2382 83
2381 97
2380 12
2379 59
2378 80
2377 75
2376 77
2375 56
2374 70
2373 36
2372 50
2371 2
2370 0
2369 63
2368 74
2367 1
2366 21
2365 86
2364 70
2363 73
2362 86
2361 14
2360 77
2359 20
2358 19
2357 34
2356 40
2355 78
2354 84
2353 95
2352 42
2351 5
2350 22
2349 72
2348 92
2347 71
2346 88
2345 77
2344 48
2343 67
2342 95
2341 85
2340 95
2339 77
2338 94
2337 62
2336 99
2335 12
2334 93
2333 16
2332 60
2331 0
2330 98
2329 85
2328 34
2327 17
2326 95
2325 18
2324 6
2323 59
2322 55
2321 68
2320 86
2319 83
2318 65
2317 91
2316 80
2315 49
2314 41
2313 64
2312 89
2311 67
2310 6
2309 58
2308 38
2307 38
2306 15
2305 19
2304 27
2303 27
2302 57
2301 34
2300 72
2299 41
2298 50
2297 88
2296 59
2295 60
2294 49
2293 61
2292 16
2291 38
2290 42
2289 2
2288 48
2287 78
2286 99
2285 82
2284 94
2283 85
2282 76
2281 39
2280 37
2279 67
2278 70
2277 4
2276 25
2275 74
2274 45
2273 58
2272 46
2271 11
2270 44
2269 26
2268 38
2267 47
2266 15
2265 29
2264 15
2263 98
2262 100
2261 35
2260 61
2259 84
2258 22
2257 95
2256 16
2255 64
2254 7
2253 56
2252 50
2251 64
2250 100
2249 70
2248 80
2247 16
2246 0
2245 20
2244 53
2243 3
2242 92
2241 38
2240 22
2239 47
2238 81
2237 76
2236 13
2235 58
2234 30
2233 47
2232 57
2231 39
2230 36
2229 37
2228 85
2227 46
2226 75
2225 73
2224 36
2223 66
2222 5
2221 18
2220 10
2219 50
2218 60
2217 61
2216 16
2215 100
2214 73
2213 79
2212 51
2211 21
2210 68
2209 0
2208 69
2207 30
2206 55
2205 99
2204 87
2203 78
2202 93
2201 87
2200 57
2199 43
2198 38
2197 4
2196 45
2195 17
2194 35
2193 66
2192 1
2191 1
2190 20
2189 13
2188 73
2187 36
2186 24
2185 17
2184 2
2183 19
2182 58
2181 60
2180 84
2179 35
2178 13
2177 81
2176 23
2175 54
2174 52
2173 68
2172 75
2171 46
2170 65
2169 78
2168 56
2167 17
2166 98
2165 17
2164 22
2163 90
2162 7
2161 75
2160 14
2159 19
2158 52
2157 67
2156 46
2155 74
2154 50
2153 4
2152 38
2151 34
2150 75
2149 98
2148 63
2147 52
2146 63
2145 33
2144 51
2143 32
2142 58
2141 55
2140 90
2139 6
2138 28
2137 8
2136 90
2135 29
2134 32
2133 19
2132 62
2131 8
2130 96
2129 31
2128 1
2127 56
2126 0
2125 51
2124 57
2123 73
2122 66
2121 28
2120 93
2119 80
2118 85
2117 89
2116 78
2115 48
2114 94
2113 26
2112 29
2111 81
2110 91
2109 31
2108 54
2107 75
2106 36
2105 72
2104 65
2103 31
2102 71
2101 17
2100 19
2099 85
2098 51
2097 96
2096 91
2095 93
2094 22
2093 14
2092 86
2091 71
2090 40
2089 47
2088 71
2087 86
2086 11
2085 94
2084 68
2083 28
2082 54
2081 36
2080 59
2079 82
2078 86
2077 75
2076 82
2075 39
2074 13
2073 45
2072 56
2071 99
2070 33
2069 97
2068 56
2067 33
2066 20
2065 47
2064 90
2063 58
2062 80
2061 8
2060 8
2059 83
2058 32
2057 42
2056 89
2055 70
2054 19
2053 52
2052 41
2051 99
2050 37
2049 23
2048 26
2047 93
2046 31
2045 15
2044 54
2043 53
2042 96
2041 33
2040 45
2039 7
2038 43
2037 22
2036 90
2035 41
2034 67
2033 36
2032 52
2031 73
2030 10
2029 67
2028 72
2027 15
2026 62
2025 7
2024 24
2023 64
2022 84
2021 34
2020 20
2019 29
2018 67
2017 69
2016 46
2015 77
2014 16
2013 17
2012 82
2011 64
2010 84
2009 18
2008 88
2007 4
2006 72
2005 81
2004 36
2003 23
2002 92
2001 37
2000 80
1999 67
1998 8
1997 21
1996 7
1995 65
1994 26
1993 38
1992 37
1991 46
1990 10
1989 42
1988 81
1987 67
1986 65
1985 60
1984 74
1983 49
1982 14
1981 57
1980 97
1979 77
1978 66
1977 73
1976 80
1975 36
1974 79
1973 16
1972 75
1971 46
1970 0
1969 99
1968 44
1967 38
1966 42
1965 79
1964 6
1963 70
1962 38
1961 15
1960 70
1959 8
1958 21
1957 66
1956 24
1955 69
1954 62
1953 38
1952 51
1951 35
1950 65
1949 46
1948 11
1947 68
1946 83
1945 76
1944 90
1943 48
1942 89
1941 68
1940 29
1939 39
1938 33
1937 79
1936 46
1935 55
1934 60
1933 19
1932 33
1931 92
1930 5
1929 4
1928 55
1927 72
1926 92
1925 73
1924 15
1923 79
1922 93
1921 63
1920 52
1919 85
1918 29
1917 87
1916 88
1915 47
1914 77
1913 66
1912 58
1911 37
1910 61
1909 70
1908 14
1907 6
1906 36
1905 99
1904 99
1903 99
1902 62
1901 26
1900 76
1899 16
1898 48
1897 94
1896 21
1895 88
1894 8
1893 45
1892 48
1891 37
1890 62
1889 98
1888 15
1887 68
1886 45
1885 65
1884 85
1883 73
1882 35
1881 49
1880 98
1879 41
1878 63
1877 23
1876 25
1875 86
1874 39
1873 71
1872 2
1871 17
1870 27
1869 15
1868 59
1867 9
1866 35
1865 9
1864 23
1863 56
1862 55
1861 47
1860 10
1859 32
1858 69
1857 56
1856 91
1855 49
1854 50
1853 77
1852 13
1851 37
1850 92
1849 30
1848 56
1847 49
1846 2
1845 89
1844 31
1843 18
1842 3
1841 5
1840 25
1839 45
1838 9
1837 17
1836 66
1835 32
1834 2
1833 8
1832 30
1831 47
1830 55
1829 77
1828 41
1827 36
1826 0
1825 62
1824 72
1823 87
1822 48
1821 63
1820 74
1819 76
1818 54
1817 89
1816 45
1815 84
1814 65
1813 26
1812 76
1811 34
1810 34
1809 41
1808 68
1807 76
1806 79
1805 61
1804 87
1803 5
1802 98
1801 17
1800 67
1799 91
1798 100
1797 14
1796 98
1795 67
1794 44
1793 5
1792 28
1791 41
1790 99
1789 37
1788 95
1787 85
1786 90
1785 36
1784 7
1783 75
1782 75
1781 51
1780 78
1779 64
1778 49
1777 72
1776 30
1775 35
1774 50
1773 45
1772 42
1771 77
1770 91
1769 67
1768 86
1767 99
1766 73
1765 90
1764 67
1763 30
1762 38
1761 51
1760 41
1759 1
1758 54
1757 99
1756 82
1755 62
1754 4
1753 5
1752 6
1751 87
1750 65
1749 70
1748 19
1747 84
1746 23
1745 3
1744 35
1743 0
1742 71
1741 49
1740 1
1739 94
1738 61
1737 51
1736 24
1735 35
1734 21
1733 47
1732 30
1731 81
1730 52
1729 64
1728 69
1727 66
1726 27
1725 33
1724 25
1723 47
1722 8
1721 2
1720 97
1719 26
1718 100
1717 70
1716 80
1715 21
1714 1
1713 84
1712 53
1711 24
1710 6
1709 23
1708 11
1707 80
1706 36
1705 86
1704 61
1703 14
1702 66
1701 55
1700 34
1699 3
1698 90
1697 31
1696 34
1695 34
1694 62
1693 26
1692 25
1691 29
1690 21
1689 29
1688 76
1687 62
1686 70
1685 85
1684 39
1683 42
1682 28
1681 7
1680 50
1679 100
1678 85
1677 87
1676 50
1675 27
1674 79
1673 86
1672 17
1671 44
1670 50
1669 88
1668 18
1667 12
1666 63
1665 66
1664 21
1663 17
1662 36
1661 6
1660 51
1659 46
1658 12
1657 81
1656 86
1655 52
1654 91
1653 82
1652 28
1651 49
1650 91
1649 79
1648 1
1647 6
1646 70
1645 45
1644 21
1643 48
1642 65
1641 36
1640 29
1639 97
1638 25
1637 19
1636 83
1635 33
1634 55
1633 37
1632 39
1631 1
1630 44
1629 34
1628 55
1627 23
1626 94
1625 59
1624 32
1623 92
1622 16
1621 95
1620 2
1619 27
1618 28
1617 47
1616 97
1615 92
1614 27
1613 78
1612 47
1611 75
1610 68
1609 58
1608 71
1607 97
1606 21
1605 47
1604 36
1603 7
1602 19
1601 84
1600 64
1599 18
1598 68
1597 46
1596 54
1595 69
1594 80
1593 42
1592 20
1591 30
1590 1
1589 33
1588 73
1587 53
1586 21
1585 51
1584 8
1583 25
1582 83
1581 76
1580 36
1579 99
1578 73
1577 1
1576 99
1575 98
1574 70
1573 36
1572 31
1571 85
1570 70
1569 59
1568 36
1567 15
1566 99
1565 18
1564 94
1563 72
1562 64
1561 38
1560 0
1559 76
1558 54
1557 55
1556 60
1555 36
1554 42
1553 60
1552 27
1551 40
1550 82
1549 51
1548 38
1547 45
1546 93
1545 55
1544 96
1543 10
1542 95
1541 24
1540 72
1539 18
1538 69
1537 47
1536 11
1535 55
1534 78
1533 51
1532 47
1531 97
1530 27
1529 15
1528 72
1527 10
1526 52
1525 41
1524 0
1523 11
1522 17
1521 41
1520 48
1519 32
1518 33
1517 63
1516 85
1515 21
1514 48
1513 31
1512 34
1511 61
1510 82
1509 48
1508 43
1507 40
1506 81
1505 90
1504 33
1503 15
1502 91
1501 3
1500 36
1499 74
1498 64
1497 61
1496 63
1495 80
1494 27
1493 91
1492 45
1491 67
1490 19
1489 90
1488 96
1487 17
1486 57
1485 91
1484 18
1483 77
1482 94
1481 59
1480 61
1479 87
1478 78
1477 26
1476 14
1475 55
1474 84
1473 45
1472 59
1471 97
1470 47
1469 54
1468 46
1467 59
1466 79
1465 14
1464 65
1463 31
1462 16
1461 33
1460 10
1459 27
1458 10
1457 98
1456 40
1455 14
1454 17
1453 74
1452 26
1451 26
1450 88
1449 54
1448 48
1447 0
1446 8
1445 67
1444 61
1443 16
1442 16
1441 57
1440 68
1439 16
1438 80
1437 70
1436 36
1435 50
1434 62
1433 94
1432 8
1431 33
1430 71
1429 19
1428 20
1427 64
1426 40
1425 36
1424 41
1423 84
1422 92
1421 44
1420 14
1419 54
1418 22
1417 97
1416 25
1415 71
1414 94
1413 4
1412 96
1411 99
1410 45
1409 26
1408 29
1407 50
1406 97
1405 72
1404 74
1403 9
1402 69
1401 62
1400 65
1399 39
1398 6
1397 98
1396 73
1395 71
1394 98
1393 20
1392 86
1391 0
1390 24
1389 92
1388 42
1387 20
1386 67
1385 50
1384 78
1383 56
1382 77
1381 79
1380 54
1379 69
1378 41
1377 20
1376 89
1375 94
1374 49
1373 19
1372 27
1371 11
1370 81
1369 95
1368 24
1367 59
1366 8
1365 69
1364 56
1363 92
1362 19
1361 25
1360 99
1359 1
1358 18
1357 10
1356 59
1355 76
1354 91
1353 97
1352 28
1351 54
1350 52
1349 58
1348 88
1347 3
1346 42
1345 57
1344 5
1343 0
1342 90
1341 75
1340 89
1339 62
1338 1
1337 40
1336 92
1335 53
1334 45
1333 64
1332 59
1331 18
1330 85
1329 33
1328 93
1327 77
1326 77
1325 34
1324 86
1323 43
1322 9
1321 40
1320 50
1319 85
1318 9
1317 68
1316 38
1315 93
1314 15
1313 56
1312 78
1311 80
1310 48
1309 57
1308 57
1307 67
1306 68
1305 60
1304 63
1303 60
1302 36
1301 57
1300 100
1299 0
1298 30
1297 15
1296 74
1295 0
1294 85
1293 24
1292 14
1291 51
1290 11
1289 55
1288 1
1287 13
1286 6
1285 57
1284 97
1283 96
1282 79
1281 33
1280 57
1279 4
1278 25
1277 86
1276 4
1275 54
1274 66
1273 58
1272 22
1271 46
1270 63
1269 77
1268 48
1267 40
1266 23
1265 77
1264 19
1263 74
1262 34
1261 2
1260 61
1259 90
1258 73
1257 11
1256 12
1255 5
1254 61
1253 74
1252 71
1251 16
1250 29
1249 66
1248 48
1247 99
1246 73
1245 73
1244 21
1243 71
1242 57
1241 20
1240 18
1239 61
1238 66
1237 54
1236 33
1235 82
1234 86
1233 22
1232 67
1231 71
1230 65
1229 64
1228 32
1227 24
1226 42
1225 11
1224 77
1223 95
1222 70
1221 20
1220 7
1219 94
1218 19
1217 59
1216 93
1215 86
1214 28
1213 37
1212 33
1211 98
1210 12
1209 51
1208 22
1207 11
1206 87
1205 26
1204 6
1203 25
1202 74
1201 1
1200 54
1199 96
1198 13
1197 20
1196 52
1195 31
1194 99
1193 95
1192 17
1191 73
1190 14
1189 34
1188 19
1187 49
1186 43
1185 85
1184 79
1183 80
1182 28
1181 36
1180 92
1179 11
1178 58
1177 73
1176 5
1175 78
1174 27
1173 47
1172 95
1171 79
1170 48
1169 0
1168 60
1167 82
1166 3
1165 83
1164 30
1163 88
1162 37
1161 29
1160 88
1159 74
1158 23
1157 27
1156 100
1155 15
1154 43
1153 36
1152 100
1151 53
1150 21
1149 19
1148 54
1147 24
1146 21
1145 38
1144 98
1143 71
1142 23
1141 65
1140 12
1139 52
1138 24
1137 44
1136 75
1135 63
1134 15
1133 21
1132 88
1131 55
1130 54
1129 68
1128 30
1127 2
1126 32
1125 19
1124 12
1123 20
1122 14
1121 2
1120 1
1119 40
1118 51
1117 100
1116 90
1115 81
1114 100
1113 62
1112 59
1111 13
1110 97
1109 54
1108 87
1107 32
1106 91
1105 86
1104 62
1103 91
1102 4
1101 72
1100 100
1099 15
1098 73
1097 58
1096 19
1095 21
1094 51
1093 50
1092 37
1091 87
1090 46
1089 100
1088 83
1087 35
1086 1
1085 16
1084 78
1083 89
1082 23
1081 34
1080 6
1079 21
1078 95
1077 94
1076 49
1075 29
1074 0
1073 99
1072 47
1071 55
1070 92
1069 14
1068 87
1067 99
1066 95
1065 84
1064 3
1063 95
1062 40
1061 99
1060 53
1059 86
1058 45
1057 22
1056 15
1055 56
1054 59
1053 6
1052 0
1051 43
1050 5
1049 57
1048 90
1047 7
1046 9
1045 68
1044 75
1043 40
1042 29
1041 97
1040 46
1039 13
1038 95
1037 6
1036 31
1035 98
1034 55
1033 58
1032 28
1031 47
1030 26
1029 42
1028 36
1027 38
1026 73
1025 88
1024 20
1023 50
1022 62
1021 76
1020 28
1019 60
1018 90
1017 21
1016 3
1015 90
1014 41
1013 65
1012 17
1011 15
1010 8
1009 82
1008 36
1007 36
1006 17
1005 19
1004 36
1003 10
1002 85
1001 56
1000 31
999 13
998 93
997 56
996 86
995 11
994 28
993 30
992 24
991 54
990 61
989 80
988 66
987 90
986 19
985 19
984 5
983 83
982 13
981 56
980 55
979 47
978 64
977 60
976 44
975 81
974 63
973 56
972 42
971 30
970 58
969 86
968 12
967 77
966 70
965 19
964 74
963 21
962 72
961 22
960 83
959 30
958 82
957 97
956 22
955 47
954 35
953 49
952 27
951 2
950 72
949 80
948 75
947 81
946 56
945 86
944 44
943 17
942 82
941 79
940 58
939 67
938 53
937 75
936 41
935 57
934 74
933 68
932 99
931 64
930 45
929 9
928 36
927 99
926 18
925 46
924 46
923 22
922 61
921 65
920 18
919 80
918 96
917 56
916 31
915 62
914 25
913 29
912 33
911 91
910 3
909 49
908 50
907 53
906 80
905 99
904 79
903 55
902 83
901 40
900 32
899 90
898 44
897 40
896 77
895 2
894 70
893 73
892 43
891 3
890 22
889 88
888 93
887 20
886 85
885 7
884 69
883 39
882 78
881 57
880 17
879 94
878 74
877 82
876 35
875 79
874 62
873 9
872 99
871 20
870 47
869 44
868 2
867 42
866 32
865 21
864 47
863 73
862 5
861 4
860 100
859 90
858 8
857 49
856 74
855 49
854 12
853 26
852 29
851 93
850 38
849 56
848 47
847 50
846 77
845 35
844 82
843 34
842 35
841 56
840 61
839 0
838 85
837 61
836 67
835 35
834 44
833 13
832 11
831 63
830 34
829 72
828 58
827 69
826 85
825 10
824 36
823 92
822 68
821 68
820 87
819 26
818 11
817 37
816 96
815 28
814 91
813 55
812 30
811 30
810 35
809 32
808 46
807 18
806 36
805 18
804 84
803 56
802 57
801 68
800 61
799 46
798 53
797 73
796 21
795 27
794 66
793 6
792 81
791 40
790 8
789 15
788 98
787 48
786 12
785 27
784 13
783 80
782 33
781 62
780 67
779 54
778 26
777 9
776 42
775 25
774 72
773 72
772 92
771 18
770 84
769 34
768 59
767 45
766 11
765 99
764 14
763 26
762 78
761 99
760 17
759 67
758 100
757 70
756 11
755 20
754 69
753 59
752 66
751 72
750 38
749 7
748 55
747 66
746 90
745 44
744 63
743 95
742 96
741 0
740 1
739 6
738 70
737 33
736 23
735 69
734 97
733 72
732 10
731 5
730 24
729 55
728 28
727 77
726 27
725 76
724 34
723 92
722 27
721 91
720 12
719 3
718 23
717 22
716 99
715 69
714 85
713 56
712 20
711 9
710 31
709 0
708 3
707 23
706 83
705 17
704 72
703 74
702 48
701 80
700 79
699 23
698 55
697 71
696 21
695 43
694 38
693 43
692 87
691 98
690 31
689 97
688 1
687 93
686 22
685 99
684 81
683 80
682 9
681 53
680 85
679 30
678 40
677 27
676 21
675 42
674 99
673 16
672 53
671 96
670 37
669 49
668 95
667 18
666 90
665 88
664 92
663 92
662 44
661 76
660 39
659 20
658 37
657 71
656 2
655 2
654 74
653 20
652 70
651 52
650 26
649 4
648 43
647 65
646 85
645 65
644 49
643 31
642 17
641 37
640 26
639 16
638 20
637 5