10000 46
9999 22
9998 11
9997 16
9996 9
9995 43
9994 23
9993 71
9992 90
9991 84
9990 31
9989 42
9988 45
9987 95
9986 10
9985 8
9984 71
9983 86
9982 21
9981 20
9980 54
9979 98
9978 14
9977 96
9976 80
9975 47
9974 12
9973 96
9972 35
9971 74
9970 74
9969 8
9968 54
9967 76
9966 85
9965 79
9964 83
9963 12
9962 0
9961 82
9960 62
9959 53
9958 18
9957 87
9956 29
9955 1
9954 57
9953 62
9952 50
9951 75
9950 2
9949 70
9948 21
9947 93
9946 95
9945 94
9944 84
9943 10
9942 65
9941 1
9940 11
9939 10
9938 54
9937 90
9936 15
9935 52
9934 93
9933 9
9932 81
9931 45
9930 40
9929 10
9928 28
9927 82
9926 25
9925 37
9924 78
9923 26
9922 14
9921 79
9920 2
9919 2
9918 60
9917 53
9916 18
9915 77
9914 46
9913 55
9912 70
9911 6
9910 86
9909 74
9908 80
9907 3
9906 43
9905 4
9904 86
9903 15
9902 52
9901 67
9900 90
9899 21
9898 48
9897 90
9896 10
9895 65
9894 34
9893 14
9892 36
9891 41
9890 77
9889 57
9888 44
9887 58
9886 46
9885 53
9884 73
9883 50
9882 48
9881 20
9880 100
9879 69
9878 74
9877 62
9876 58
9875 9
9874 1
9873 27
9872 47
9871 14
9870 61
9869 62
9868 78
9867 37
9866 50
9865 72
9864 59
9863 100
9862 93
9861 84
9860 92
9859 43
9858 8
9857 62
9856 45
9855 35
9854 11
9853 23
9852 14
9851 34
9850 10
9849 7
9848 73
9847 100
9846 55
9845 60
9844 29
9843 54
9842 11
9841 46
9840 92
9839 92
9838 75
9837 56
9836 18
9835 94
9834 6
9833 21
9832 15
9831 0
9830 72
9829 5
9828 59
9827 3
9826 79
9825 38
9824 37
9823 50
9822 89
9821 84
9820 11
9819 11
9818 1
9817 24
9816 58
9815 16
9814 2
9813 90
9812 56
9811 25
9810 57
9809 5
9808 68
9807 6
9806 17
9805 59
9804 28
9803 29
9802 48
9801 24
9800 12
9799 97
9798 82
9797 16
9796 49
9795 42
9794 59
9793 43
9792 10
9791 72
9790 30
9789 59
9788 33
9787 61
9786 93
9785 90
9784 29
9783 71
9782 18
9781 29
9780 29
9779 4
9778 13
9777 87
9776 46
9775 65
9774 79
9773 1
9772 99
9771 47
9770 16
9769 29
9768 38
9767 93
9766 75
9765 72
9764 97
9763 38
9762 33
9761 66
9760 90
9759 74
9758 96
9757 0
9756 20
9755 86
9754 19
9753 74
9752 87
9751 37
9750 19
9749 46
9748 66
9747 67
9746 61
9745 33
9744 41
9743 69
9742 21
9741 100
9740 45
9739 16
9738 87
9737 36
9736 84
9735 46
9734 12
9733 93
9732 28
9731 58
9730 2
9729 3
9728 98
9727 46
9726 67
9725 40
9724 7
9723 0
9722 90
9721 49
9720 22
9719 23
9718 77
9717 38
9716 50
9715 56
9714 96
9713 60
9712 73
9711 59
9710 31
9709 26
9708 54
9707 90
9706 86
9705 87
9704 10
9703 76
9702 11
9701 63
9700 61
9699 58
9698 78
9697 14
9696 67
9695 42
9694 69
9693 59
9692 54
9691 3
9690 20
9689 34
9688 28
9687 51
9686 2
9685 2
9684 16
9683 23
9682 1
9681 37
9680 26
9679 64
9678 8
9677 50
9676 76
9675 83
9674 35
9673 6
9672 43
9671 18
9670 95
9669 42
9668 77
9667 11
9666 55
9665 6
9664 95
9663 63
9662 27
9661 6
9660 33
9659 21
9658 75
9657 39
9656 20
9655 8
9654 58
9653 32
9652 8
9651 21
9650 98
9649 54
9648 67
9647 89
9646 13
9645 11
9644 20
9643 25
9642 93
9641 40
9640 42
9639 83
9638 16
9637 22
9636 57
9635 99
9634 55
9633 63
9632 95
9631 18
9630 62
9629 81
9628 19
9627 32
9626 35
9625 42
9624 41
9623 84
9622 30
9621 90
9620 54
9619 75
9618 95
9617 24
9616 24
9615 19
9614 81
9613 93
9612 23
9611 99
9610 11
9609 73
9608 4
9607 88
9606 98
9605 70
9604 93
9603 27
9602 41
9601 3
9600 51
9599 6
9598 50
9597 0
9596 12
9595 89
9594 15
9593 36
9592 38
9591 13
9590 10
9589 13
9588 41
9587 52
9586 4
9585 10
9584 10
9583 73
9582 16
9581 31
9580 22
9579 32
9578 97
9577 86
9576 46
9575 31
9574 62
9573 45
9572 92
9571 83
9570 37
9569 87
9568 34
9567 82
9566 24
9565 73
9564 49
9563 63
9562 92
9561 71
9560 29
9559 56
9558 99
9557 75
9556 50
9555 53
9554 62
9553 85
9552 27
9551 17
9550 5
9549 62
9548 9
9547 68
9546 53
9545 24
9544 78
9543 35
9542 85
9541 97
9540 26
9539 39
9538 52
9537 74
9536 92
9535 76
9534 13
9533 54
9532 25
9531 20
9530 57
9529 26
9528 65
9527 62
9526 47
9525 91
9524 11
9523 47
9522 85
9521 45
9520 73
9519 48
9518 96
9517 63
9516 75
9515 60
9514 62
9513 70
9512 27
9511 34
9510 16
9509 87
9508 41
9507 37
9506 46
9505 39
9504 91
9503 68
9502 40
9501 68
9500 2
9499 45
9498 89
9497 91
9496 25
9495 43
9494 29
9493 28
9492 28
9491 73
9490 97
9489 33
9488 53
9487 58
9486 61
9485 5
9484 43
9483 7
9482 77
9481 56
9480 24
9479 68
9478 38
9477 9
9476 76
9475 87
9474 28
9473 79
9472 79
9471 13
9470 2
9469 48
9468 58
9467 36
9466 98
9465 35
9464 40
9463 78
9462 50
9461 63
9460 28
9459 88
9458 47
9457 37
9456 79
9455 3
9454 13
9453 100
9452 69
9451 87
9450 50
9449 21
9448 31
9447 77
9446 2
9445 72
9444 40
9443 70
9442 33
9441 55
9440 32
9439 82
9438 17
9437 52
9436 87
9435 47
9434 2
9433 18
9432 38
9431 77
9430 74
9429 22
9428 59
9427 75
9426 23
9425 36
9424 65
9423 32
9422 48
9421 79
9420 9
9419 86
9418 87
9417 75
9416 32
9415 43
9414 39
9413 49
9412 8
9411 71
9410 98
9409 15
9408 40
9407 26
9406 98
9405 51
9404 83
9403 67
9402 81
9401 62
9400 30
9399 13
9398 3
9397 26
9396 5
9395 34
9394 69
9393 62
9392 31
9391 35
9390 15
9389 50
9388 34
9387 0
9386 57
9385 98
9384 46
9383 71
9382 5
9381 53
9380 34
9379 4
9378 78
9377 79
9376 56
9375 26
9374 8
9373 95
9372 5
9371 81
9370 43
9369 56
9368 17
9367 21
9366 4
9365 42
9364 2
9363 3
9362 51
9361 31
9360 96
9359 64
9358 21
9357 50
9356 12
9355 9
9354 60
9353 26
9352 81
9351 2
9350 10
9349 50
9348 76
9347 69
9346 74
9345 60
9344 48
9343 62
9342 52
9341 59
9340 47
9339 59
9338 19
9337 99
9336 94
9335 24
9334 80
9333 1
9332 36
9331 49
9330 6
9329 98
9328 21
9327 1
9326 88
9325 65
9324 2
9323 36
9322 60
9321 100
9320 64
9319 81
9318 77
9317 63
9316 19
9315 37
9314 19
9313 60
9312 88
9311 62
9310 56
9309 60
9308 35
9307 46
9306 5
9305 98
9304 16
9303 61
9302 30
9301 34
9300 50
9299 5
9298 8
9297 74
9296 56
9295 73
9294 80
9293 47
9292 49
9291 87
9290 2
9289 23
9288 33
9287 77
9286 47
9285 40
9284 77
9283 36
9282 50
9281 0
9280 61
9279 47
9278 69
9277 55
9276 64
9275 94
9274 45
9273 11
9272 1
9271 79
9270 88
9269 95
9268 26
9267 4
9266 99
9265 76
9264 35
9263 98
9262 82
9261 17
9260 50
9259 81
9258 3
9257 38
9256 6
9255 0
9254 95
9253 62
9252 41
9251 61
9250 73
9249 92
9248 59
9247 53
9246 91
9245 12
9244 88
9243 2
9242 83
9241 81
9240 12
9239 89
9238 77
9237 40
9236 53
9235 20
9234 84
9233 2
9232 1
9231 94
9230 87
9229 45
9228 71
9227 60
9226 80
9225 93
9224 19
9223 8
9222 40
9221 33
9220 94
9219 10
9218 8
9217 65
9216 24
9215 79
9214 0
9213 95
9212 16
9211 41
9210 45
9209 73
9208 20
9207 22
9206 10
9205 72
9204 55
9203 18
9202 30
9201 35
9200 55
9199 53
9198 58
9197 18
9196 86
9195 54
9194 59
9193 29
9192 100
9191 59
9190 50
9189 11
9188 56
9187 34
9186 7
9185 21
9184 35
9183 12
9182 29
9181 51
9180 2
9179 66
9178 97
9177 7
9176 15
9175 83
9174 17
9173 22
9172 49
9171 31
9170 83
9169 74
9168 58
9167 61
9166 41
9165 95
9164 75
9163 18
9162 30
9161 10
9160 80
9159 35
9158 95
9157 40
9156 75
9155 60
9154 33
9153 37
9152 60
9151 15
9150 65
9149 53
9148 70
9147 33
9146 59
9145 32
9144 20
9143 66
9142 0
9141 72
9140 97
9139 89
9138 55
9137 94
9136 39
9135 99
9134 21
9133 43
9132 72
9131 67
9130 35
9129 79
9128 48
9127 13
9126 29
9125 63
9124 77
9123 57
9122 18
9121 15
9120 66
9119 93
9118 23
9117 68
9116 27
9115 62
9114 62
9113 17
9112 35
9111 8
9110 33
9109 50
9108 9
9107 4
9106 43
9105 8
9104 8
9103 11
9102 82
9101 99
9100 80
9099 17
9098 75
9097 5
9096 33
9095 100
9094 34
9093 18
9092 51
9091 67
9090 67
9089 1
9088 81
9087 15
9086 65
9085 22
9084 56
9083 0
9082 37
9081 29
9080 71
9079 69
9078 74
9077 31
9076 93
9075 43
9074 7
9073 48
9072 80
9071 7
9070 56
9069 31
9068 63
9067 19
9066 82
9065 27
9064 97
9063 73
9062 77
9061 84
9060 83
9059 24
9058 83
9057 42
9056 31
9055 87
9054 71
9053 92
9052 58
9051 74
9050 35
9049 56
9048 48
9047 76
9046 32
9045 43
9044 38
9043 20
9042 46
9041 10
9040 1
9039 46
9038 75
9037 15
9036 36
9035 69
9034 48
9033 80
9032 63
9031 45
9030 34
9029 30
9028 1
9027 72
9026 12
9025 8
9024 35
9023 78
9022 96
9021 13
9020 71
9019 30
9018 87
9017 12
9016 30
9015 40
9014 83
9013 9
9012 56
9011 14
9010 72
9009 66
9008 31
9007 82
9006 40
9005 63
9004 42
9003 3
9002 16
9001 83
9000 83
8999 9
8998 30
8997 30
8996 20
8995 80
8994 18
8993 58
8992 45
8991 67
8990 53
8989 100
8988 40
8987 11
8986 91
8985 99
8984 76
8983 97
8982 57
8981 37
8980 14
8979 70
8978 14
8977 97
8976 85
8975 20
8974 65
8973 26
8972 51
8971 51
8970 90
8969 23
8968 73
8967 13
8966 80
8965 38
8964 54
8963 92
8962 36
8961 68
8960 2
8959 4
8958 39
8957 68
8956 37
8955 80
8954 8
8953 39
8952 63
8951 78
8950 93
8949 36
8948 65
8947 52
8946 17
8945 29
8944 18
8943 10
8942 31
8941 74
8940 13
8939 94
8938 46
8937 87
8936 87
8935 60
8934 69
8933 59
8932 94
8931 27
8930 20
8929 7
8928 85
8927 32
8926 59
8925 77
8924 23
8923 40
8922 22
8921 35
8920 1
8919 56
8918 87
8917 83
8916 3
8915 30
8914 6
8913 62
8912 34
8911 23
8910 86
8909 22
8908 78
8907 10
8906 62
8905 21
8904 62
8903 55
8902 80
8901 56
8900 32
8899 21
8898 82
8897 3
8896 20
8895 49
8894 20
8893 7
8892 60
8891 22
8890 99
8889 73
8888 80
8887 16
8886 11
8885 17
8884 12
8883 76
8882 47
8881 51
8880 13
8879 67
8878 95
8877 86
8876 52
8875 22
8874 13
8873 59
8872 99
8871 57
8870 58
8869 84
8868 45
8867 27
8866 6
8865 59
8864 42
8863 3
8862 4
8861 47
8860 42
8859 42
8858 75
8857 76
8856 35
8855 19
8854 97
8853 57
8852 46
8851 80
8850 69
8849 100
8848 2
8847 51
8846 57
8845 80
8844 65
8843 91
8842 22
8841 18
8840 19
8839 40
8838 77
8837 87
8836 44
8835 40
8834 1
8833 92
8832 99
8831 64
8830 93
8829 34
8828 33
8827 79
8826 33
8825 5
8824 97
8823 80
8822 9
8821 32
8820 54
8819 68
8818 16
8817 99
8816 93
8815 59
8814 78
8813 34
8812 45
8811 96
8810 34
8809 48
8808 17
8807 19
8806 23
8805 96
8804 1
8803 63
8802 68
8801 57
8800 38
8799 49
8798 12
8797 17
8796 95
8795 53
8794 54
8793 53
8792 8
8791 88
8790 73
8789 45
8788 94
8787 91
8786 4
8785 42
8784 96
8783 34
8782 10
8781 3
8780 24
8779 13
8778 90
8777 75
8776 92
8775 95
8774 77
8773 88
8772 42
8771 55
8770 78
8769 63
8768 59
8767 71
8766 5
8765 93
8764 48
8763 47
8762 53
8761 68
8760 31
8759 19
8758 2
8757 20
8756 72
8755 82
8754 63
8753 23
8752 69
8751 72
8750 53
8749 83
8748 30
8747 19
8746 21
8745 29
8744 37
8743 25
8742 74
8741 76
8740 2
8739 21
8738 96
8737 1
8736 22
8735 32
8734 77
8733 50
8732 1
8731 5
8730 76
8729 82
8728 95
8727 87
8726 94
8725 6
8724 41
8723 58
8722 14
8721 37
8720 42
8719 28
8718 75
8717 88
8716 65
8715 65
8714 37
8713 13
8712 24
8711 53
8710 39
8709 33
8708 61
8707 93
8706 4
8705 65
8704 4
8703 51
8702 72
8701 56
8700 46
8699 44
8698 67
8697 3
8696 17
8695 79
8694 55
8693 35
8692 35
8691 14
8690 81
8689 7
8688 61
8687 69
8686 38
8685 70
8684 83
8683 55
8682 10
8681 34
8680 94
8679 87
8678 93
8677 71
8676 97
8675 69
8674 92
8673 88
8672 6
8671 20
8670 61
8669 63
8668 36
8667 26
8666 100
8665 73
8664 18
8663 8
8662 25
8661 2
8660 82
8659 78
8658 53
8657 73
8656 88
8655 61
8654 47
8653 38
8652 44
8651 89
8650 42
8649 94
8648 9
8647 9
8646 97
8645 96
8644 64
8643 25
8642 95
8641 41
8640 41
8639 38
8638 92
8637 2
8636 16
8635 23
8634 14
8633 93
8632 3
8631 83
8630 76
8629 43
8628 56
8627 0
8626 98
8625 39
8624 7
8623 48
8622 96
8621 73
8620 37
8619 37
8618 36
8617 1
8616 67
8615 76
8614 11
8613 80
8612 19
8611 88
8610 64
8609 39
8608 78
8607 80
8606 12
8605 21
8604 34
8603 17
8602 19
8601 43
8600 94
8599 14
8598 53
8597 82
8596 54
8595 94
8594 45
8593 95
8592 74
8591 99
8590 99
8589 85
8588 82
8587 19
8586 89
8585 12
8584 83
8583 96
8582 23
8581 83
8580 62
8579 87
8578 12
8577 81
8576 26
8575 59
8574 64
8573 54
8572 96
8571 70
8570 25
8569 13
8568 98
8567 51
8566 44
8565 91
8564 96
8563 100
8562 27
8561 10
8560 25
8559 65
8558 65
8557 67
8556 61
8555 80
8554 3
8553 56
8552 80
8551 82
8550 82
8549 48
8548 71
8547 69
8546 96
8545 92
8544 49
8543 5
8542 75
8541 50
8540 3
8539 11
8538 51
8537 15
8536 44
8535 93
8534 58
8533 19
8532 84
8531 94
8530 61
8529 88
8528 53
8527 52
8526 57
8525 19
8524 34
8523 66
8522 39
8521 21
8520 18
8519 46
8518 6
8517 11
8516 79
8515 39
8514 66
8513 12
8512 79
8511 35
8510 95
8509 33
8508 11
8507 29
8506 98
8505 49
8504 9
8503 7
8502 52
8501 61
8500 100
8499 72
8498 8
8497 43
8496 36
8495 3
8494 81
8493 77
8492 54
8491 6
8490 81
8489 39
8488 20
8487 57
8486 71
8485 6
8484 49
8483 64
8482 28
8481 10
8480 29
8479 30
8478 58
8477 76
8476 57
8475 71
8474 78
8473 78
8472 33
8471 49
8470 71
8469 59
8468 12
8467 30
8466 54
8465 46
8464 56
8463 56
8462 35
8461 28
8460 55
8459 90
8458 26
8457 12
8456 9
8455 53
8454 63
8453 92
8452 17
8451 75
8450 81
8449 37
8448 45
8447 47
8446 94
8445 18
8444 9
8443 20
8442 2
8441 27
8440 43
8439 73
8438 11
8437 87
8436 61
8435 55
8434 27
8433 67
8432 42
8431 46
8430 55
8429 52
8428 79
8427 8
8426 88
8425 11
8424 48
8423 49
8422 13
8421 49
8420 39
8419 93
8418 71
8417 24
8416 14
8415 2
8414 30
8413 25
8412 67
8411 83
8410 78
8409 63
8408 30
8407 44
8406 61
8405 100
8404 20
8403 45
8402 78
8401 33
8400 47
8399 54
8398 61
8397 74
8396 49
8395 6
8394 28
8393 57
8392 13
8391 55
8390 31
8389 13
8388 41
8387 33
8386 82
8385 41
8384 18
8383 53
8382 35
8381 91
8380 68
8379 80
8378 86
8377 84
8376 63
8375 57
8374 52
8373 57
8372 1
8371 51
8370 49
8369 0
8368 3
8367 32
8366 79
8365 68
8364 73
8363 92
8362 8
8361 29
8360 40
8359 1
8358 55
8357 91
8356 66
8355 47
8354 70
8353 29
8352 9
8351 18
8350 69
8349 49
8348 48
8347 50
8346 90
8345 64
8344 88
8343 34
8342 70
8341 86
8340 8
8339 1
8338 49
8337 69
8336 47
8335 36
8334 85
8333 50
8332 23
8331 83
8330 17
8329 0
8328 46
8327 40
8326 68
8325 87
8324 96
8323 22
8322 90
8321 74
8320 61
8319 100
8318 97
8317 65
8316 14
8315 62
8314 51
8313 48
8312 30
8311 9
8310 7
8309 14
8308 19
8307 86
8306 21
8305 44
8304 27
8303 9
8302 51
8301 17
8300 60
8299 86
8298 30
8297 94
8296 47
8295 41
8294 59
8293 20
8292 33
8291 17
8290 74
8289 73
8288 8
8287 76
8286 75
8285 33
8284 33
8283 3
8282 32
8281 93
8280 96
8279 27
8278 30
8277 80
8276 3
8275 22
8274 76
8273 74
8272 8
8271 35
8270 70
8269 12
8268 87
8267 15
8266 58
8265 58
8264 50
8263 15
8262 89
8261 8
8260 1
8259 86
8258 72
8257 16
8256 73
8255 59
8254 73
8253 53
8252 95
8251 35
8250 13
8249 58
8248 90
8247 19
8246 98
8245 8
8244 54
8243 85
8242 52
8241 73
8240 1
8239 9
8238 34
8237 96
8236 19
8235 37
8234 32
8233 85
8232 17
8231 20
8230 31
8229 47
8228 90
8227 39
8226 78
8225 0
8224 29
8223 27
8222 36
8221 80
8220 35
8219 72
8218 74
8217 13
8216 74
8215 70
8214 33
8213 66
8212 23
8211 12
8210 38
8209 75
8208 48
8207 82
8206 41
8205 46
8204 85
8203 52
8202 96
8201 92
8200 0
8199 98
8198 20
8197 88
8196 59
8195 66
8194 68
8193 6
8192 29
8191 22
8190 7
8189 86
8188 97
8187 22
8186 67
8185 29
8184 17
8183 52
8182 33
8181 48
8180 13
8179 78
8178 1
8177 19
8176 30
8175 16
8174 100
8173 6
8172 74
8171 6
8170 44
8169 22
8168 76
8167 57
8166 7
8165 7
8164 90
8163 78
8162 10
8161 62
8160 41
8159 52
8158 61
8157 65
8156 74
8155 46
8154 40
8153 18
8152 8
8151 93
8150 38
8149 44
8148 31
8147 41
8146 1
8145 28
8144 40
8143 52
8142 93
8141 18
8140 17
8139 17
8138 39
8137 16
8136 90
8135 29
8134 19
8133 58
8132 96
8131 62
8130 86
8129 92
8128 34
8127 55
8126 41
8125 50
8124 73
8123 85
8122 83
8121 53
8120 98
8119 69
8118 77
8117 36
8116 96
8115 60
8114 41
8113 14
8112 13
8111 89
8110 100
8109 68
8108 12
8107 77
8106 26
8105 17
8104 63
8103 30
8102 99
8101 22
8100 40
8099 89
8098 30
8097 11
8096 21
8095 17
8094 24
8093 67
8092 89
8091 0
8090 40
8089 7
8088 28
8087 6
8086 96
8085 78
8084 51
8083 86
8082 43
8081 13
8080 71
8079 69
8078 55
8077 26
8076 20
8075 46
8074 73
8073 33
8072 53
8071 88
8070 10
8069 92
8068 50
8067 79
8066 74
8065 33
8064 5
8063 37
8062 0
8061 69
8060 19
8059 21
8058 1
8057 46
8056 15
8055 74
8054 36
8053 2
8052 28
8051 80
8050 63
8049 18
8048 73
8047 16
8046 25
8045 66
8044 29
8043 97
8042 69
8041 85
8040 62
8039 98
8038 62
8037 20
8036 42
8035 14
8034 22
8033 92
8032 96
8031 78
8030 46
8029 80
8028 80
8027 2
8026 48
8025 89
8024 94
8023 37
8022 64
8021 43
8020 7
8019 58
8018 21
8017 4
8016 78
8015 5
8014 90
8013 68
8012 70
8011 68
8010 85
8009 52
8008 35
8007 52
8006 89
8005 60
8004 4
8003 61
8002 7
8001 16
8000 48
7999 5
7998 3
7997 51
7996 76
7995 55
7994 43
7993 34
7992 86
7991 58
7990 41
7989 93
7988 72
7987 47
7986 17
7985 13
7984 46
7983 92
7982 1
7981 75
7980 90
7979 11
7978 56
7977 40
7976 53
7975 13
7974 24
7973 47
7972 61
7971 36
7970 15
7969 80
7968 13
7967 16
7966 64
7965 20
7964 42
7963 56
7962 81
7961 65
7960 50
7959 73
7958 86
7957 61
7956 21
7955 3
7954 15
7953 10
7952 18
7951 67
7950 67
7949 70
7948 80
7947 16
7946 25
7945 39
7944 0
7943 92
7942 2
7941 27
7940 18
7939 27
7938 40
7937 67
7936 52
7935 43
7934 20
7933 54
7932 87
7931 25
7930 14
7929 91
7928 64
7927 91
7926 81
7925 83
7924 82
7923 10
7922 14
7921 52
7920 27
7919 11
7918 92
7917 65
7916 95
7915 87
7914 85
7913 69
7912 63
7911 26
7910 73
7909 6
7908 79
7907 48
7906 96
7905 66
7904 5
7903 88
7902 89
7901 94
7900 53
7899 58
7898 35
7897 24
7896 38
7895 73
7894 57
7893 55
7892 35
7891 44
7890 75
7889 2
7888 65
7887 7
7886 13
7885 47
7884 23
7883 0
7882 27
7881 23
7880 10
7879 51
7878 14
7877 69
7876 79
7875 90
7874 8
7873 10
7872 85
7871 34
7870 31
7869 20
7868 58
7867 55
7866 6
7865 94
7864 54
7863 83
7862 4
7861 84
7860 91
7859 44
7858 72
7857 29
7856 12
7855 5
7854 7
7853 4
7852 59
7851 57
7850 13
7849 2
7848 32
7847 82
7846 34
7845 55
7844 47
7843 62
7842 74
7841 11
7840 4
7839 51
7838 91
7837 50
7836 88
7835 27
7834 12
7833 11
7832 99
7831 5
7830 18
7829 73
7828 59
7827 22
7826 82
7825 1
7824 54
7823 34
7822 6
7821 77
7820 12
7819 64
7818 41
7817 28
7816 93
7815 62
7814 30
7813 9
7812 80
7811 4
7810 96
7809 76
7808 73
7807 9
7806 10
7805 85
7804 97
7803 22
7802 19
7801 52
7800 37
7799 27
7798 74
7797 74
7796 52
7795 7
7794 68
7793 16
7792 88
7791 51
7790 0
7789 50
7788 26
7787 62
7786 28
7785 35
7784 12
7783 36
7782 37
7781 18
7780 62
7779 95
7778 14
7777 74
7776 93
7775 25
7774 13
7773 98
7772 62
7771 42
7770 1
7769 26
7768 32
7767 77
7766 39
7765 28
7764 76
7763 66
7762 18
7761 21
7760 62
7759 4
7758 5
7757 8
7756 2
7755 72
7754 4
7753 62
7752 29
7751 3
7750 71
7749 54
7748 26
7747 9
7746 93
7745 100
7744 13
7743 48
7742 28
7741 34
7740 83
7739 52
7738 2
7737 16
7736 36
7735 77
7734 12
7733 54
7732 78
7731 54
7730 37
7729 55
7728 64
7727 14
7726 54
7725 67
7724 62
7723 52
7722 8
7721 92
7720 88
7719 39
7718 85
7717 39
7716 99
7715 27
7714 87
7713 16
7712 2
7711 7
7710 4
7709 48
7708 61
7707 85
7706 26
7705 85
7704 81
7703 44
7702 96
7701 36
7700 39
7699 47
7698 2
7697 38
7696 8
7695 14
7694 27
7693 23
7692 88
7691 19
7690 0
7689 28
7688 77
7687 63
7686 30
7685 86
7684 65
7683 18
7682 8
7681 85
7680 64
7679 41
7678 84
7677 26
7676 64
7675 99
7674 69
7673 47
7672 53
7671 6
7670 4
7669 27
7668 31
7667 69
7666 12
7665 33
7664 44
7663 22
7662 25
7661 99
7660 89
7659 2
7658 77
7657 52
7656 23
7655 38
7654 30
7653 18
7652 96
7651 7
7650 76
7649 17
7648 78
7647 10
7646 47
7645 77
7644 0
7643 1
7642 77
7641 70
7640 10
7639 65
7638 2
7637 74
7636 65
7635 63
7634 46
7633 23
7632 84
7631 43
7630 94
7629 23
7628 25
7627 69
7626 4
7625 40
7624 6
7623 54
7622 19
7621 11
7620 37
7619 15
7618 14
7617 83
7616 79
7615 72
7614 97
7613 36
7612 77
7611 21
7610 52
7609 16
7608 84
7607 3
7606 69
7605 4
7604 75
7603 32
7602 34
7601 65
7600 72
7599 87
7598 17
7597 43
7596 27
7595 72
7594 83
7593 6
7592 63
7591 6
7590 96
7589 3
7588 12
7587 88
7586 20
7585 65
7584 65
7583 95
7582 75
7581 14
7580 71
7579 56
7578 5
7577 72
7576 12
7575 25
7574 73
7573 64
7572 11
7571 13
7570 42
7569 89
7568 61
7567 96
7566 65
7565 46
7564 50
7563 47
7562 28
7561 9
7560 37
7559 90
7558 77
7557 100
7556 89
7555 30
7554 73
7553 76
7552 80
7551 2
7550 18
7549 88
7548 52
7547 87
7546 34
7545 22
7544 79
7543 49
7542 37
7541 7
7540 51
7539 34
7538 37
7537 50
7536 89
7535 18
7534 9
7533 70
7532 46
7531 32
7530 98
7529 66
7528 99
7527 28
7526 3
7525 47
7524 70
7523 54
7522 72
7521 50
7520 51
7519 63
7518 83
7517 97
7516 80
7515 80
7514 9
7513 52
7512 95
7511 75
7510 5
7509 53
7508 47
7507 61
7506 1
7505 41
7504 10
7503 27
7502 61
7501 66
7500 39
7499 25
7498 17
7497 77
7496 29
7495 81
7494 36
7493 89
7492 76
7491 47
7490 27
7489 3
7488 6
7487 70
7486 73
7485 55
7484 22
7483 89
7482 55
7481 42
7480 33
7479 54
7478 6
7477 16
7476 18
7475 28
7474 54
7473 5
7472 62
7471 9
7470 9
7469 42
7468 95
7467 74
7466 55
7465 26
7464 54
7463 50
7462 77
7461 48
7460 42
7459 40
7458 12
7457 71
7456 76
7455 70
7454 33
7453 70
7452 18
7451 71
7450 8
7449 74
7448 70
7447 75
7446 56
7445 77
7444 58
7443 63
7442 93
7441 77
7440 2
7439 39
7438 12
7437 96
7436 14
7435 1
7434 8
7433 55
7432 0
7431 32
7430 46
7429 2
7428 96
7427 0
7426 54
7425 63
7424 42
7423 16
7422 89
7421 7
7420 86
7419 73
7418 57
7417 62
7416 71
7415 64
7414 11
7413 56
7412 75
7411 59
7410 43
7409 43
7408 59
7407 62
7406 66
7405 58
7404 57
7403 93
7402 60
7401 37
7400 34
7399 10
7398 87
7397 95
7396 94
7395 35
7394 70
7393 48
7392 49
7391 0
7390 11
7389 91
7388 50
7387 30
7386 77
7385 50
7384 64
7383 73
7382 9
7381 59
7380 26
7379 12
7378 96
7377 14
7376 27
7375 51
7374 73
7373 68
7372 32
7371 64
7370 48
7369 72
7368 33
7367 20
7366 88
7365 39
7364 71
7363 100
7362 32
7361 88
7360 9
7359 77
7358 23
7357 59
7356 16
7355 6
7354 6
7353 79
7352 47
7351 40
7350 51
7349 34
7348 44
7347 100
7346 45
7345 10
7344 26
7343 15
7342 42
7341 84
7340 75
7339 6
7338 42
7337 79
7336 93
7335 11
7334 33
7333 22
7332 17
7331 26
7330 49
7329 17
7328 83
7327 67
7326 79
7325 83
7324 58
7323 76
7322 78
7321 15
7320 87
7319 74
7318 70
7317 23
7316 52
7315 55
7314 88
7313 82
7312 85
7311 10
7310 80
7309 90
7308 55
7307 59
7306 98
7305 33
7304 44
7303 37
7302 47
7301 42
7300 96
7299 70
7298 42
7297 93
7296 50
7295 55
7294 38
7293 71
7292 84
7291 80
7290 62
7289 86
7288 51
7287 46
7286 13
7285 2
7284 52
7283 64
7282 26
7281 23
7280 78
7279 33
7278 41
7277 81
7276 56
7275 25
7274 87
7273 45
7272 98
7271 30
7270 49
7269 68
7268 17
7267 86
7266 98
7265 48
7264 93
7263 65
7262 86
7261 15
7260 23
7259 94
7258 4
7257 66
7256 96
7255 2
7254 10
7253 7
7252 56
7251 12
7250 20
7249 57
7248 94
7247 89
7246 49
7245 6
7244 67
7243 73
7242 68
7241 11
7240 40
7239 27
7238 84
7237 70
7236 5
7235 0
7234 59
7233 77
7232 99
7231 94
7230 11
7229 44
7228 20
7227 33
7226 42
7225 17
7224 91
7223 54
7222 53
7221 52
7220 63
7219 23
7218 21
7217 60
7216 94
7215 76
7214 30
7213 89
7212 73
7211 88
7210 36
7209 43
7208 17
7207 3
7206 93
7205 81
7204 3
7203 55
7202 20
7201 31
7200 74
7199 92
7198 37
7197 16
7196 85
7195 74
7194 99
7193 78
7192 4
7191 86
7190 20
7189 98
7188 79
7187 48
7186 84
7185 9
7184 24
7183 70
7182 93
7181 2
7180 61
7179 7
7178 10
7177 98
7176 4
7175 73
7174 54
7173 51
7172 8
7171 100
7170 29
7169 46
7168 84
7167 3
7166 35
7165 37
7164 47
7163 6
7162 7
7161 90
7160 47
7159 73
7158 65
7157 53
7156 42
7155 8
7154 92
7153 4
7152 25
7151 68
7150 17
7149 32
7148 22
7147 80
7146 70
7145 55
7144 33
7143 30
7142 2
7141 65
7140 20
7139 26
7138 59
7137 79
7136 95
7135 52
7134 90
7133 99
7132 34
7131 74
7130 47
7129 61
7128 42
7127 93
7126 68
7125 54
7124 35
7123 75
7122 33
7121 27
7120 25
7119 94
7118 57
7117 88
7116 0
7115 21
7114 31
7113 36
7112 36
7111 44
7110 56
7109 67
7108 40
7107 91
7106 50
7105 35
7104 86
7103 82
7102 32
7101 14
7100 94
7099 80
7098 55
7097 25
7096 6
7095 70
7094 51
7093 2
7092 66
7091 39
7090 84
7089 92
7088 40
7087 28
7086 55
7085 27
7084 43
7083 85
7082 58
7081 89
7080 12
7079 0
7078 8
7077 34
7076 94
7075 39
7074 63
7073 55
7072 50
7071 53
7070 100
7069 19
7068 62
7067 41
7066 8
7065 0
7064 40
7063 79
7062 30
7061 63
7060 62
7059 37
7058 8
7057 33
7056 9
7055 1
7054 27
7053 79
7052 61
7051 85
7050 33
7049 92
7048 17
7047 47
7046 41
7045 97
7044 1
7043 54
7042 29
7041 11
7040 82
7039 89
7038 78
7037 15
7036 46
7035 44
7034 37
7033 80
7032 31
7031 91
7030 33
7029 47
7028 7
7027 40
7026 73
7025 39
7024 81
7023 82
7022 40
7021 34
7020 59
7019 25
7018 20
7017 57
7016 69
7015 17
7014 67
7013 72
7012 38
7011 75
7010 13
7009 34
7008 5
7007 3
7006 69
7005 28
7004 97
7003 54
7002 34
7001 90
7000 71
6999 39
6998 75
6997 15
6996 26
6995 75
6994 4
6993 0
6992 29
6991 24
6990 15
6989 69
6988 40
6987 2
6986 84
6985 42
6984 41
6983 18
6982 12
6981 45
6980 72
6979 1
6978 10
6977 83
6976 26
6975 22
6974 70
6973 43
6972 12
6971 20
6970 80
6969 83
6968 82
6967 29
6966 8
6965 10
6964 2
6963 94
6962 34
6961 0
6960 59
6959 7
6958 97
6957 11
6956 14
6955 26
6954 35
6953 77
6952 51
6951 72
6950 22
6949 36
6948 62
6947 42
6946 13
6945 11
6944 67
6943 53
6942 15
6941 42
6940 41
6939 34
6938 79
6937 21
6936 94
6935 98
6934 37
6933 4
6932 20
6931 75
6930 11
6929 20
6928 9
6927 43
6926 43
6925 26
6924 16
6923 23
6922 38
6921 88
6920 92
6919 82
6918 13
6917 70
6916 67
6915 41
6914 57
6913 85
6912 11
6911 73
6910 60
6909 93
6908 51
6907 85
6906 88
6905 44
6904 63
6903 55
6902 52
6901 5
6900 4
6899 68
6898 9
6897 55
6896 30
6895 35
6894 56
6893 23
6892 60
6891 1
6890 81
6889 34
6888 90
6887 53
6886 29
6885 5
6884 51
6883 53
6882 28
6881 43
6880 44
6879 39
6878 97
6877 8
6876 25
6875 69
6874 62
6873 40
6872 2
6871 12
6870 87
6869 88
6868 17
6867 31
6866 68
6865 1
6864 78
6863 3
6862 21
6861 12
6860 72
6859 10
6858 22
6857 92
6856 87
6855 71
6854 79
6853 67
6852 93
6851 99
6850 21
6849 33
6848 61
6847 81
6846 75
6845 20
6844 26
6843 2
6842 74
6841 84
6840 98
6839 43
6838 45
6837 42
6836 12
6835 54
6834 56
6833 40
6832 6
6831 73
6830 97
6829 42
6828 48
6827 42
6826 22
6825 31
6824 34
6823 72
6822 29
6821 35
6820 26
6819 25
6818 57
6817 44
6816 72
6815 83
6814 63
6813 27
6812 90
6811 4
6810 34
6809 45
6808 59
6807 83
6806 55
6805 76
6804 90
6803 76
6802 13
6801 81
6800 46
6799 82
6798 12
6797 30
6796 7
6795 99
6794 39
6793 49
6792 47
6791 65
6790 5
6789 40
6788 91
6787 62
6786 46
6785 38
6784 46
6783 80
6782 0
6781 85
6780 50
6779 0
6778 82
6777 86
6776 94
6775 49
6774 99
6773 20
6772 38
6771 45
6770 100
6769 59
6768 42
6767 92
6766 73
6765 38
6764 96
6763 53
6762 43
6761 0
6760 81
6759 51
6758 53
6757 11
6756 76
6755 4
6754 58
6753 73
6752 83
6751 47
6750 3
6749 73
6748 94
6747 55
6746 63
6745 66
6744 54
6743 40
6742 88
6741 2
6740 42
6739 84
6738 66
6737 44
6736 53
6735 20
6734 22
6733 66
6732 79
6731 52
6730 2
6729 6
6728 19
6727 24
6726 22
6725 1
6724 9
6723 26
6722 88
6721 32
6720 56
6719 66
6718 54
6717 6
6716 18
6715 58
6714 66
6713 9
6712 31
6711 85
6710 66
6709 93
6708 14
6707 53
6706 100
6705 97
6704 3
6703 34
6702 99
6701 66
6700 29
6699 82
6698 11
6697 5
6696 64
6695 3
6694 83
6693 30
6692 33
6691 56
6690 71
6689 51
6688 83
6687 52
6686 78
6685 25
6684 11
6683 43
6682 68
6681 45
6680 61
6679 1
6678 81
6677 97
6676 16
6675 96
6674 87
6673 93
6672 34
6671 11
6670 53
6669 11
6668 95
6667 70
6666 64
6665 76
6664 94
6663 82
6662 46
6661 0
6660 100
6659 84
6658 63
6657 98
6656 36
6655 61
6654 45
6653 89
6652 75
6651 21
6650 32
6649 29
6648 78
6647 82
6646 83
6645 40
6644 52
6643 78
6642 16
6641 7
6640 37
6639 16
6638 64
6637 73
6636 2
6635 15
6634 31
6633 35
6632 65
6631 70
6630 70
6629 38
6628 23
6627 33
6626 61
6625 30
6624 79
6623 16
6622 14
6621 44
6620 26
6619 25
6618 64
6617 61
6616 11
6615 78
6614 24
6613 8
6612 41
6611 34
6610 38
6609 68
6608 49
6607 16
6606 9
6605 92
6604 71
6603 60
6602 23
6601 78
6600 12
6599 93
6598 59
6597 3
6596 37
6595 54
6594 59
6593 88
6592 41
6591 94
6590 72
6589 56
6588 60
6587 50
6586 3
6585 97
6584 30
6583 82
6582 96
6581 45
6580 95
6579 99
6578 62
6577 88
6576 15
6575 16
6574 3
6573 30
6572 88
6571 21
6570 53
6569 22
6568 87
6567 47
6566 17
6565 56
6564 53
6563 54
6562 49
6561 58
6560 94
6559 52
6558 89
6557 18
6556 75
6555 53
6554 85
6553 33
6552 65
6551 44
6550 87
6549 29
6548 48
6547 46
6546 71
6545 45
6544 61
6543 30
6542 30
6541 75
6540 8
6539 62
6538 43
6537 69
6536 69
6535 43
6534 25
6533 32
6532 62
6531 90
6530 92
6529 35
6528 20
6527 52
6526 63
6525 100
6524 93
6523 81
6522 35
6521 92
6520 9
6519 84
6518 18
6517 23
6516 24
6515 34
6514 84
6513 42
6512 97
6511 32
6510 28
6509 95
6508 45
6507 92
6506 48
6505 22
6504 47
6503 10
6502 45
6501 69
6500 52
6499 53
6498 49
6497 100
6496 87
6495 95
6494 10
6493 85
6492 56
6491 14
6490 33
6489 58
6488 3
6487 33
6486 4
6485 97
6484 14
6483 30
6482 97
6481 38
6480 84
6479 86
6478 17
6477 46
6476 3
6475 70
6474 10
6473 0
6472 2
6471 83
6470 13
6469 37
6468 22
6467 55
6466 5
6465 15
6464 54
6463 46
6462 86
6461 99
6460 71
6459 18
6458 5
6457 72
6456 55
6455 82
6454 11
6453 47
6452 67
6451 51
6450 68
6449 3
6448 87
6447 85
6446 76
6445 95
6444 93
6443 41
6442 33
6441 10
6440 33
6439 89
6438 89
6437 2
6436 36
6435 4
6434 78
6433 17
6432 81
6431 46
6430 13
6429 35
6428 31
6427 37
6426 25
6425 65
6424 49
6423 51
6422 89
6421 36
6420 21
6419 2
6418 23
6417 40
6416 18
6415 69
6414 18
6413 33
6412 72
6411 40
6410 94
6409 67
6408 12
6407 49
6406 95
6405 82
6404 68
6403 19
6402 46
6401 80
6400 61
6399 39
6398 12
6397 73
6396 31
6395 58
6394 79
6393 11
6392 100
6391 33
6390 89
6389 91
6388 18
6387 65
6386 34
6385 90
6384 42
6383 88
6382 27
6381 67
6380 0
6379 62
6378 94
6377 50
6376 84
6375 7
6374 15
6373 30
6372 0
6371 64
6370 4
6369 78
6368 65
6367 85
6366 96
6365 15
6364 46
6363 24
6362 60
6361 2
6360 77
6359 94
6358 61
6357 82
6356 83
6355 72
6354 81
6353 17
6352 72
6351 36
6350 63
6349 0
6348 39
6347 64
6346 63
6345 9
6344 67
6343 16
6342 86
6341 97
6340 69
6339 49
6338 38
6337 34
6336 12
6335 67
6334 40
6333 63
6332 73
6331 21
6330 9
6329 59
6328 51
6327 78
6326 76
6325 4
6324 95
6323 4
6322 25
6321 72
6320 20
6319 7
6318 41
6317 96
6316 6
6315 40
6314 94
6313 4
6312 90
6311 46
6310 37
6309 0
6308 68
6307 67
6306 52
6305 48
6304 76
6303 67
6302 26
6301 10
6300 45
6299 2
6298 77
6297 9
6296 81
6295 41
6294 79
6293 33
6292 89
6291 85
6290 35
6289 95
6288 49
6287 17
6286 69
6285 91
6284 23
6283 92
6282 61
6281 18
6280 72
6279 9
6278 96
6277 85
6276 29
6275 50
6274 86
6273 18
6272 89
6271 15
6270 42
6269 66
6268 31
6267 94
6266 26
6265 28
6264 82
6263 87
6262 75
6261 13
6260 78
6259 1
6258 18
6257 40
6256 67
6255 12
6254 84
6253 66
6252 56
6251 63
6250 46
6249 50
6248 95
6247 95
6246 82
6245 89
6244 0
6243 27
6242 92
6241 14
6240 14
6239 42
6238 98
6237 1
6236 48
6235 71
6234 40
6233 85
6232 36
6231 57
6230 86
6229 27
6228 12
6227 57
6226 2
6225 69
6224 94
6223 14
6222 100
6221 97
6220 69
6219 52
6218 5
6217 50
6216 94
6215 63
6214 19
6213 90
6212 93
6211 13
6210 24
6209 39
6208 19
6207 91
6206 37
6205 61
6204 84
6203 48
6202 85
6201 11
6200 57
6199 2
6198 67
6197 0
6196 83
6195 30
6194 66
6193 31
6192 81
6191 17
6190 49
6189 88
6188 76
6187 13
6186 44
6185 16
6184 76
6183 31
6182 51
6181 77
6180 95
6179 53
6178 95
6177 36
6176 78
6175 78
6174 22
6173 98
6172 79
6171 73
6170 20
6169 47
6168 87
6167 71
6166 23
6165 76
6164 74
6163 32
6162 11
6161 45
6160 54
6159 88
6158 44
6157 96
6156 11
6155 33
6154 8
6153 49
6152 79
6151 83
6150 30
6149 53
6148 65
6147 5
6146 4
6145 30
6144 44
6143 46
6142 22
6141 99
6140 76
6139 97
6138 35
6137 46
6136 50
6135 3
6134 26
6133 97
6132 50
6131 82
6130 89
6129 74
6128 16
6127 83
6126 74
6125 34
6124 26
6123 32
6122 78
6121 69
6120 66
6119 95
6118 11
6117 95
6116 9
6115 86
6114 9
6113 44
6112 22
6111 28
6110 31
6109 42
6108 26
6107 57
6106 22
6105 81
6104 52
6103 90
6102 96
6101 94
6100 31
6099 63
6098 64
6097 96
6096 44
6095 72
6094 95
6093 66
6092 68
6091 13
6090 0
6089 80
6088 60
6087 30
6086 97
6085 94
6084 11
6083 64
6082 100
6081 72
6080 41
6079 71
6078 64
6077 43
6076 40
6075 31
6074 87
6073 84
6072 46
6071 59
6070 44
6069 45
6068 67
6067 88
6066 100
6065 99
6064 37
6063 8
6062 41
6061 42
6060 91
6059 28
6058 47
6057 39
6056 15
6055 79
6054 2
6053 7
6052 48
6051 7
6050 0
6049 41
6048 20
6047 35
6046 52
6045 96
6044 89
6043 69
6042 51
6041 81
6040 31
6039 32
6038 29
6037 11
6036 29
6035 86
6034 87
6033 82
6032 63
6031 9
6030 79
6029 100
6028 15
6027 93
6026 63
6025 100
6024 23
6023 29
6022 55
6021 91
6020 58
6019 71
6018 69
6017 61
6016 44
6015 63
6014 42
6013 6
6012 10
6011 26
6010 34
6009 37
6008 75
6007 44
6006 22
6005 3
6004 42
6003 47
6002 83
6001 36
6000 95
5999 83
5998 72
5997 70
5996 15
5995 54
5994 68
5993 63
5992 27
5991 20
5990 5
5989 44
5988 31
5987 30
5986 39
5985 23
5984 100
5983 83
5982 97
5981 89
5980 83
5979 90
5978 93
5977 18
5976 99
5975 58
5974 95
5973 93
5972 98
5971 89
5970 4
5969 1
5968 35
5967 88
5966 19
5965 45
5964 60
5963 76
5962 100
5961 7
5960 2
5959 64
5958 7
5957 40
5956 5
5955 31
5954 19
5953 55
5952 46
5951 73
5950 95
5949 82
5948 21
5947 93
5946 34
5945 34
5944 32
5943 14
5942 50
5941 98
5940 6
5939 68
5938 29
5937 8
5936 70
5935 59
5934 83
5933 54
5932 76
5931 3
5930 64
5929 51
5928 45
5927 42
5926 9
5925 1
5924 67
5923 16
5922 57
5921 61
5920 18
5919 48
5918 84
5917 96
5916 77
5915 17
5914 25
5913 34
5912 19
5911 14
5910 42
5909 65
5908 27
5907 65
5906 43
5905 21
5904 12
5903 55
5902 48
5901 1
5900 70
5899 51
5898 62
5897 97
5896 26
5895 75
5894 49
5893 18
5892 16
5891 33
5890 11
5889 55
5888 34
5887 24
5886 11
5885 89
5884 70
5883 0
5882 11
5881 48
5880 32
5879 32
5878 75
5877 3
5876 10
5875 1
5874 4
5873 75
5872 2
5871 27
5870 68
5869 44
5868 5
5867 35
5866 90
5865 47
5864 60
5863 29
5862 60
5861 90
5860 72
5859 87
5858 25
5857 2
5856 91
5855 41
5854 80
5853 31
5852 46
5851 88
5850 55
5849 84
5848 31
5847 20
5846 77
5845 12
5844 15
5843 99
5842 19
5841 73
5840 35
5839 69
5838 85
5837 70
5836 32
5835 60
5834 93
5833 94
5832 61
5831 38
5830 46
5829 100
5828 7
5827 5
5826 41
5825 98
5824 45
5823 4
5822 24
5821 26
5820 4
5819 51
5818 26
5817 64
5816 76
5815 60
5814 38
5813 19
5812 38
5811 42
5810 98
5809 79
5808 45
5807 100
5806 97
5805 75
5804 78
5803 89
5802 41
5801 49
5800 88
5799 86
5798 72
5797 22
5796 57
5795 55
5794 21
5793 7
5792 73
5791 6
5790 5
5789 73
5788 20
5787 65
5786 75
5785 20
5784 42
5783 96
5782 80
5781 62
5780 53
5779 7
5778 58
5777 74
5776 48
5775 2
5774 0
5773 40
5772 24
5771 91
5770 39
5769 87
5768 79
5767 41
5766 13
5765 26
5764 26
5763 64
5762 70
5761 26
5760 50
5759 8
5758 57
5757 0
5756 33
5755 10
5754 58
5753 32
5752 53
5751 76
5750 23
5749 29
5748 21
5747 78
5746 40
5745 7
5744 46
5743 33
5742 13
5741 21
5740 14
5739 53
5738 24
5737 18
5736 30
5735 23
5734 67
5733 37
5732 0
5731 24
5730 26
5729 96
5728 45
5727 73
5726 20
5725 15
5724 28
5723 25
5722 15
5721 20
5720 26
5719 24
5718 93
5717 61
5716 27
5715 71
5714 4
5713 73
5712 13
5711 6
5710 9
5709 22
5708 31
5707 61
5706 86
5705 54
5704 48
5703 50
5702 45
5701 75
5700 57
5699 15
5698 75
5697 96
5696 63
5695 75
5694 30
5693 25
5692 60
5691 70
5690 59
5689 82
5688 29
5687 75
5686 42
5685 61
5684 4
5683 2
5682 39
5681 52
5680 53
5679 69
5678 92
5677 87
5676 23
5675 73
5674 21
5673 52
5672 62
5671 80
5670 33
5669 75
5668 81
5667 66
5666 75
5665 37
5664 11
5663 77
5662 88
5661 3
5660 24
5659 56
5658 23
5657 15
5656 45
5655 73
5654 63
5653 44
5652 56
5651 90
5650 87
5649 49
5648 38
5647 65
5646 55
5645 13
5644 64
5643 69
5642 41
5641 5
5640 19
5639 37
5638 3
5637 53
5636 13
5635 26
5634 8
5633 29
5632 36
5631 81
5630 91
5629 69
5628 14
5627 95
5626 21
5625 91
5624 27
5623 38
5622 3
5621 63
5620 6
5619 21
5618 8
5617 23
5616 11
5615 36
5614 79
5613 78
5612 86
5611 63
5610 41
5609 38
5608 75
5607 44
5606 48
5605 20
5604 36
5603 66
5602 65
5601 48
5600 95
5599 66
5598 73
5597 0
5596 18
5595 51
5594 62
5593 3
5592 21
5591 66
5590 42
5589 27
5588 74
5587 38
5586 43
5585 13
5584 44
5583 42
5582 47
5581 18
5580 21
5579 55
5578 91
5577 30
5576 62
5575 89
5574 39
5573 11
5572 61
5571 39
5570 95
5569 71
5568 20
5567 25
5566 39
5565 72
5564 70
5563 0
5562 76
5561 12
5560 71
5559 53
5558 76
5557 80
5556 6
5555 43
5554 59
5553 26
5552 86
5551 10
5550 100
5549 66
5548 79
5547 32
5546 30
5545 9
5544 19
5543 98
5542 50
5541 92
5540 81
5539 30
5538 66
5537 60
5536 94
5535 99
5534 53
5533 15
5532 49
5531 5
5530 70
5529 60
5528 41
5527 23
5526 82
5525 59
5524 13
5523 65
5522 8
5521 56
5520 42
5519 86
5518 34
5517 29
5516 67
5515 67
5514 4
5513 19
5512 5
5511 90
5510 94
5509 50
5508 63
5507 57
5506 34
5505 29
5504 79
5503 81
5502 6
5501 80
5500 55
5499 21
5498 50
5497 37
5496 10
5495 60
5494 45
5493 51
5492 87
5491 36
5490 75
5489 91
5488 5
5487 28
5486 54
5485 23
5484 14
5483 48
5482 81
5481 23
5480 99
5479 61
5478 51
5477 100
5476 76
5475 70
5474 6
5473 73
5472 90
5471 66
5470 74
5469 78
5468 2
5467 90
5466 81
5465 5
5464 19
5463 53
5462 14
5461 99
5460 14
5459 34
5458 85
5457 60
5456 15
5455 58
5454 57
5453 98
5452 3
5451 45
5450 35
5449 95
5448 90
5447 52
5446 33
5445 91
5444 16
5443 81
5442 91
5441 8
5440 64
5439 89
5438 62
5437 0
5436 91
5435 30
5434 46
5433 97
5432 18
5431 63
5430 94
5429 63
5428 99
5427 37
5426 86
5425 31
5424 74
5423 69
5422 37
5421 97
5420 40
5419 41
5418 88
5417 29
5416 21
5415 9
5414 55
5413 19
5412 2
5411 91
5410 66
5409 3
5408 89
5407 75
5406 3
5405 84
5404 31
5403 53
5402 69
5401 96
5400 46
5399 0
5398 98
5397 13
5396 17
5395 42
5394 80
5393 74
5392 53
5391 61
5390 32
5389 61
5388 66
5387 99
5386 9
5385 21
5384 21
5383 4
5382 75
5381 27
5380 13
5379 41
5378 75
5377 36
5376 14
5375 91
5374 12
5373 32
5372 14
5371 30
5370 47
5369 6
5368 33
5367 88
5366 4
5365 99
5364 95
5363 93
5362 99
5361 58
5360 62
5359 82
5358 16
5357 89
5356 1
5355 60
5354 73
5353 27
5352 18
5351 8
5350 17
5349 36
5348 48
5347 69
5346 11
5345 90
5344 45
5343 93
5342 75
5341 55
5340 24
5339 59
5338 43
5337 36
5336 69
5335 31
5334 14
5333 79
5332 21
5331 73
5330 63
5329 2
5328 71
5327 9
5326 98
5325 71
5324 44
5323 42
5322 46
5321 15
5320 47
5319 49
5318 31
5317 48
5316 32
5315 18
5314 17
5313 52
5312 14
5311 50
5310 89
5309 66
5308 39
5307 90
5306 49
5305 94
5304 0
5303 45
5302 94
5301 78
5300 8
5299 15
5298 17
5297 92
5296 98
5295 17
5294 39
5293 24
5292 21
5291 49
5290 61
5289 88
5288 44
5287 42
5286 22
5285 2
5284 56
5283 20
5282 44
5281 55
5280 50
5279 38
5278 24
5277 3
5276 44
5275 0
5274 81
5273 99
5272 24
5271 94
5270 67
5269 57
5268 32
5267 0
5266 49
5265 26
5264 39
5263 76
5262 9
5261 31
5260 66
5259 90
5258 27
5257 41
5256 20
5255 95
5254 56
5253 74
5252 11
5251 94
5250 32
5249 10
5248 41
5247 27
5246 98
5245 26
5244 24
5243 46
5242 48
5241 85
5240 5
5239 5
5238 29
5237 50
5236 35
5235 75
5234 20
5233 22
5232 48
5231 42
5230 59
5229 76
5228 14
5227 96
5226 50
5225 32
5224 39
5223 5
5222 14
5221 58
5220 37
5219 55
5218 49
5217 61
5216 76
5215 46
5214 77
5213 76
5212 8
5211 49
5210 79
5209 78
5208 67
5207 15
5206 62
5205 44
5204 100
5203 25
5202 76
5201 51
5200 82
5199 83
5198 99
5197 11
5196 63
5195 41
5194 33
5193 99
5192 26
5191 61
5190 73
5189 92
5188 24
5187 14
5186 76
5185 86
5184 72
5183 47
5182 92
5181 98
5180 86
5179 65
5178 23
5177 19
5176 29
5175 41
5174 82
5173 58
5172 99
5171 75
5170 3
5169 35
5168 23
5167 51
5166 25
5165 45
5164 14
5163 91
5162 43
5161 30
5160 20
5159 77
5158 1
5157 75
5156 67
5155 37
5154 89
5153 93
5152 14
5151 42
5150 11
5149 58
5148 51
5147 25
5146 22
5145 21
5144 23
5143 55
5142 51
5141 3
5140 86
5139 64
5138 70
5137 76
5136 18
5135 95
5134 26
5133 69
5132 6
5131 24
5130 34
5129 43
5128 64
5127 38
5126 31
5125 81
5124 72
5123 0
5122 94
5121 65
5120 87
5119 33
5118 100
5117 78
5116 84
5115 88
5114 41
5113 53
5112 95
5111 58
5110 93
5109 9
5108 9
5107 23
5106 72
5105 66
5104 41
5103 95
5102 61
5101 78
5100 75
5099 17
5098 98
5097 64
5096 91
5095 93
5094 100
5093 100
5092 10
5091 53
5090 80
5089 59
5088 72
5087 91
5086 58
5085 9
5084 50
5083 62
5082 32
5081 84
5080 33
5079 80
5078 99
5077 26
5076 49
5075 65
5074 37
5073 16
5072 19
5071 26
5070 87
5069 74
5068 25
5067 65
5066 3
5065 52
5064 92
5063 66
5062 61
5061 57
5060 70
5059 25
5058 96
5057 28
5056 56
5055 23
5054 87
5053 22
5052 80
5051 10
5050 84
5049 51
5048 76
5047 17
5046 5
5045 59
5044 86
5043 95
5042 64
5041 29
5040 82
5039 81
5038 66
5037 90
5036 11
5035 35
5034 5
5033 8
5032 80
5031 7
5030 84
5029 76
5028 5
5027 17
5026 90
5025 59
5024 54
5023 90
5022 76
5021 91
5020 68
5019 60
5018 46
5017 94
5016 55
5015 65
5014 41
5013 84
5012 28
5011 50
5010 17
5009 34
5008 28
5007 21
5006 44
5005 58
5004 18
5003 51
5002 63
5001 98
5000 27
4999 46
4998 7
4997 90
4996 31
4995 0
4994 19
4993 99
4992 89
4991 12
4990 31
4989 44
4988 12
4987 49
4986 10
4985 83
4984 27
4983 17
4982 23
4981 30
4980 32
4979 16
4978 97
4977 62
4976 34
4975 87
4974 49
4973 0
4972 84
4971 19
4970 100
4969 49
4968 72
4967 84
4966 87
4965 35
4964 6
4963 99
4962 4
4961 3
4960 45
4959 27
4958 7
4957 3
4956 71
4955 29
4954 44
4953 93
4952 87
4951 58
4950 41
4949 3
4948 83
4947 45
4946 22
4945 5
4944 34
4943 8
4942 90
4941 12
4940 30
4939 45
4938 11
4937 28
4936 67
4935 3
4934 99
4933 25
4932 32
4931 81
4930 86
4929 38
4928 11
4927 95
4926 69
4925 47
4924 34
4923 96
4922 67
4921 93
4920 44
4919 64
4918 52
4917 78
4916 36
4915 12
4914 35
4913 9
4912 38
4911 1
4910 80
4909 11
4908 96
4907 93
4906 77
4905 13
4904 92
4903 3
4902 64
4901 72
4900 78
4899 70
4898 80
4897 62
4896 43
4895 30
4894 4
4893 38
4892 15
4891 1
4890 89
4889 57
4888 96
4887 58
4886 92
4885 69
4884 20
4883 9
4882 39
4881 64
4880 73
4879 30
4878 23
4877 92
4876 11
4875 34
4874 85
4873 54
4872 76
4871 18
4870 38
4869 50
4868 43
4867 94
4866 52
4865 7
4864 29
4863 19
4862 53
4861 40
4860 41
4859 41
4858 92
4857 79
4856 2
4855 73
4854 6
4853 31
4852 32
4851 44
4850 61
4849 9
4848 44
4847 62
4846 33
4845 16
4844 15
4843 81
4842 92
4841 64
4840 88
4839 2
4838 79
4837 52
4836 58
4835 52
4834 49
4833 0
4832 58
4831 77
4830 60
4829 33
4828 80
4827 52
4826 96
4825 85
4824 84
4823 33
4822 22
4821 14
4820 56
4819 45
4818 88
4817 93
4816 91
4815 50
4814 99
4813 100
4812 5
4811 64
4810 39
4809 55
4808 62
4807 34
4806 17
4805 8
4804 16
4803 29
4802 81
4801 52
4800 19
4799 79
4798 45
4797 16
4796 57
4795 45
4794 14
4793 83
4792 44
4791 88
4790 44
4789 37
4788 53
4787 68
4786 53
4785 63
4784 36
4783 78
4782 31
4781 71
4780 32
4779 96
4778 62
4777 84
4776 0
4775 5
4774 11
4773 40
4772 75
4771 50
4770 61
4769 81
4768 99
4767 54
4766 60
4765 4
4764 44
4763 25
4762 58
4761 2
4760 66
4759 50
4758 89
4757 81
4756 59
4755 9
4754 3
4753 45
4752 23
4751 61
4750 54
4749 31
4748 100
4747 62
4746 23
4745 5
4744 74
4743 41
4742 25
4741 73
4740 30
4739 21
4738 72
4737 11
4736 13
4735 88
4734 99
4733 24
4732 43
4731 39
4730 81
4729 81
4728 96
4727 96
4726 48
4725 86
4724 70
4723 91
4722 40
4721 1
4720 49
4719 49
4718 1
4717 15
4716 99
4715 75
4714 76
4713 25
4712 60
4711 40
4710 100
4709 16
4708 86
4707 10
4706 42
4705 77
4704 11
4703 20
4702 26
4701 24
4700 29
4699 80
4698 30
4697 64
4696 24
4695 70
4694 56
4693 17
4692 90
4691 12
4690 83
4689 91
4688 12
4687 49
4686 70
4685 84
4684 59
4683 66
4682 47
4681 6
4680 27
4679 2
4678 12
4677 9
4676 96
4675 83
4674 23
4673 19
4672 2
4671 85
4670 63
4669 60
4668 3
4667 52
4666 60
4665 94
4664 67
4663 4
4662 11
4661 72
4660 32
4659 48
4658 69
4657 16
4656 35
4655 77
4654 67
4653 92
4652 27
4651 10
4650 54
4649 39
4648 73
4647 20
4646 63
4645 92
4644 8
4643 39
4642 80
4641 64
4640 91
4639 51
4638 18
4637 26
4636 97
4635 60
4634 76
4633 9
4632 33
4631 67
4630 12
4629 57
4628 33
4627 41
4626 13
4625 16
4624 98
4623 11
4622 22
4621 83
4620 61
4619 23
4618 72
4617 27
4616 88
4615 83
4614 15
4613 9
4612 14
4611 76
4610 74
4609 64
4608 7
4607 28
4606 13
4605 21
4604 13
4603 25
4602 90
4601 95
4600 31
4599 1
4598 41
4597 73
4596 27
4595 41
4594 33
4593 32
4592 67
4591 96
4590 24
4589 57
4588 87
4587 45
4586 35
4585 6
4584 68
4583 82
4582 26
4581 47
4580 52
4579 82
4578 68
4577 49
4576 39
4575 82
4574 93
4573 40
4572 71
4571 58
4570 64
4569 84
4568 97
4567 72
4566 66
4565 5
4564 88
4563 43
4562 1
4561 22
4560 87
4559 8
4558 88
4557 4
4556 42
4555 38
4554 24
4553 12
4552 48
4551 31
4550 6
4549 66
4548 1
4547 61
4546 15
4545 6
4544 98
4543 46
4542 11
4541 17
4540 35
4539 91
4538 3
4537 36
4536 59
4535 76
4534 53
4533 20
4532 27
4531 67
4530 31
4529 53
4528 21
4527 98
4526 46
4525 44
4524 15
4523 47
4522 88
4521 18
4520 67
4519 13
4518 61
4517 91
4516 60
4515 53
4514 10
4513 5
4512 83
4511 74
4510 24
4509 14
4508 56
4507 69
4506 32
4505 10
4504 57
4503 75
4502 38
4501 97
4500 48
4499 67
4498 23
4497 74
4496 64
4495 66
4494 44
4493 23
4492 57
4491 90
4490 42
4489 82
4488 62
4487 86
4486 33
4485 82
4484 33
4483 48
4482 20
4481 20
4480 47
4479 87
4478 49
4477 7
4476 0
4475 36
4474 56
4473 70
4472 26
4471 5
4470 98
4469 100
4468 70
4467 32
4466 43
4465 62
4464 95
4463 57
4462 48
4461 27
4460 69
4459 20
4458 82
4457 27
4456 49
4455 39
4454 56
4453 82
4452 55
4451 67
4450 47
4449 27
4448 91
4447 34
4446 51
4445 65
4444 12
4443 4
4442 38
4441 24
4440 82
4439 14
4438 17
4437 63
4436 72
4435 28
4434 30
4433 84
4432 39
4431 3
4430 97
4429 82
4428 70
4427 22
4426 0
4425 18
4424 31
4423 12
4422 16
4421 75
4420 47
4419 68
4418 33
4417 99
4416 66
4415 47
4414 55
4413 24
4412 10
4411 28
4410 33
4409 30
4408 61
4407 59
4406 36
4405 37
4404 62
4403 41
4402 69
4401 6
4400 44
4399 64
4398 71
4397 0
4396 18
4395 70
4394 49
4393 12
4392 5
4391 4
4390 14
4389 73
4388 39
4387 53
4386 73
4385 76
4384 3
4383 33
4382 2
4381 82
4380 47
4379 94
4378 66
4377 99
4376 58
4375 4
4374 34
4373 80
4372 50
4371 100
4370 88
4369 77
4368 15
4367 59
4366 96
4365 21
4364 27
4363 56
4362 77
4361 85
4360 94
4359 95
4358 78
4357 96
4356 38
4355 35
4354 54
4353 39
4352 44
4351 40
4350 63
4349 96
4348 63
4347 3
4346 97
4345 66
4344 31
4343 25
4342 48
4341 84
4340 35
4339 23
4338 94
4337 22
4336 81
4335 64
4334 99
4333 23
4332 5
4331 56
4330 40
4329 3
4328 50
4327 40
4326 3
4325 17
4324 50
4323 68
4322 17
4321 86
4320 35
4319 16
4318 34
4317 94
4316 78
4315 86
4314 100
4313 94
4312 95
4311 68
4310 24
4309 82
4308 95
4307 60
4306 30
4305 89
4304 43
4303 34
4302 39
4301 1
4300 77
4299 22
4298 63
4297 61
4296 33
4295 12
4294 51
4293 81
4292 49
4291 39
4290 42
4289 37
4288 31
4287 81
4286 63
4285 25
4284 75
4283 1
4282 39
4281 7
4280 82
4279 76
4278 95
4277 17
4276 33
4275 3
4274 73
4273 100
4272 27
4271 50
4270 55
4269 53
4268 69
4267 11
4266 65
4265 71
4264 24
4263 98
4262 68
4261 98
4260 44
4259 96
4258 45
4257 96
4256 88
4255 27
4254 44
4253 94
4252 48
4251 31
4250 79
4249 64
4248 63
4247 49
4246 62
4245 91
4244 18
4243 74
4242 79
4241 50
4240 46
4239 33
4238 46
4237 18
4236 46
4235 22
4234 73
4233 11
4232 73
4231 89
4230 93
4229 27
4228 12
4227 23
4226 49
4225 21
4224 27
4223 95
4222 53
4221 91
4220 23
4219 71
4218 86
4217 19
4216 34
4215 38
4214 5
4213 78
4212 55
4211 82
4210 46
4209 21
4208 66
4207 79
4206 43
4205 38
4204 44
4203 48
4202 99
4201 3
4200 60
4199 63
4198 66
4197 8
4196 5
4195 37
4194 52
4193 100
4192 68
4191 6
4190 82
4189 84
4188 64
4187 66
4186 51
4185 62
4184 91
4183 64
4182 37
4181 18
4180 6
4179 49
4178 86
4177 0
4176 23
4175 26
4174 80
4173 2
4172 48
4171 51
4170 75
4169 73
4168 77
4167 20
4166 79
4165 58
4164 56
4163 88
4162 10
4161 58
4160 54
4159 86
4158 10
4157 72
4156 19
4155 26
4154 62
4153 81
4152 8
4151 74
4150 30
4149 83
4148 91
4147 82
4146 9
4145 50
4144 74
4143 47
4142 55
4141 36
4140 3
4139 52
4138 45
4137 6
4136 69
4135 7
4134 65
4133 4
4132 82
4131 3
4130 16
4129 35
4128 19
4127 100
4126 51
4125 20
4124 95
4123 46
4122 51
4121 60
4120 44
4119 59
4118 5
4117 71
4116 85
4115 67
4114 66
4113 54
4112 23
4111 37
4110 59
4109 20
4108 44
4107 35
4106 87
4105 68
4104 90
4103 37
4102 96
4101 47
4100 66
4099 60
4098 25
4097 78
4096 52
4095 38
4094 89
4093 74
4092 96
4091 100
4090 7
4089 86
4088 4
4087 41
4086 68
4085 85
4084 13
4083 21
4082 80
4081 11
4080 58
4079 26
4078 58
4077 51
4076 12
4075 76
4074 21
4073 64
4072 18
4071 91
4070 58
4069 75
4068 68
4067 16
4066 42
4065 47
4064 87
4063 4
4062 36
4061 75
4060 96
4059 13
4058 32
4057 1
4056 41
4055 52
4054 49
4053 10
4052 39
4051 31
4050 89
4049 68
4048 99
4047 59
4046 9
4045 27
4044 34
4043 76
4042 87
4041 80
4040 21
4039 18
4038 24
4037 33
4036 3
4035 78
4034 29
4033 91
4032 40
4031 98
4030 43
4029 32
4028 69
4027 47
4026 40
4025 11
4024 10
4023 51
4022 76
4021 34
4020 0
4019 7
4018 43
4017 36
4016 41
4015 22
4014 100
4013 9
4012 15
4011 23
4010 36
4009 60
4008 41
4007 22
4006 47
4005 31
4004 62
4003 84
4002 65
4001 22
4000 2
3999 1
3998 90
3997 25
3996 24
3995 49
3994 27
3993 76
3992 89
3991 35
3990 41
3989 69
3988 29
3987 4
3986 65
3985 21
3984 61
3983 20
3982 54
3981 47
3980 67
3979 2
3978 25
3977 19
3976 40
3975 66
3974 78
3973 0
3972 56
3971 72
3970 96
3969 100
3968 0
3967 13
3966 8
3965 56
3964 74
3963 52
3962 5
3961 37
3960 98
3959 16
3958 80
3957 15
3956 6
3955 19
3954 75
3953 25
3952 41
3951 57
3950 63
3949 77
3948 10
3947 16
3946 64
3945 84
3944 60
3943 80
3942 7
3941 34
3940 41
3939 20
3938 43
3937 44
3936 97
3935 73
3934 43
3933 40
3932 50
3931 50
3930 0
3929 86
3928 40
3927 99
3926 27
3925 97
3924 99
3923 48
3922 51
3921 31
3920 22
3919 57
3918 78
3917 79
3916 48
3915 64
3914 22
3913 43
3912 70
3911 41
3910 2
3909 38
3908 37
3907 5
3906 58
3905 63
3904 82
3903 16
3902 76
3901 82
3900 41
3899 12
3898 63
3897 20
3896 48
3895 20
3894 96
3893 69
3892 2
3891 61
3890 9
3889 71
3888 13
3887 12
3886 27
3885 14
3884 83
3883 98
3882 34
3881 39
3880 8
3879 27
3878 88
3877 67
3876 53
3875 36
3874 44
3873 73
3872 3
3871 56
3870 2
3869 83
3868 79
3867 74
3866 94
3865 5
3864 49
3863 56
3862 68
3861 62
3860 68
3859 72
3858 21
3857 57
3856 96
3855 59
3854 40
3853 55
3852 0
3851 35
3850 24
3849 71
3848 69
3847 84
3846 0
3845 67
3844 48
3843 37
3842 55
3841 61
3840 66
3839 38
3838 88
3837 100
3836 56
3835 65
3834 24
3833 4
3832 99
3831 55
3830 99
3829 37
3828 30
3827 56
3826 65
3825 79
3824 12
3823 1
3822 46
3821 19
3820 66
3819 52
3818 58
3817 98
3816 83
3815 15
3814 57
3813 43
3812 52
3811 45
3810 90
3809 52
3808 20
3807 85
3806 84
3805 77
3804 16
3803 94
3802 87
3801 64
3800 45
3799 12
3798 77
3797 42
3796 92
3795 92
3794 23
3793 91
3792 56
3791 55
3790 55
3789 3
3788 20
3787 91
3786 91
3785 92
3784 78
3783 69
3782 49
3781 26
3780 70
3779 44
3778 41
3777 6
3776 63
3775 35
3774 28
3773 92
3772 39
3771 87
3770 50
3769 81
3768 82
3767 70
3766 86
3765 72
3764 30
3763 18
3762 70
3761 68
3760 79
3759 88
3758 49
3757 92
3756 57
3755 91
3754 2
3753 23
3752 72
3751 42
3750 91
3749 36
3748 72
3747 98
3746 61
3745 67
3744 94
3743 85
3742 27
3741 66
3740 16
3739 24
3738 31
3737 52
3736 72
3735 42
3734 5
3733 44
3732 42
3731 96
3730 95
3729 82
3728 91
3727 84
3726 18
3725 21
3724 25
3723 62
3722 64
3721 29
3720 10
3719 76
3718 34
3717 10
3716 69
3715 35
3714 52
3713 25
3712 18
3711 67
3710 37
3709 71
3708 35
3707 66
3706 71
3705 75
3704 93
3703 91
3702 99
3701 30
3700 6
3699 98
3698 43
3697 9
3696 91
3695 7
3694 6
3693 94
3692 59
3691 86
3690 27
3689 12
3688 95
3687 10
3686 98
3685 61
3684 6
3683 79
3682 52
3681 42
3680 34
3679 66
3678 76
3677 23
3676 18
3675 34
3674 68
3673 93
3672 82
3671 41
3670 38
3669 82
3668 78
3667 49
3666 8
3665 9
3664 78
3663 56
3662 2
3661 14
3660 56
3659 89
3658 40
3657 28
3656 24
3655 58
3654 56
3653 0
3652 74
3651 22
3650 25
3649 90
3648 99
3647 64
3646 16
3645 9
3644 38
3643 60
3642 1
3641 61
3640 9
3639 23
3638 36
3637 33
3636 39
3635 29
3634 95
3633 47
3632 99
3631 45
3630 47
3629 69
3628 52
3627 42
3626 85
3625 65
3624 11
3623 72
3622 21
3621 23
3620 7
3619 53
3618 97
3617 46
3616 18
3615 35
3614 8
3613 66
3612 48
3611 83
3610 30
3609 29
3608 50
3607 50
3606 60
3605 76
3604 79
3603 84
3602 3
3601 27
3600 14
3599 44
3598 7
3597 30
3596 77
3595 36
3594 53
3593 42
3592 60
3591 66
3590 15
3589 28
3588 34
3587 54
3586 50
3585 44
3584 14
3583 91
3582 98
3581 23
3580 59
3579 12
3578 49
3577 100
3576 76
3575 54
3574 61
3573 8
3572 37
3571 3
3570 23
3569 46
3568 25
3567 63
3566 42
3565 12
3564 46
3563 83
3562 34
3561 43
3560 82
3559 98
3558 26
3557 59
3556 77
3555 82
3554 7
3553 3
3552 48
3551 42
3550 35
3549 12
3548 72
3547 16
3546 90
3545 43
3544 22
3543 30
3542 94
3541 48
3540 66
3539 80
3538 45
3537 15
3536 20
3535 63
3534 67
3533 8
3532 94
3531 56
3530 0
3529 65
3528 57
3527 66
3526 66
3525 56
3524 73
3523 34
3522 73
3521 91
3520 49
3519 28
3518 94
3517 52
3516 43
3515 62
3514 10
3513 28
3512 75
3511 70
3510 31
3509 66
3508 95
3507 27
3506 74
3505 36
3504 53
3503 1
3502 39
3501 46
3500 38
3499 29
3498 57
3497 93
3496 58
3495 75
3494 6
3493 57
3492 82
3491 50
3490 83
3489 88
3488 41
3487 41
3486 17
3485 79
3484 83
3483 57
3482 4
3481 64
3480 52
3479 100
3478 58
3477 6
3476 82
3475 42
3474 42
3473 10
3472 10
3471 70
3470 83
3469 98
3468 35
3467 19
3466 76
3465 35
3464 83
3463 13
3462 18
3461 47
3460 70
3459 3
3458 99
3457 96
3456 73
3455 59
3454 49
3453 23
3452 49
3451 43
3450 89
3449 59
3448 26
3447 74
3446 83
3445 65
3444 99
3443 75
3442 47
3441 8
3440 2
3439 56
3438 93
3437 70
3436 51
3435 15
3434 95
3433 83
3432 54
3431 27
3430 90
3429 85
3428 96
3427 66
3426 97
3425 44
3424 6
3423 14
3422 44
3421 91
3420 6
3419 15
3418 47
3417 34
3416 91
3415 89
3414 22
3413 89
3412 100
3411 96
3410 55
3409 41
3408 81
3407 36
3406 50
3405 88
3404 93
3403 0
3402 5
3401 57
3400 28
3399 84
3398 9
3397 74
3396 62
3395 84
3394 77
3393 97
3392 52
3391 95
3390 44
3389 54
3388 84
3387 7
3386 50
3385 48
3384 76
3383 93
3382 83
3381 30
3380 64
3379 73
3378 4
3377 76
3376 77
3375 93
3374 50
3373 17
3372 100
3371 77
3370 40
3369 81
3368 67
3367 91
3366 100
3365 96
3364 68
3363 74
3362 89
3361 4
3360 50
3359 88
3358 30
3357 24
3356 96
3355 93
3354 74
3353 36
3352 40
3351 67
3350 10
3349 95
3348 17
3347 15
3346 31
3345 37
3344 39
3343 96
3342 72
3341 49
3340 48
3339 21
3338 75
3337 47
3336 89
3335 3
3334 53
3333 68
3332 5
3331 97
3330 21
3329 89
3328 12
3327 80
3326 64
3325 98
3324 96
3323 83
3322 53
3321 71
3320 11
3319 37
3318 32
3317 71
3316 29
3315 97
3314 34
3313 49
3312 53
3311 42
3310 65
3309 96
3308 54
3307 47
3306 98
3305 72
3304 17
3303 24
3302 8
3301 71
3300 44
3299 1
3298 5
3297 26
3296 1
3295 75
3294 15
3293 5
3292 59
3291 14
3290 65
3289 72
3288 69
3287 11
3286 74
3285 51
3284 52
3283 3
3282 62
3281 22
3280 95
3279 60
3278 71
3277 77
3276 95
3275 54
3274 71
3273 9
3272 39
3271 59
3270 99
3269 40
3268 100
3267 65
3266 79
3265 44
3264 0
3263 2
3262 15
3261 91
3260 32
3259 38
3258 20
3257 54
3256 71
3255 61
3254 63
3253 49
3252 5
3251 69
3250 35
3249 53
3248 5
3247 99
3246 2
3245 20
3244 88
3243 34
3242 86
3241 53
3240 26
3239 99
3238 47
3237 80
3236 19
3235 93
3234 37
3233 85
3232 34
3231 3
3230 82
3229 34
3228 42
3227 82
3226 82
3225 44
3224 71
3223 16
3222 13
3221 25
3220 78
3219 0
3218 100
3217 1
3216 52
3215 24
3214 20
3213 47
3212 88
3211 49
3210 67
3209 100
3208 37
3207 80
3206 96
3205 21
3204 95
3203 86
3202 66
3201 61
3200 29
3199 79
3198 14
3197 89
3196 80
3195 59
3194 22
3193 92
3192 0
3191 11
3190 25
3189 15
3188 22
3187 82
3186 35
3185 85
3184 23
3183 100
3182 33
3181 8
3180 18
3179 34
3178 51
3177 36
3176 43
3175 21
3174 11
3173 65
3172 11
3171 68
3170 78
3169 3
3168 8
3167 45
3166 62
3165 61
3164 99
3163 85
3162 50
3161 83
3160 37
3159 13
3158 65
3157 38
3156 12
3155 50
3154 69
3153 72
3152 42
3151 31
3150 68
3149 13
3148 44
3147 84
3146 78
3145 81
3144 44
3143 63
3142 99
3141 28
3140 33
3139 6
3138 85
3137 22
3136 52
3135 54
3134 54
3133 61
3132 0
3131 34
3130 62
3129 91
3128 86
3127 62
3126 1
3125 29
3124 28
3123 37
3122 87
3121 75
3120 77
3119 38
3118 55
3117 95
3116 47
3115 88
3114 21
3113 54
3112 32
3111 81
3110 86
3109 89
3108 94
3107 6
3106 46
3105 92
3104 83
3103 23
3102 76
3101 2
3100 58
3099 8
3098 41
3097 44
3096 35
3095 61
3094 44
3093 64
3092 34
3091 57
3090 99
3089 27
3088 34
3087 24
3086 23
3085 75
3084 10
3083 13
3082 94
3081 36
3080 13
3079 4
3078 21
3077 90
3076 76
3075 18
3074 49
3073 25
3072 100
3071 27
3070 3
3069 42
3068 28
3067 43
3066 11
3065 14
3064 30
3063 15
3062 47
3061 70
3060 16
3059 21
3058 8
3057 35
3056 53
3055 96
3054 6
3053 38
3052 11
3051 11
3050 31
3049 20
3048 85
3047 16
3046 2
3045 6
3044 85
3043 25
3042 65
3041 92
3040 31
3039 62
3038 23
3037 66
3036 47
3035 28
3034 69
3033 54
3032 20
3031 53
3030 77
3029 25
3028 47
3027 69
3026 46
3025 15
3024 20
3023 60
3022 61
3021 63
3020 14
3019 34
3018 21
3017 82
3016 95
3015 47
3014 88
3013 24
3012 56
3011 81
3010 79
3009 69
3008 100
3007 78
3006 67
3005 10
3004 91
3003 62
3002 76
3001 41
3000 57
2999 25
2998 17
2997 49
2996 46
2995 96
2994 29
2993 0
2992 42
2991 66
2990 67
2989 29
2988 75
2987 6
2986 67
2985 49
2984 93
2983 16
2982 78
2981 24
2980 69
2979 83
2978 55
2977 2
2976 4
2975 13
2974 72
2973 9
2972 74
2971 96
2970 87
2969 20
2968 71
2967 22
2966 64
2965 10
2964 61
2963 52
2962 18
2961 32
2960 7
2959 52
2958 27
2957 21
2956 47
2955 79
2954 33
2953 56
2952 69
2951 86
2950 37
2949 90
2948 94
2947 71
2946 42
2945 28
2944 26
2943 2
2942 27
2941 93
2940 79
2939 66
2938 17
2937 15
2936 17
2935 7
2934 25
2933 1
2932 17
2931 21
2930 74
2929 26
2928 83
2927 10
2926 92
2925 75
2924 31
2923 35
2922 0
2921 28
2920 43
2919 3
2918 92
2917 90
2916 36
2915 99
2914 9
2913 5
2912 5
2911 48
2910 0
2909 23
2908 70
2907 89
2906 36
2905 32
2904 86
2903 30
2902 57
2901 51
2900 91
2899 91
2898 42
2897 93
2896 55
2895 60
2894 21
2893 77
2892 65
2891 39
2890 61
2889 83
2888 76
2887 72
2886 26
2885 42
2884 30
2883 85
2882 72
2881 85
2880 11
2879 25
2878 90
2877 85
2876 58
2875 17
2874 1
2873 69
2872 36
2871 86
2870 87
2869 11
2868 5
2867 36
2866 0
2865 15
2864 72
2863 98
2862 28
2861 20
2860 8
2859 18
2858 55
2857 62
2856 38
2855 79
2854 40
2853 99
2852 46
2851 11
2850 33
2849 77
2848 25
2847 3
2846 30
2845 36
2844 49
2843 81
2842 90
2841 19
2840 31
2839 92
2838 46
2837 54
2836 28
2835 8
2834 70
2833 3
2832 9
2831 86
2830 25
2829 37
2828 89
2827 73
2826 88
2825 83
2824 95
2823 71
2822 16
2821 63
2820 92
2819 4
2818 85
2817 60
2816 39
2815 53
2814 44
2813 15
2812 94
2811 23
2810 69
2809 49
2808 0
2807 48
2806 27
2805 93
2804 23
2803 56
2802 93
2801 95
2800 58
2799 70
2798 29
2797 23
2796 95
2795 25
2794 54
2793 56
2792 44
2791 65
2790 61
2789 39
2788 89
2787 18
2786 96
2785 94
2784 40
2783 63
2782 90
2781 50
2780 70
2779 1
2778 23
2777 31
2776 24
2775 79
2774 15
2773 31
2772 96
2771 87
2770 35
2769 26
2768 69
2767 13
2766 33
2765 10
2764 27
2763 72
2762 67
2761 14
2760 18
2759 74
2758 91
2757 78
2756 77
2755 84
2754 19
2753 61
2752 75
2751 98
2750 88
2749 80
2748 67
2747 3
2746 68
2745 54
2744 63
2743 79
2742 75
2741 62
2740 38
2739 5
2738 55
2737 64
2736 98
2735 5
2734 26
2733 21
2732 85
2731 90
2730 4
2729 79
2728 94
2727 95
2726 78
2725 51
2724 98
2723 78
2722 96
2721 95
2720 32
2719 47
2718 66
2717 90
2716 51
2715 96
2714 38
2713 53
2712 97
2711 60
2710 11
2709 86
2708 93
2707 41
2706 36
2705 96
2704 62
2703 18
2702 59
2701 85
2700 52
2699 27
2698 27
2697 72
2696 93
2695 45
2694 60
2693 61
2692 67
2691 32
2690 1
2689 24
2688 9
2687 55
2686 39
2685 49
2684 23
2683 95
2682 7
2681 86
2680 76
2679 64
2678 56
2677 32
2676 83
2675 71
2674 17
2673 54
2672 37
2671 1
2670 55
2669 91
2668 97
2667 48
2666 0
2665 98
2664 47
2663 2
2662 98
2661 42
2660 97
2659 34
2658 59
2657 7
2656 63
2655 43
2654 47
2653 62
2652 9
2651 65
2650 81
2649 99
2648 57
2647 95
2646 24
2645 17
2644 34
2643 83
2642 14
2641 98
2640 96
2639 29
2638 60
2637 38
2636 73
2635 81
2634 39
2633 39
2632 1
2631 52
2630 98
2629 33
2628 0
2627 20
2626 35
2625 52
2624 36
2623 5
2622 80
2621 62
2620 9
2619 41
2618 75
2617 62
2616 44
2615 36
2614 0
2613 41
2612 57
2611 79
2610 80
2609 22
2608 16
2607 15
2606 80
2605 64
2604 29
2603 37
2602 80
2601 18
2600 18
2599 3
2598 83
2597 38
2596 60
2595 73
2594 56
2593 90
2592 14
2591 82
2590 92
2589 85
2588 59
2587 76
2586 20
2585 71
2584 78
2583 13
2582 28
2581 95
2580 52
2579 12
2578 18
2577 71
2576 16
2575 51
2574 51
2573 95
2572 64
2571 65
2570 6
2569 76
2568 55
2567 23
2566 30
2565 94
2564 98
2563 74
2562 16
2561 3
2560 17
2559 79
2558 53
2557 46
2556 31
2555 13
2554 5
2553 18
2552 8
2551 72
2550 20
2549 63
2548 86
2547 100
2546 4
2545 33
2544 34
2543 35
2542 36
2541 6
2540 100
2539 89
2538 15
2537 79
2536 15
2535 96
2534 93
2533 55
2532 43
2531 59
2530 77
2529 40
2528 52
2527 17
2526 20
2525 62
2524 34
2523 21
2522 49
2521 84
2520 39
2519 1
2518 18
2517 80
2516 81
2515 2
2514 97
2513 75
2512 13
2511 7
2510 82
2509 16
2508 23
2507 75
2506 86
2505 19
2504 30
2503 34
2502 82
2501 29
2500 49
2499 98
2498 8
2497 81
2496 39
2495 34
2494 49
2493 24
2492 73
2491 15
2490 79
2489 78
2488 54
2487 11
2486 1
2485 78
2484 8
2483 76
2482 41
2481 66
2480 36
2479 67
2478 2
2477 47
2476 15
2475 38
2474 28
2473 67
2472 49
2471 57
2470 2
2469 20
2468 94
2467 8
2466 72
2465 91
2464 71
2463 23
2462 5
2461 67
2460 75
2459 8
2458 75
2457 96
2456 61
2455 93
2454 4
2453 82
2452 5
2451 2
2450 17
2449 68
2448 25
2447 20
2446 34
2445 15
2444 19
2443 66
2442 86
2441 50
2440 69
2439 79
2438 52
2437 24
2436 63
2435 25
2434 38
2433 34
2432 65
2431 46
2430 23
2429 58
2428 12
2427 53
2426 45
2425 96
2424 71
2423 11
2422 63
2421 6
2420 52
2419 9
2418 69
2417 80
2416 26
2415 93
2414 66
2413 74
2412 59
2411 35
2410 21
2409 97
2408 27
2407 32
2406 70
2405 69
2404 96
2403 46
2402 43
2401 97
2400 17
2399 81
2398 80
2397 94
2396 96
2395 38
2394 7
2393 83
2392 69
2391 4
2390 26
2389 29
2388 4
2387 44
2386 6
2385 90
2384 91
2383 32
2382 85
2381 27
2380 89
2379 66
2378 8
2377 19
2376 40
2375 73
2374 15
2373 30
2372 100
2371 20
2370 86
2369 37
2368 1
2367 33
2366 100
2365 36
2364 54
2363 55
2362 70
2361 47
2360 48
2359 10
2358 1
2357 31
2356 67
2355 37
2354 70
2353 6
2352 10
2351 39
2350 36
2349 15
2348 51
2347 7
2346 42
2345 81
2344 7
2343 12
2342 66
2341 79
2340 70
2339 25
2338 29
2337 86
2336 16
2335 63
2334 35
2333 30
2332 56
2331 9
2330 37
2329 92
2328 9
2327 53
2326 63
2325 12
2324 9
2323 57
2322 19
2321 34
2320 15
2319 98
2318 19
2317 36
2316 7
2315 58
2314 4
2313 24
2312 55
2311 40
2310 43
2309 17
2308 4
2307 11
2306 37
2305 39
2304 78
2303 94
2302 39
2301 96
2300 23
2299 31
2298 4
2297 26
2296 86
2295 2
2294 63
2293 11
2292 56
2291 41
2290 27
2289 98
2288 91
2287 86
2286 34
2285 88
2284 78
2283 85
2282 36
2281 19
2280 47
2279 37
2278 92
2277 85
2276 96
2275 2
2274 54
2273 61
2272 6
2271 11
2270 87
2269 92
2268 11
2267 47
2266 63
2265 96
2264 63
2263 95
2262 69
2261 2
2260 29
2259 61
2258 96
2257 4
2256 93
2255 99
2254 38
2253 70
2252 11
2251 81
2250 86
2249 15
2248 74
2247 36
2246 19
2245 63
2244 54
2243 75
2242 19
2241 87
2240 88
2239 51
2238 58
2237 100
2236 21
2235 40
2234 56
2233 44
2232 34
2231 85
2230 75
2229 20
2228 22
2227 69
2226 75
2225 99
2224 52
2223 50
2222 84
2221 57
2220 74
2219 13
2218 27
2217 58
2216 70
2215 25
2214 90
2213 35
2212 64
2211 40
2210 23
2209 30
2208 55
2207 96
2206 59
2205 73
2204 3
2203 97
2202 92
2201 34
2200 44
2199 63
2198 100
2197 6
2196 33
2195 66
2194 10
2193 5
2192 98
2191 80
2190 94
2189 72
2188 36
2187 20
2186 3
2185 99
2184 10
2183 83
2182 47
2181 23
2180 46
2179 22
2178 0
2177 99
2176 50
2175 36
2174 47
2173 73
2172 35
2171 94
2170 36
2169 15
2168 63
2167 76
2166 65
2165 45
2164 86
2163 59
2162 51
2161 13
2160 48
2159 45
2158 55
2157 97
2156 100
2155 60
2154 89
2153 26
2152 67
2151 61
2150 17
2149 78
2148 50
2147 33
2146 58
2145 33
2144 75
2143 76
2142 59
2141 36
2140 89
2139 27
2138 90
2137 9
2136 29
2135 66
2134 94
2133 13
2132 87
2131 74
2130 20
2129 15
2128 87
2127 13
2126 49
2125 12
2124 66
2123 2
2122 82
2121 89
2120 86
2119 39
2118 50
2117 1
2116 59
2115 3
2114 15
2113 34
2112 81
2111 91
2110 7
2109 31
2108 5
2107 82
2106 81
2105 5
2104 80
2103 58
2102 79
2101 39
2100 7
2099 18
2098 60
2097 34
2096 34
2095 48
2094 39
2093 45
2092 7
2091 16
2090 99
2089 42
2088 47
2087 10
2086 37
2085 41
2084 80
2083 57
2082 76
2081 13
2080 23
2079 79
2078 82
2077 80
2076 51
2075 77
2074 86
2073 16
2072 11
2071 65
2070 52
2069 57
2068 86
2067 72
2066 92
2065 97
2064 40
2063 86
2062 55
2061 82
2060 53
2059 29
2058 5
2057 22
2056 49
2055 92
2054 30
2053 4
2052 55
2051 67
2050 9
2049 87
2048 53
2047 91
2046 16
2045 32
2044 92
2043 89
2042 19
2041 1
2040 45
2039 2
2038 48
2037 8
2036 30
2035 92
2034 80
2033 16
2032 36
2031 42
2030 36
2029 10
2028 0
2027 82
2026 68
2025 74
2024 84
2023 19
2022 74
2021 39
2020 89
2019 51
2018 3
2017 67
2016 99
2015 12
2014 34
2013 74
2012 46
2011 80
2010 17
2009 23
2008 41
2007 56
2006 37
2005 80
2004 44
2003 11
2002 62
2001 20
2000 16
1999 48
1998 1
1997 45
1996 47
1995 88
1994 4
1993 2
1992 85
1991 70
1990 78
1989 23
1988 30
1987 55
1986 17
1985 100
1984 27
1983 6
1982 17
1981 21
1980 54
1979 35
1978 4
1977 4
1976 84
1975 61
1974 88
1973 78
1972 18
1971 23
1970 39
1969 58
1968 36
1967 5
1966 88
1965 36
1964 84
1963 86
1962 83
1961 23
1960 53
1959 77
1958 56
1957 30
1956 4
1955 11
1954 14
1953 30
1952 95
1951 27
1950 91
1949 47
1948 25
1947 85
1946 11
1945 48
1944 96
1943 68
1942 99
1941 14
1940 40
1939 53
1938 58
1937 84
1936 74
1935 83
1934 41
1933 91
1932 36
1931 39
1930 29
1929 58
1928 77
1927 57
1926 17
1925 14
1924 29
1923 45
1922 58
1921 10
1920 33
1919 73
1918 0
1917 31
1916 68
1915 47
1914 5
1913 91
1912 10
1911 15
1910 88
1909 93
1908 7
1907 80
1906 71
1905 60
1904 52
1903 93
1902 42
1901 28
1900 6
1899 53
1898 41
1897 2
1896 98
1895 7
1894 87
1893 40
1892 54
1891 24
1890 87
1889 7
1888 43
1887 4
1886 36
1885 3
1884 4
1883 39
1882 80
1881 58
1880 76
1879 27
1878 93
1877 32
1876 59
1875 26
1874 72
1873 93
1872 11
1871 73
1870 21
1869 100
1868 24
1867 7
1866 15
1865 3
1864 73
1863 86
1862 73
1861 59
1860 80
1859 93
1858 91
1857 85
1856 76
1855 33
1854 10
1853 48
1852 59
1851 78
1850 18
1849 17
1848 22
1847 50
1846 56
1845 40
1844 39
1843 89
1842 16
1841 57
1840 80
1839 17
1838 73
1837 77
1836 33
1835 42
1834 47
1833 74
1832 48
1831 46
1830 6
1829 37
1828 33
1827 13
1826 93
1825 15
1824 88
1823 44
1822 64
1821 64
1820 100
1819 26
1818 54
1817 95
1816 21
1815 42
1814 22
1813 75
1812 87
1811 63
1810 90
1809 29
1808 2
1807 51
1806 63
1805 44
1804 22
1803 57
1802 41
1801 52
1800 63
1799 68
1798 22
1797 57
1796 58
1795 60
1794 33
1793 41
1792 66
1791 94
1790 42
1789 25
1788 28
1787 59
1786 72
1785 64
1784 14
1783 12
1782 92
1781 97
1780 86
1779 85
1778 83
1777 63
1776 89
1775 46
1774 94
1773 91
1772 27
1771 66
1770 32
1769 70
1768 64
1767 8
1766 11
1765 41
1764 94
1763 52
1762 70
1761 24
1760 42
1759 0
1758 41
1757 29
1756 13
1755 91
1754 61
1753 92
1752 92
1751 42
1750 8
1749 80
1748 38
1747 71
1746 23
1745 81
1744 58
1743 17
1742 5
1741 38
1740 4
1739 26
1738 79
1737 90
1736 89
1735 73
1734 82
1733 12
1732 37
1731 6
1730 67
1729 74
1728 83
1727 14
1726 64
1725 67
1724 10
1723 82
1722 26
1721 27
1720 51
1719 76
1718 84
1717 67
1716 3
1715 63
1714 73
1713 9
1712 75
1711 28
1710 61
1709 3
1708 44
1707 70
1706 35
1705 20
1704 80
1703 20
1702 64
1701 83
1700 62
1699 97
1698 0
1697 83
1696 43
1695 15
1694 26
1693 36
1692 89
1691 63
1690 10
1689 13
1688 32
1687 51
1686 80
1685 34
1684 62
1683 80
1682 23
1681 26
1680 6
1679 8
1678 38
1677 57
1676 92
1675 58
1674 68
1673 40
1672 47
1671 7
1670 47
1669 4
1668 8
1667 99
1666 67
1665 89
1664 86
1663 18
1662 100
1661 59
1660 46
1659 88
1658 31
1657 76
1656 32
1655 47
1654 29
1653 82
1652 75
1651 37
1650 56
1649 50
1648 79
1647 80
1646 36
1645 63
1644 36
1643 12
1642 5
1641 90
1640 93
1639 42
1638 99
1637 89
1636 81
1635 44
1634 28
1633 15
1632 100
1631 10
1630 45
1629 11
1628 74
1627 39
1626 82
1625 27
1624 35
1623 79
1622 56
1621 51
1620 93
1619 74
1618 58
1617 47
1616 77
1615 63
1614 24
1613 36
1612 84
1611 81
1610 47
1609 84
1608 78
1607 78
1606 54
1605 19
1604 41
1603 56
1602 28
1601 9
1600 90
1599 28
1598 34
1597 66
1596 23
1595 68
1594 33
1593 28
1592 15
1591 43
1590 51
1589 88
1588 78
1587 16
1586 46
1585 80
1584 20
1583 59
1582 6
1581 84
1580 20
1579 59
1578 62
1577 82
1576 23
1575 76
1574 48
1573 63
1572 7
1571 91
1570 17
1569 94
1568 93
1567 1
1566 59
1565 4
1564 34
1563 84
1562 68
1561 90
1560 61
1559 41
1558 62
1557 4
1556 2
1555 81
1554 76
1553 66
1552 55
1551 7
1550 88
1549 37
1548 96
1547 59
1546 47
1545 80
1544 50
1543 83
1542 78
1541 80
1540 20
1539 6
1538 81
1537 2
1536 65
1535 96
1534 47
1533 82
1532 0
1531 77
1530 54
1529 93
1528 66
1527 55
1526 100
1525 59
1524 82
1523 77
1522 27
1521 53
1520 67
1519 31
1518 65
1517 57
1516 3
1515 37
1514 15
1513 33
1512 24
1511 38
1510 62
1509 25
1508 41
1507 32
1506 31
1505 12
1504 36
1503 70
1502 93
1501 23
1500 28
1499 27
1498 9
1497 66
1496 80
1495 68
1494 57
1493 89
1492 65
1491 89
1490 71
1489 3
1488 59
1487 74
1486 51
1485 36
1484 8
1483 57
1482 5
1481 31
1480 70
1479 32
1478 75
1477 25
1476 28
1475 51
1474 25
1473 92
1472 27
1471 52
1470 66
1469 10
1468 61
1467 10
1466 85
1465 96
1464 59
1463 36
1462 17
1461 38
1460 60
1459 21
1458 79
1457 91
1456 85
1455 34
1454 50
1453 79
1452 69
1451 88
1450 85
1449 34
1448 88
1447 57
1446 21
1445 69
1444 69
1443 38
1442 28
1441 57
1440 1
1439 67
1438 20
1437 61
1436 68
1435 20
1434 22
1433 38
1432 6
1431 6
1430 66
1429 37
1428 69
1427 55
1426 91
1425 5
1424 42
1423 64
1422 4
1421 2
1420 15
1419 1
1418 9
1417 57
1416 12
1415 16
1414 59
1413 84
1412 27
1411 70
1410 70
1409 73
1408 20
1407 88
1406 47
1405 35
1404 94
1403 34
1402 44
1401 100
1400 82
1399 19
1398 28
1397 3
1396 71
1395 36
1394 50
1393 13
1392 20
1391 55
1390 67
1389 51
1388 49
1387 71
1386 56
1385 0
1384 5
1383 22
1382 75
1381 86
1380 11
1379 79
1378 28
1377 84
1376 91
1375 98
1374 10
1373 3
1372 84
1371 80
1370 47
1369 5
1368 32
1367 84
1366 55
1365 0
1364 52
1363 71
1362 23
1361 14
1360 78
1359 22
1358 30
1357 4
1356 30
1355 68
1354 60
1353 76
1352 84
1351 80
1350 66
1349 44
1348 26
1347 31
1346 88
1345 80
1344 91
1343 53
1342 84
1341 7
1340 92
1339 50
1338 90
1337 19
1336 57
1335 51
1334 17
1333 85
1332 61
1331 98
1330 2
1329 28
1328 41
1327 80
1326 19
1325 24
1324 27
1323 97
1322 93
1321 49
1320 58
1319 3
1318 28
1317 72
1316 17
1315 4
1314 32
1313 7
1312 78
1311 43
1310 90
1309 44
1308 30
1307 59
1306 60
1305 42
1304 4
1303 18
1302 87
1301 43
1300 38
1299 85
1298 53
1297 42
1296 95
1295 83
1294 17
1293 70
1292 14
1291 24
1290 96
1289 90
1288 1
1287 42
1286 47
1285 8
1284 48
1283 90
1282 91
1281 7
1280 86
1279 25
1278 71
1277 8
1276 14
1275 71
1274 27
1273 27
1272 89
1271 96
1270 1
1269 50
1268 88
1267 80
1266 71
1265 85
1264 31
1263 89
1262 79
1261 44
1260 99
1259 83
1258 41
1257 21
1256 27
1255 81
1254 37
1253 39
1252 25
1251 28
1250 63
1249 68
1248 100
1247 28
1246 7
1245 41
1244 71
1243 10
1242 9
1241 15
1240 9
1239 73
1238 9
1237 44
1236 24
1235 19
1234 61
1233 99
1232 61
1231 20
1230 7
1229 12
1228 32
1227 67
1226 46
1225 92
1224 3
1223 46
1222 82
1221 11
1220 78
1219 6
1218 78
1217 67
1216 13
1215 88
1214 26
1213 51
1212 10
1211 5
1210 68
1209 11
1208 68
1207 87
1206 62
1205 6
1204 6
1203 84
1202 85
1201 7
1200 79
1199 17
1198 62
1197 51
1196 18
1195 2
1194 88
1193 35
1192 1
1191 47
1190 17
1189 7
1188 14
1187 54
1186 35
1185 31
1184 78
1183 23
1182 55
1181 48
1180 99
1179 12
1178 73
1177 90
1176 38
1175 82
1174 56
1173 76
1172 28
1171 15
1170 37
1169 44
1168 15
1167 20
1166 57
1165 72
1164 66
1163 48
1162 35
1161 94
1160 51
1159 2
1158 53
1157 94
1156 46
1155 63
1154 65
1153 59
1152 56
1151 45
1150 40
1149 90
1148 58
1147 84
1146 61
1145 33
1144 75
1143 9
1142 63
1141 36
1140 13
1139 54
1138 49
1137 71
1136 60
1135 76
1134 89
1133 40
1132 78
1131 25
1130 54
1129 96
1128 35
1127 90
1126 43
1125 55
1124 42
1123 10
1122 86
1121 78
1120 32
1119 35
1118 6
1117 27
1116 35
1115 6
1114 43
1113 68
1112 80
1111 83
1110 29
1109 16
1108 59
1107 26
1106 94
1105 2
1104 30
1103 77
1102 30
1101 26
1100 85
1099 93
1098 84
1097 88
1096 83
1095 55
1094 12
1093 68
1092 29
1091 70
1090 73
1089 78
1088 43
1087 94
1086 81
1085 77
1084 35
1083 20
1082 64
1081 39
1080 65
1079 7
1078 36
1077 16
1076 16
1075 59
1074 14
1073 14
1072 74
1071 22
1070 7
1069 7
1068 41
1067 44
1066 65
1065 99
1064 6
1063 6
1062 47
1061 0
1060 12
1059 28
1058 24
1057 46
1056 14
1055 89
1054 90
1053 19
1052 7
1051 75
1050 73
1049 8
1048 43
1047 67
1046 39
1045 86
1044 52
1043 44
1042 93
1041 26
1040 56
1039 80
1038 86
1037 81
1036 76
1035 47
1034 100
1033 21
1032 38
1031 5
1030 70
1029 12
1028 81
1027 25
1026 76
1025 34
1024 22
1023 78
1022 57
1021 18
1020 84
1019 30
1018 21
1017 30
1016 85
1015 81
1014 49
1013 64
1012 57
1011 61
1010 6
1009 64
1008 9
1007 33
1006 70
1005 33
1004 33
1003 40
1002 30
1001 91
1000 32
999 7
998 73
997 9
996 34
995 24
994 8
993 73
992 3
991 64
990 10
989 79
988 93
987 35
986 74
985 13
984 65
983 22
982 41
981 36
980 56
979 85
978 13
977 32
976 8
975 30
974 79
973 27
972 67
971 44
970 25
969 11
968 22
967 98
966 11
965 15
964 54
963 10
962 43
961 76
960 79
959 83
958 45
957 17
956 58
955 72
954 29
953 28
952 13
951 6
950 1
949 82
948 35
947 80
946 81
945 70
944 66
943 57
942 3
941 75
940 96
939 23
938 97
937 20
936 30
935 47
934 17
933 83
932 71
931 28
930 86
929 27
928 28
927 69
926 7
925 100
924 9
923 92
922 77
921 35
920 83
919 70
918 29
917 41
916 79
915 23
914 25
913 47
912 90
911 75
910 1
909 24
908 6
907 32
906 14
905 67
904 20
903 91
902 5
901 57
900 74
899 31
898 71
897 63
896 52
895 43
894 33
893 74
892 74
891 77
890 85
889 92
888 58
887 22
886 51
885 48
884 80
883 7
882 36
881 8
880 66
879 6
878 9
877 32
876 92
875 43
874 75
873 17
872 91
871 5
870 68
869 17
868 80
867 48
866 15
865 27
864 77
863 89
862 31
861 92
860 19
859 89
858 52
857 78
856 88
855 24
854 86
853 69
852 31
851 34
850 8
849 26
848 63
847 72
846 33
845 97
844 65
843 61
842 98
841 86
840 75
839 61
838 66
837 1
836 13
835 59
834 3
833 67
832 46
831 10
830 63
829 86
828 7
827 49
826 6
825 34
824 79
823 32
822 57
821 45
820 90
819 61
818 55
817 4
816 97
815 95
814 80
813 93
812 75
811 52
810 13
809 57
808 62
807 9
806 32
805 78
804 15
803 19
802 56
801 90
800 66
799 41
798 72
797 22
796 29
795 40
794 53
793 89
792 54
791 76
790 55
789 84
788 88
787 41
786 10
785 85
784 87
783 16
782 66
781 39
780 1
779 59
778 8
777 65
776 46
775 22
774 81
773 94
772 56
771 29
770 52
769 99
768 58
767 83
766 60
765 27
764 58
763 73
762 72
761 57
760 37
759 35
758 85
757 36
756 20
755 11
754 95
753 11
752 38
751 71
750 11
749 10
748 49
747 97
746 41
745 61
744 59
743 60
742 90
741 41
740 17
739 49
738 12
737 66
736 72
735 45
734 60
733 19
732 11
731 100
730 11
729 38
728 6
727 73
726 50
725 40
724 76
723 6
722 80
721 94
720 77
719 46
718 4
717 0
716 87
715 35
714 29
713 77
712 84
711 50
710 57
709 73
708 79
707 63
706 97
705 62
704 39
703 93
702 56
701 65
700 35
699 65
698 12
697 80
696 68
695 49
694 73
693 8
692 42
691 20
690 46
689 24
688 18
687 48
686 79
685 39
684 19
683 64
682 88
681 43
680 5
679 38
678 69
677 21
676 31
675 15
674 67
673 10
672 50
671 22
670 17
669 24
668 91
667 9
666 38
665 35
664 30
663 51
662 6
661 39
660 60
659 34
658 77
657 69
656 87
655 18
654 38
653 29
652 9
651 7
650 35
649 64
648 61
647 49
646 64
645 47
644 1
643 44
642 57
641 92
640 42
639 49
638 71
637 93
636 34
635 66
634 72
633 97
632 9
631 29
630 17
629 98
628 47
627 52
626 10
625 6
62