12050 64
12049 84
12048 63
12047 81
12046 65
12045 96
12044 65
12043 41
12042 24
12041 27
12040 22
12039 4
12038 40
12037 4
12036 12
12035 41
12034 44
12033 47
12032 10
12031 9
12030 77
12029 36
12028 15
12027 50
12026 79
12025 84
12024 28
12023 13
12022 68
12021 43
12020 83
12019 33
12018 16
12017 85
12016 85
12015 48
12014 3
12013 69
12012 7
12011 90
12010 73
12009 41
12008 95
12007 41
12006 52
12005 51
12004 85
12003 32
12002 13
12001 99
12000 14
11999 20
11998 54
11997 82
11996 97
11995 10
11994 21
11993 27
11992 72
11991 17
11990 48
11989 12
11988 91
11987 47
11986 17
11985 62
11984 82
11983 97
11982 13
11981 19
11980 22
11979 92
11978 91
11977 12
11976 24
11975 42
11974 62
11973 87
11972 61
11971 93
11970 65
11969 94
11968 35
11967 34
11966 43
11965 90
11964 97
11963 86
11962 28
11961 45
11960 36
11959 11
11958 50
11957 79
11956 89
11955 11
11954 7
11953 90
11952 49
11951 57
11950 19
11949 57
11948 34
11947 76
11946 37
11945 43
11944 12
11943 33
11942 10
11941 65
11940 70
11939 45
11938 76
11937 52
11936 31
11935 55
11934 50
11933 61
11932 78
11931 76
11930 12
11929 11
11928 55
11927 35
11926 21
11925 95
11924 3
11923 65
11922 58
11921 93
11920 43
11919 97
11918 95
11917 52
11916 33
11915 57
11914 72
11913 36
11912 48
11911 94
11910 35
11909 90
11908 38
11907 17
11906 28
11905 95
11904 57
11903 69
11902 0
11901 39
11900 35
11899 77
11898 92
11897 84
11896 2
11895 0
11894 42
11893 94
11892 93
11891 52
11890 46
11889 40
11888 53
11887 31
11886 93
11885 47
11884 71
11883 83
11882 54
11881 66
11880 100
11879 62
11878 64
11877 51
11876 37
11875 28
11874 94
11873 97
11872 81
11871 49
11870 94
11869 60
11868 3
11867 77
11866 68
11865 69
11864 9
11863 51
11862 74
11861 91
11860 59
11859 71
11858 8
11857 48
11856 27
11855 30
11854 31
11853 47
11852 17
11851 27
11850 27
11849 76
11848 63
11847 48
11846 16
11845 43
11844 81
11843 54
11842 62
11841 54
11840 28
11839 71
11838 100
11837 16
11836 23
11835 11
11834 12
11833 59
11832 42
11831 73
11830 65
11829 58
11828 34
11827 100
11826 2
11825 41
11824 59
11823 56
11822 41
11821 14
11820 66
11819 84
11818 7
11817 7
11816 88
11815 33
11814 13
11813 43
11812 2
11811 46
11810 58
11809 87
11808 23
11807 61
11806 34
11805 35
11804 85
11803 56
11802 9
11801 13
11800 36
11799 30
11798 96
11797 51
11796 37
11795 67
11794 20
11793 87
11792 21
11791 37
11790 5
11789 69
11788 67
11787 66
11786 73
11785 99
11784 98
11783 79
11782 20
11781 66
11780 56
11779 42
11778 46
11777 17
11776 64
11775 6
11774 71
11773 79
11772 44
11771 41
11770 40
11769 66
11768 1
11767 21
11766 45
11765 78
11764 86
11763 97
11762 68
11761 97
11760 3
11759 83
11758 89
11757 6
11756 72
11755 94
11754 2
11753 2
11752 89
11751 14
11750 33
11749 16
11748 88
11747 23
11746 23
11745 40
11744 98
11743 81
11742 15
11741 89
11740 95
11739 46
11738 87
11737 57
11736 74
11735 18
11734 62
11733 9
11732 25
11731 32
11730 71
11729 69
11728 91
11727 48
11726 65
11725 5
11724 8
11723 29
11722 18
11721 82
11720 16
11719 41
11718 60
11717 19
11716 38
11715 19
11714 24
11713 79
11712 15
11711 35
11710 79
11709 46
11708 75
11707 73
11706 84
11705 47
11704 37
11703 3
11702 92
11701 9
11700 30
11699 40
11698 9
11697 82
11696 74
11695 20
11694 97
11693 66
11692 35
11691 78
11690 28
11689 23
11688 68
11687 11
11686 57
11685 81
11684 54
11683 49
11682 20
11681 6
11680 96
11679 18
11678 97
11677 84
11676 59
11675 6
11674 53
11673 63
11672 68
11671 51
11670 40
11669 39
11668 53
11667 58
11666 13
11665 48
11664 14
11663 52
11662 48
11661 32
11660 22
11659 42
11658 61
11657 91
11656 53
11655 91
11654 20
11653 22
11652 49
11651 96
11650 67
11649 94
11648 98
11647 78
11646 31
11645 86
11644 32
11643 20
11642 84
11641 90
11640 41
11639 71
11638 30
11637 67
11636 97
11635 10
11634 55
11633 39
11632 100
11631 11
11630 87
11629 45
11628 49
11627 34
11626 47
11625 72
11624 42
11623 98
11622 95
11621 15
11620 12
11619 76
11618 43
11617 12
11616 58
11615 28
11614 58
11613 18
11612 68
11611 59
11610 37
11609 95
11608 65
11607 64
11606 88
11605 39
11604 59
11603 20
11602 62
11601 77
11600 13
11599 87
11598 42
11597 80
11596 93
11595 42
11594 39
11593 52
11592 0
11591 24
11590 11
11589 91
11588 12
11587 65
11586 70
11585 73
11584 18
11583 44
11582 10
11581 70
11580 23
11579 82
11578 17
11577 60
11576 69
11575 47
11574 61
11573 42
11572 16
11571 10
11570 70
11569 98
11568 77
11567 33
11566 96
11565 46
11564 63
11563 19
11562 78
11561 28
11560 62
11559 3
11558 5
11557 79
11556 36
11555 99
11554 19
11553 11
11552 55
11551 9
11550 27
11549 82
11548 83
11547 73
11546 44
11545 54
11544 30
11543 47
11542 70
11541 35
11540 82
11539 3
11538 57
11537 74
11536 97
11535 85
11534 24
11533 80
11532 40
11531 36
11530 13
11529 43
11528 64
11527 17
11526 99
11525 96
11524 18
11523 3
11522 73
11521 78
11520 92
11519 92
11518 36
11517 81
11516 8
11515 44
11514 55
11513 46
11512 49
11511 36
11510 80
11509 66
11508 10
11507 43
11506 87
11505 21
11504 48
11503 95
11502 9
11501 51
11500 13
11499 81
11498 69
11497 60
11496 60
11495 95
11494 95
11493 89
11492 18
11491 4
11490 11
11489 50
11488 1
11487 11
11486 4
11485 80
11484 71
11483 13
11482 39
11481 81
11480 93
11479 2
11478 78
11477 54
11476 2
11475 52
11474 64
11473 18
11472 40
11471 83
11470 67
11469 79
11468 91
11467 90
11466 31
11465 21
11464 95
11463 12
11462 34
11461 27
11460 90
11459 60
11458 68
11457 100
11456 44
11455 68
11454 20
11453 9
11452 64
11451 5
11450 10
11449 75
11448 59
11447 58
11446 45
11445 78
11444 97
11443 5
11442 66
11441 50
11440 40
11439 84
11438 2
11437 47
11436 51
11435 29
11434 32
11433 88
11432 87
11431 49
11430 73
11429 57
11428 10
11427 8
11426 64
11425 30
11424 61
11423 58
11422 45
11421 47
11420 92
11419 87
11418 31
11417 37
11416 42
11415 89
11414 92
11413 39
11412 19
11411 12
11410 25
11409 99
11408 88
11407 53
11406 33
11405 39
11404 91
11403 73
11402 25
11401 27
11400 34
11399 44
11398 75
11397 67
11396 93
11395 37
11394 2
11393 31
11392 14
11391 52
11390 67
11389 82
11388 70
11387 31
11386 88
11385 9
11384 53
11383 36
11382 20
11381 73
11380 27
11379 79
11378 79
11377 24
11376 61
11375 18
11374 58
11373 3
11372 55
11371 62
11370 69
11369 42
11368 7
11367 14
11366 69
11365 14
11364 51
11363 10
11362 35
11361 96
11360 3
11359 98
11358 24
11357 14
11356 79
11355 94
11354 77
11353 62
11352 64
11351 57
11350 55
11349 4
11348 77
11347 69
11346 8
11345 89
11344 41
11343 91
11342 98
11341 34
11340 23
11339 64
11338 97
11337 94
11336 62
11335 74
11334 57
11333 32
11332 66
11331 67
11330 4
11329 1
11328 41
11327 81
11326 19
11325 78
11324 18
11323 61
11322 45
11321 79
11320 88
11319 15
11318 29
11317 19
11316 46
11315 37
11314 82
11313 75
11312 88
11311 77
11310 18
11309 85
11308 45
11307 79
11306 78
11305 83
11304 24
11303 71
11302 39
11301 63
11300 62
11299 88
11298 46
11297 75
11296 59
11295 45
11294 12
11293 10
11292 83
11291 28
11290 41
11289 70
11288 49
11287 48
11286 17
11285 7
11284 22
11283 34
11282 45
11281 14
11280 47
11279 97
11278 89
11277 99
11276 10
11275 45
11274 98
11273 6
11272 50
11271 0
11270 71
11269 70
11268 69
11267 5
11266 4
11265 65
11264 15
11263 5
11262 77
11261 71
11260 14
11259 47
11258 88
11257 94
11256 4
11255 69
11254 6
11253 55
11252 75
11251 61
11250 18
11249 38
11248 45
11247 94
11246 59
11245 8
11244 82
11243 58
11242 2
11241 69
11240 16
11239 5
11238 97
11237 15
11236 29
11235 37
11234 39
11233 53
11232 31
11231 17
11230 55
11229 77
11228 65
11227 23
11226 93
11225 20
11224 76
11223 10
11222 90
11221 48
11220 89
11219 34
11218 87
11217 46
11216 4
11215 52
11214 64
11213 75
11212 11
11211 24
11210 63
11209 92
11208 40
11207 11
11206 51
11205 79
11204 98
11203 98
11202 46
11201 84
11200 55
11199 38
11198 52
11197 59
11196 8
11195 9
11194 88
11193 59
11192 27
11191 66
11190 4
11189 91
11188 22
11187 25
11186 41
11185 93
11184 81
11183 45
11182 23
11181 5
11180 87
11179 90
11178 29
11177 94
11176 48
11175 88
11174 1
11173 36
11172 76
11171 42
11170 40
11169 96
11168 98
11167 54
11166 24
11165 53
11164 92
11163 89
11162 77
11161 37
11160 79
11159 11
11158 80
11157 94
11156 60
11155 49
11154 31
11153 86
11152 98
11151 83
11150 67
11149 77
11148 77
11147 77
11146 77
11145 94
11144 35
11143 73
11142 29
11141 91
11140 51
11139 50
11138 83
11137 67
11136 96
11135 87
11134 43
11133 95
11132 43
11131 63
11130 27
11129 39
11128 5
11127 25
11126 33
11125 85
11124 16
11123 59
11122 63
11121 19
11120 92
11119 28
11118 80
11117 0
11116 64
11115 30
11114 9
11113 13
11112 99
11111 99
11110 11
11109 27
11108 28
11107 37
11106 98
11105 3
11104 37
11103 72
11102 89
11101 9
11100 45
11099 40
11098 24
11097 24
11096 6
11095 11
11094 16
11093 58
11092 40
11091 87
11090 69
11089 3
11088 58
11087 14
11086 51
11085 92
11084 26
11083 90
11082 54
11081 13
11080 1
11079 72
11078 48
11077 77
11076 30
11075 12
11074 9
11073 70
11072 22
11071 53
11070 7
11069 34
11068 0
11067 84
11066 61
11065 52
11064 59
11063 68
11062 9
11061 3
11060 35
11059 60
11058 67
11057 64
11056 12
11055 27
11054 70
11053 18
11052 43
11051 23
11050 41
11049 22
11048 12
11047 55
11046 87
11045 49
11044 74
11043 94
11042 0
11041 27
11040 53
11039 7
11038 14
11037 78
11036 66
11035 95
11034 83
11033 72
11032 6
11031 54
11030 15
11029 81
11028 43
11027 0
11026 84
11025 78
11024 80
11023 56
11022 91
11021 91
11020 54
11019 16
11018 53
11017 1
11016 41
11015 47
11014 93
11013 74
11012 24
11011 38
11010 15
11009 19
11008 84
11007 57
11006 50
11005 7
11004 71
11003 89
11002 13
11001 59
11000 32
10999 26
10998 19
10997 74
10996 20
10995 95
10994 71
10993 75
10992 32
10991 11
10990 16
10989 50
10988 39
10987 75
10986 81
10985 67
10984 47
10983 87
10982 54
10981 32
10980 10
10979 63
10978 97
10977 97
10976 81
10975 14
10974 16
10973 40
10972 15
10971 46
10970 0
10969 18
10968 3
10967 90
10966 13
10965 22
10964 35
10963 12
10962 83
10961 46
10960 62
10959 6
10958 48
10957 11
10956 23
10955 2
10954 49
10953 49
10952 42
10951 23
10950 90
10949 45
10948 84
10947 11
10946 92
10945 90
10944 28
10943 77
10942 8
10941 26
10940 77
10939 86
10938 99
10937 67
10936 64
10935 72
10934 14
10933 62
10932 91
10931 0
10930 52
10929 46
10928 28
10927 81
10926 56
10925 71
10924 55
10923 82
10922 100
10921 77
10920 42
10919 80
10918 0
10917 42
10916 55
10915 14
10914 63
10913 52
10912 57
10911 23
10910 44
10909 74
10908 34
10907 7
10906 12
10905 9
10904 0
10903 86
10902 15
10901 55
10900 44
10899 88
10898 19
10897 66
10896 11
10895 15
10894 8
10893 25
10892 58
10891 97
10890 90
10889 29
10888 38
10887 53
10886 22
10885 55
10884 30
10883 94
10882 0
10881 17
10880 7
10879 58
10878 34
10877 35
10876 31
10875 99
10874 21
10873 69
10872 21
10871 10
10870 24
10869 45
10868 6
10867 35
10866 67
10865 12
10864 34
10863 87
10862 100
10861 29
10860 54
10859 94
10858 87
10857 19
10856 50
10855 1
10854 85
10853 70
10852 75
10851 96
10850 70
10849 99
10848 51
10847 26
10846 15
10845 57
10844 24
10843 7
10842 75
10841 8
10840 8
10839 98
10838 85
10837 48
10836 86
10835 32
10834 3
10833 16
10832 31
10831 48
10830 28
10829 98
10828 84
10827 20
10826 87
10825 70
10824 4
10823 69
10822 43
10821 81
10820 16
10819 33
10818 69
10817 27
10816 61
10815 42
10814 54
10813 67
10812 43
10811 9
10810 19
10809 1
10808 52
10807 97
10806 5
10805 0
10804 64
10803 29
10802 22
10801 41
10800 88
10799 58
10798 44
10797 80
10796 9
10795 29
10794 21
10793 22
10792 57
10791 97
10790 46
10789 56
10788 77
10787 20
10786 41
10785 11
10784 83
10783 52
10782 50
10781 26
10780 54
10779 82
10778 29
10777 71
10776 58
10775 98
10774 3
10773 72
10772 24
10771 59
10770 5
10769 67
10768 44
10767 24
10766 48
10765 73
10764 37
10763 99
10762 24
10761 48
10760 6
10759 11
10758 44
10757 2
10756 41
10755 59
10754 9
10753 92
10752 5
10751 17
10750 3
10749 81
10748 20
10747 94
10746 87
10745 100
10744 67
10743 5
10742 65
10741 0
10740 14
10739 55
10738 43
10737 2
10736 19
10735 34
10734 85
10733 84
10732 68
10731 84
10730 18
10729 45
10728 24
10727 27
10726 35
10725 64
10724 59
10723 77
10722 96
10721 81
10720 64
10719 97
10718 93
10717 40
10716 55
10715 49
10714 23
10713 44
10712 49
10711 25
10710 13
10709 66
10708 18
10707 98
10706 21
10705 70
10704 28
10703 99
10702 32
10701 21
10700 92
10699 13
10698 96
10697 45
10696 4
10695 25
10694 15
10693 97
10692 4
10691 45
10690 95
10689 11
10688 69
10687 72
10686 6
10685 65
10684 34
10683 9
10682 91
10681 33
10680 13
10679 73
10678 98
10677 84
10676 5
10675 55
10674 100
10673 52
10672 50
10671 16
10670 78
10669 35
10668 77
10667 26
10666 91
10665 9
10664 63
10663 83
10662 3
10661 77
10660 85
10659 31
10658 28
10657 29
10656 72
10655 55
10654 92
10653 82
10652 81
10651 92
10650 30
10649 52
10648 86
10647 4
10646 56
10645 29
10644 21
10643 10
10642 58
10641 81
10640 22
10639 55
10638 94
10637 1
10636 79
10635 13
10634 67
10633 57
10632 59
10631 10
10630 34
10629 48
10628 33
10627 53
10626 27
10625 91
10624 26
10623 94
10622 87
10621 94
10620 33
10619 93
10618 81
10617 85
10616 73
10615 42
10614 59
10613 27
10612 15
10611 33
10610 56
10609 21
10608 24
10607 45
10606 66
10605 71
10604 99
10603 65
10602 43
10601 61
10600 29
10599 42
10598 21
10597 32
10596 47
10595 95
10594 98
10593 41
10592 44
10591 31
10590 5
10589 2
10588 55
10587 14
10586 79
10585 79
10584 97
10583 75
10582 4
10581 100
10580 17
10579 89
10578 44
10577 28
10576 84
10575 31
10574 52
10573 63
10572 37
10571 91
10570 94
10569 100
10568 17
10567 98
10566 3
10565 56
10564 84
10563 42
10562 67
10561 34
10560 20
10559 66
10558 3
10557 79
10556 58
10555 22
10554 59
10553 0
10552 47
10551 58
10550 86
10549 43
10548 82
10547 33
10546 9
10545 37
10544 33
10543 68
10542 28
10541 9
10540 23
10539 21
10538 86
10537 16
10536 77
10535 31
10534 81
10533 99
10532 61
10531 0
10530 60
10529 32
10528 93
10527 87
10526 0
10525 84
10524 76
10523 0
10522 90
10521 42
10520 97
10519 92
10518 47
10517 0
10516 43
10515 46
10514 73
10513 20
10512 71
10511 1
10510 5
10509 57
10508 46
10507 36
10506 100
10505 34
10504 0
10503 17
10502 30
10501 95
10500 92
10499 68
10498 16
10497 5
10496 15
10495 24
10494 45
10493 7
10492 75
10491 66
10490 70
10489 16
10488 78
10487 32
10486 14
10485 97
10484 84
10483 11
10482 60
10481 76
10480 92
10479 69
10478 21
10477 22
10476 28
10475 10
10474 76
10473 74
10472 34
10471 100
10470 96
10469 89
10468 12
10467 90
10466 41
10465 90
10464 54
10463 68
10462 73
10461 56
10460 84
10459 96
10458 28
10457 86
10456 54
10455 42
10454 5
10453 34
10452 99
10451 38
10450 24
10449 98
10448 57
10447 82
10446 10
10445 18
10444 94
10443 97
10442 50
10441 61
10440 41
10439 27
10438 77
10437 75
10436 52
10435 5
10434 95
10433 72
10432 95
10431 35
10430 44
10429 16
10428 35
10427 66
10426 85
10425 95
10424 81
10423 47
10422 25
10421 85
10420 85
10419 32
10418 36
10417 26
10416 43
10415 88
10414 80
10413 85
10412 47
10411 9
10410 16
10409 9
10408 82
10407 98
10406 93
10405 27
10404 30
10403 9
10402 48
10401 100
10400 58
10399 3
10398 30
10397 80
10396 49
10395 45
10394 84
10393 9
10392 66
10391 26
10390 1
10389 42
10388 88
10387 36
10386 60
10385 22
10384 22
10383 94
10382 67
10381 66
10380 23
10379 57
10378 42
10377 91
10376 52
10375 60
10374 18
10373 83
10372 89
10371 31
10370 80
10369 51
10368 5
10367 67
10366 24
10365 8
10364 31
10363 28
10362 14
10361 97
10360 14
10359 79
10358 74
10357 4
10356 3
10355 91
10354 6
10353 92
10352 24
10351 60
10350 1
10349 57
10348 42
10347 77
10346 11
10345 4
10344 2
10343 4
10342 59
10341 43
10340 56
10339 8
10338 0
10337 32
10336 86
10335 17
10334 96
10333 83
10332 53
10331 26
10330 77
10329 9
10328 81
10327 25
10326 22
10325 53
10324 81
10323 30
10322 29
10321 20
10320 24
10319 89
10318 12
10317 64
10316 90
10315 39
10314 92
10313 52
10312 82
10311 1
10310 90
10309 95
10308 48
10307 66
10306 61
10305 70
10304 3
10303 19
10302 0
10301 42
10300 4
10299 65
10298 39
10297 42
10296 66
10295 81
10294 16
10293 19
10292 36
10291 27
10290 62
10289 8
10288 88
10287 23
10286 7
10285 62
10284 55
10283 70
10282 52
10281 61
10280 17
10279 15
10278 14
10277 21
10276 65
10275 93
10274 14
10273 21
10272 24
10271 8
10270 5
10269 23
10268 30
10267 3
10266 91
10265 23
10264 53
10263 67
10262 40
10261 24
10260 5
10259 50
10258 9
10257 76
10256 4
10255 67
10254 99
10253 40
10252 20
10251 65
10250 81
10249 88
10248 1
10247 29
10246 47
10245 98
10244 21
10243 0
10242 30
10241 58
10240 43
10239 13
10238 3
10237 71
10236 13
10235 31
10234 71
10233 91
10232 32
10231 24
10230 97
10229 72
10228 11
10227 61
10226 8
10225 95
10224 11
10223 47
10222 73
10221 78
10220 35
10219 57
10218 88
10217 41
10216 49
10215 59
10214 78
10213 9
10212 15
10211 0
10210 25
10209 96
10208 80
10207 11
10206 67
10205 8
10204 64
10203 44
10202 20
10201 56
10200 85
10199 72
10198 61
10197 7
10196 61
10195 24
10194 36
10193 99
10192 72
10191 9
10190 27
10189 65
10188 17
10187 13
10186 61
10185 73
10184 11
10183 100
10182 69
10181 18
10180 88
10179 63
10178 89
10177 96
10176 81
10175 66
10174 68
10173 43
10172 98
10171 14
10170 70
10169 91
10168 97
10167 95
10166 50
10165 36
10164 31
10163 61
10162 98
10161 20
10160 75
10159 45
10158 31
10157 64
10156 35
10155 49
10154 58
10153 68
10152 73
10151 67
10150 26
10149 57
10148 59
10147 73
10146 19
10145 13
10144 77
10143 63
10142 70
10141 75
10140 45
10139 23
10138 92
10137 39
10136 63
10135 8
10134 96
10133 5
10132 18
10131 48
10130 89
10129 68
10128 99
10127 50
10126 13
10125 14
10124 46
10123 66
10122 76
10121 61
10120 5
10119 69
10118 73
10117 67
10116 53
10115 24
10114 86
10113 20
10112 76
10111 33
10110 42
10109 28
10108 94
10107 26
10106 88
10105 45
10104 54
10103 23
10102 43
10101 83
10100 71
10099 26
10098 5
10097 69
10096 18
10095 92
10094 1
10093 42
10092 24
10091 19
10090 86
10089 19
10088 68
10087 73
10086 70
10085 71
10084 70
10083 14
10082 38
10081 42
10080 88
10079 44
10078 93
10077 29
10076 18
10075 88
10074 33
10073 77
10072 48
10071 55
10070 20
10069 90
10068 56
10067 55
10066 1
10065 12
10064 50
10063 95
10062 70
10061 74
10060 75
10059 5
10058 53
10057 90
10056 98
10055 37
10054 93
10053 11
10052 76
10051 10
10050 8
10049 26
10048 44
10047 36
10046 18
10045 1
10044 14
10043 73
10042 1
10041 69
10040 72
10039 95
10038 27
10037 74
10036 76
10035 39
10034 12
10033 63
10032 69
10031 86
10030 97
10029 1
10028 99
10027 63
10026 56
10025 40
10024 78
10023 33
10022 99
10021 68
10020 72
10019 81
10018 97
10017 39
10016 87
10015 64
10014 1
10013 40
10012 22
10011 79
10010 70
10009 19
10008 31
10007 97
10006 33
10005 36
10004 14
10003 42
10002 40
10001 7
10000 65
9999 5
9998 90
9997 13
9996 85
9995 84
9994 16
9993 4
9992 37
9991 45
9990 48
9989 36
9988 21
9987 68
9986 5
9985 20
9984 12
9983 52
9982 98
9981 13
9980 84
9979 60
9978 74
9977 78
9976 1
9975 60
9974 58
9973 87
9972 76
9971 100
9970 66
9969 5
9968 13
9967 85
9966 71
9965 33
9964 83
9963 62
9962 28
9961 85
9960 19
9959 43
9958 79
9957 85
9956 18
9955 90
9954 0
9953 58
9952 93
9951 87
9950 70
9949 60
9948 56
9947 51
9946 80
9945 57
9944 9
9943 84
9942 100
9941 97
9940 76
9939 54
9938 57
9937 72
9936 67
9935 36
9934 82
9933 38
9932 66
9931 42
9930 14
9929 53
9928 19
9927 41
9926 6
9925 72
9924 42
9923 86
9922 23
9921 2
9920 16
9919 90
9918 75
9917 62
9916 63
9915 56
9914 1
9913 63
9912 18
9911 34
9910 38
9909 86
9908 30
9907 91
9906 72
9905 91
9904 44
9903 87
9902 18
9901 14
9900 18
9899 24
9898 97
9897 52
9896 89
9895 38
9894 75
9893 45
9892 67
9891 56
9890 86
9889 100
9888 72
9887 26
9886 63
9885 6
9884 67
9883 38
9882 40
9881 82
9880 20
9879 3
9878 59
9877 21
9876 35
9875 93
9874 17
9873 11
9872 99
9871 38
9870 97
9869 21
9868 2
9867 54
9866 60
9865 57
9864 14
9863 61
9862 0
9861 0
9860 45
9859 12
9858 85
9857 44
9856 78
9855 30
9854 75
9853 85
9852 39
9851 37
9850 28
9849 27
9848 85
9847 88
9846 50
9845 33
9844 96
9843 100
9842 48
9841 94
9840 18
9839 38
9838 29
9837 29
9836 18
9835 41
9834 82
9833 5
9832 90
9831 64
9830 32
9829 19
9828 14
9827 55
9826 46
9825 7
9824 34
9823 30
9822 73
9821 29
9820 31
9819 55
9818 68
9817 32
9816 100
9815 55
9814 17
9813 39
9812 98
9811 18
9810 77
9809 3
9808 12
9807 76
9806 83
9805 32
9804 52
9803 64
9802 73
9801 53
9800 63
9799 3
9798 73
9797 35
9796 87
9795 63
9794 40
9793 13
9792 16
9791 24
9790 32
9789 4
9788 32
9787 37
9786 9
9785 10
9784 8
9783 62
9782 13
9781 12
9780 83
9779 99
9778 29
9777 64
9776 81
9775 44
9774 5
9773 37
9772 73
9771 1
9770 50
9769 95
9768 85
9767 93
9766 17
9765 43
9764 17
9763 74
9762 62
9761 9
9760 84
9759 22
9758 84
9757 78
9756 99
9755 20
9754 16
9753 63
9752 5
9751 6
9750 40
9749 34
9748 2
9747 38
9746 83
9745 22
9744 21
9743 45
9742 100
9741 88
9740 53
9739 85
9738 98
9737 54
9736 23
9735 35
9734 47
9733 78
9732 29
9731 82
9730 25
9729 71
9728 6
9727 41
9726 39
9725 75
9724 69
9723 78
9722 75
9721 42
9720 24
9719 10
9718 40
9717 82
9716 79
9715 80
9714 36
9713 70
9712 41
9711 54
9710 38
9709 39
9708 14
9707 36
9706 17
9705 27
9704 46
9703 6
9702 16
9701 59
9700 12
9699 55
9698 77
9697 19
9696 66
9695 99
9694 64
9693 17
9692 51
9691 0
9690 26
9689 46
9688 57
9687 20
9686 27
9685 41
9684 4
9683 32
9682 42
9681 72
9680 43
9679 83
9678 86
9677 97
9676 85
9675 46
9674 3
9673 2
9672 79
9671 14
9670 87
9669 44
9668 49
9667 71
9666 1
9665 15
9664 47
9663 22
9662 6
9661 78
9660 1
9659 67
9658 6
9657 52
9656 27
9655 66
9654 37
9653 19
9652 88
9651 24
9650 32
9649 68
9648 84
9647 20
9646 37
9645 3
9644 15
9643 50
9642 47
9641 34
9640 21
9639 37
9638 91
9637 83
9636 84
9635 37
9634 6
9633 30
9632 68
9631 27
9630 7
9629 80
9628 65
9627 23
9626 77
9625 59
9624 36
9623 98
9622 20
9621 75
9620 73
9619 53
9618 3
9617 31
9616 69
9615 93
9614 88
9613 63
9612 88
9611 83
9610 49
9609 84
9608 7
9607 78
9606 47
9605 9
9604 76
9603 35
9602 62
9601 24
9600 63
9599 46
9598 67
9597 86
9596 39
9595 82
9594 58
9593 68
9592 80
9591 28
9590 13
9589 28
9588 64
9587 19
9586 5
9585 37
9584 60
9583 5
9582 56
9581 75
9580 33
9579 44
9578 11
9577 29
9576 30
9575 95
9574 28
9573 35
9572 71
9571 78
9570 66
9569 4
9568 47
9567 91
9566 14
9565 29
9564 18
9563 33
9562 59
9561 99
9560 53
9559 43
9558 32
9557 43
9556 62
9555 32
9554 42
9553 66
9552 16
9551 5
9550 12
9549 9
9548 47
9547 61
9546 31
9545 28
9544 36
9543 82
9542 90
9541 16
9540 53
9539 91
9538 87
9537 55
9536 58
9535 63
9534 14
9533 38
9532 46
9531 10
9530 45
9529 82
9528 24
9527 49
9526 33
9525 29
9524 75
9523 73
9522 48
9521 99
9520 44
9519 54
9518 11
9517 53
9516 20
9515 2
9514 70
9513 58
9512 21
9511 91
9510 12
9509 53
9508 85
9507 76
9506 33
9505 81
9504 18
9503 68
9502 10
9501 96
9500 8
9499 56
9498 98
9497 54
9496 90
9495 65
9494 33
9493 51
9492 65
9491 76
9490 55
9489 95
9488 86
9487 25
9486 76
9485 0
9484 60
9483 18
9482 66
9481 73
9480 94
9479 4
9478 47
9477 100
9476 24
9475 30
9474 68
9473 28
9472 36
9471 11
9470 28
9469 60
9468 86
9467 56
9466 45
9465 97
9464 4
9463 42
9462 35
9461 49
9460 16
9459 53
9458 52
9457 59
9456 15
9455 49
9454 53
9453 85
9452 26
9451 68
9450 46
9449 39
9448 12
9447 53
9446 60
9445 69
9444 28
9443 15
9442 88
9441 45
9440 30
9439 96
9438 83
9437 60
9436 4
9435 73
9434 52
9433 71
9432 52
9431 30
9430 34
9429 40
9428 93
9427 71
9426 36
9425 16
9424 2
9423 73
9422 73
9421 49
9420 65
9419 42
9418 24
9417 52
9416 84
9415 74
9414 88
9413 15
9412 10
9411 81
9410 10
9409 86
9408 33
9407 34
9406 24
9405 84
9404 77
9403 32
9402 14
9401 71
9400 35
9399 78
9398 9
9397 30
9396 23
9395 17
9394 69
9393 52
9392 26
9391 71
9390 65
9389 61
9388 52
9387 70
9386 24
9385 65
9384 0
9383 27
9382 2
9381 12
9380 38
9379 36
9378 24
9377 59
9376 70
9375 98
9374 14
9373 1
9372 79
9371 30
9370 84
9369 71
9368 65
9367 72
9366 88
9365 73
9364 46
9363 40
9362 84
9361 23
9360 48
9359 45
9358 0
9357 59
9356 33
9355 53
9354 26
9353 38
9352 83
9351 14
9350 100
9349 82
9348 53
9347 51
9346 47
9345 55
9344 26
9343 48
9342 34
9341 52
9340 49
9339 78
9338 59
9337 21
9336 68
9335 9
9334 29
9333 36
9332 38
9331 69
9330 94
9329 68
9328 69
9327 34
9326 58
9325 57
9324 6
9323 20
9322 7
9321 57
9320 52
9319 14
9318 43
9317 70
9316 45
9315 62
9314 15
9313 79
9312 56
9311 67
9310 100
9309 35
9308 54
9307 71
9306 71
9305 39
9304 68
9303 24
9302 86
9301 52
9300 13
9299 2
9298 56
9297 50
9296 87
9295 79
9294 85
9293 41
9292 77
9291 42
9290 30
9289 82
9288 3
9287 97
9286 67
9285 87
9284 66
9283 41
9282 53
9281 56
9280 81
9279 7
9278 70
9277 60
9276 84
9275 69
9274 7
9273 83
9272 79
9271 24
9270 10
9269 76
9268 1
9267 65
9266 5
9265 74
9264 62
9263 98
9262 17
9261 80
9260 9
9259 63
9258 68
9257 19
9256 25
9255 53
9254 93
9253 98
9252 70
9251 15
9250 98
9249 98
9248 23
9247 42
9246 35
9245 72
9244 6
9243 55
9242 100
9241 23
9240 36
9239 26
9238 47
9237 93
9236 94
9235 2
9234 5
9233 33
9232 18
9231 92
9230 57
9229 42
9228 57
9227 66
9226 73
9225 39
9224 72
9223 66
9222 9
9221 55
9220 63
9219 3
9218 73
9217 85
9216 39
9215 60
9214 54
9213 66
9212 20
9211 53
9210 3
9209 92
9208 83
9207 80
9206 29
9205 97
9204 74
9203 30
9202 69
9201 27
9200 95
9199 51
9198 45
9197 59
9196 26
9195 47
9194 85
9193 75
9192 51
9191 2
9190 35
9189 5
9188 72
9187 4
9186 90
9185 18
9184 39
9183 71
9182 81
9181 10
9180 33
9179 10
9178 90
9177 68
9176 87
9175 35
9174 65
9173 24
9172 78
9171 57
9170 72
9169 78
9168 86
9167 94
9166 56
9165 50
9164 44
9163 31
9162 43
9161 94
9160 72
9159 73
9158 73
9157 30
9156 100
9155 6
9154 60
9153 98
9152 91
9151 88
9150 69
9149 61
9148 9
9147 45
9146 88
9145 99
9144 42
9143 77
9142 30
9141 22
9140 42
9139 12
9138 57
9137 48
9136 37
9135 39
9134 92
9133 41
9132 63
9131 26
9130 44
9129 34
9128 0
9127 50
9126 17
9125 20
9124 88
9123 17
9122 32
9121 47
9120 67
9119 42
9118 68
9117 13
9116 74
9115 0
9114 4
9113 69
9112 14
9111 4
9110 11
9109 42
9108 82
9107 0
9106 6
9105 68
9104 40
9103 50
9102 25
9101 100
9100 39
9099 14
9098 73
9097 67
9096 11
9095 56
9094 86
9093 27
9092 77
9091 9
9090 48
9089 86
9088 73
9087 53
9086 32
9085 88
9084 43
9083 12
9082 6
9081 100
9080 27
9079 76
9078 28
9077 61
9076 20
9075 77
9074 3
9073 82
9072 33
9071 4
9070 13
9069 36
9068 12
9067 88
9066 66
9065 57
9064 15
9063 5
9062 66
9061 78
9060 31
9059 55
9058 50
9057 43
9056 97
9055 28
9054 11
9053 45
9052 61
9051 29
9050 61
9049 56
9048 22
9047 60
9046 33
9045 65
9044 84
9043 22
9042 52
9041 80
9040 39
9039 5
9038 64
9037 61
9036 89
9035 22
9034 95
9033 91
9032 47
9031 86
9030 30
9029 100
9028 2
9027 42
9026 76
9025 7
9024 26
9023 86
9022 35
9021 31
9020 54
9019 14
9018 84
9017 65
9016 41
9015 21
9014 65
9013 64
9012 47
9011 14
9010 41
9009 51
9008 54
9007 22
9006 58
9005 24
9004 99
9003 29
9002 47
9001 28
9000 62
8999 92
8998 92
8997 42
8996 20
8995 83
8994 42
8993 32
8992 100
8991 35
8990 69
8989 35
8988 57
8987 57
8986 19
8985 30
8984 1
8983 21
8982 39
8981 100
8980 43
8979 86
8978 43
8977 48
8976 59
8975 99
8974 9
8973 29
8972 86
8971 99
8970 51
8969 64
8968 99
8967 100
8966 54
8965 7
8964 15
8963 67
8962 8
8961 6
8960 80
8959 81
8958 67
8957 57
8956 25
8955 75
8954 77
8953 94
8952 68
8951 41
8950 27
8949 14
8948 64
8947 50
8946 38
8945 8
8944 50
8943 30
8942 35
8941 54
8940 43
8939 72
8938 75
8937 3
8936 42
8935 92
8934 21
8933 83
8932 87
8931 75
8930 99
8929 10
8928 36
8927 96
8926 31
8925 67
8924 55
8923 85
8922 78
8921 96
8920 79
8919 26
8918 46
8917 49
8916 82
8915 50
8914 38
8913 24
8912 71
8911 2
8910 71
8909 3
8908 70
8907 1
8906 64
8905 49
8904 93
8903 25
8902 89
8901 39
8900 89
8899 37
8898 43
8897 70
8896 85
8895 69
8894 98
8893 9
8892 50
8891 74
8890 94
8889 51
8888 76
8887 85
8886 91
8885 72
8884 98
8883 39
8882 57
8881 69
8880 84
8879 42
8878 20
8877 28
8876 22
8875 60
8874 55
8873 76
8872 100
8871 18
8870 24
8869 74
8868 24
8867 85
8866 37
8865 69
8864 26
8863 99
8862 69
8861 54
8860 68
8859 29
8858 85
8857 49
8856 83
8855 8
8854 87
8853 63
8852 54
8851 13
8850 71
8849 29
8848 79
8847 20
8846 60
8845 50
8844 78
8843 89
8842 96
8841 75
8840 98
8839 72
8838 41
8837 87
8836 40
8835 46
8834 85
8833 91
8832 52
8831 25
8830 94
8829 38
8828 80
8827 38
8826 39
8825 41
8824 52
8823 12
8822 17
8821 38
8820 91
8819 87
8818 68
8817 7
8816 62
8815 68
8814 75
8813 27
8812 88
8811 50
8810 2
8809 62
8808 13
8807 50
8806 57
8805 21
8804 50
8803 72
8802 69
8801 15
8800 79
8799 39
8798 6
8797 14
8796 6
8795 16
8794 76
8793 24
8792 37
8791 67
8790 68
8789 56
8788 80
8787 77
8786 33
8785 57
8784 74
8783 47
8782 43
8781 68
8780 92
8779 53
8778 1
8777 45
8776 41
8775 66
8774 5
8773 22
8772 94
8771 1
8770 100
8769 10
8768 10
8767 0
8766 47
8765 19
8764 38
8763 6
8762 80
8761 32
8760 56
8759 45
8758 83
8757 27
8756 28
8755 31
8754 59
8753 50
8752 24
8751 39
8750 30
8749 72
8748 71
8747 60
8746 27
8745 59
8744 17
8743 48
8742 39
8741 14
8740 29
8739 91
8738 55
8737 86
8736 76
8735 27
8734 55
8733 29
8732 59
8731 3
8730 70
8729 1
8728 82
8727 96
8726 64
8725 49
8724 31
8723 7
8722 11
8721 16
8720 56
8719 12
8718 89
8717 69
8716 8
8715 51
8714 12
8713 33
8712 33
8711 89
8710 59
8709 30
8708 93
8707 20
8706 38
8705 34
8704 84
8703 70
8702 3
8701 90
8700 58
8699 44
8698 69
8697 8
8696 33
8695 4
8694 94
8693 8
8692 58
8691 82
8690 69
8689 16
8688 24
8687 44
8686 33
8685 97
8684 50
8683 48
8682 71
8681 82
8680 16
8679 73
8678 84
8677 34
8676 58
8675 96
8674 55
8673 42
8672 86
8671 85
8670 94
8669 35
8668 50
8667 100
8666 62
8665 5
8664 47
8663 3
8662 58
8661 1
8660 51
8659 53
8658 78
8657 84
8656 6
8655 91
8654 99
8653 28
8652 38
8651 92
8650 31
8649 69
8648 75
8647 7
8646 96
8645 22
8644 89
8643 25
8642 77
8641 16
8640 66
8639 54
8638 83
8637 53
8636 73
8635 63
8634 35
8633 45
8632 23
8631 45
8630 28
8629 95
8628 31
8627 11
8626 12
8625 96
8624 63
8623 43
8622 36
8621 67
8620 47
8619 77
8618 39
8617 95
8616 87
8615 22
8614 54
8613 55
8612 38
8611 54
8610 63
8609 76
8608 98
8607 44
8606 91
8605 99
8604 0
8603 0
8602 99
8601 57
8600 89
8599 22
8598 49
8597 35
8596 16
8595 54
8594 19
8593 56
8592 56
8591 31
8590 80
8589 16
8588 25
8587 79
8586 67
8585 50
8584 16
8583 53
8582 79
8581 92
8580 68
8579 55
8578 22
8577 68
8576 23
8575 81
8574 55
8573 66
8572 2
8571 73
8570 20
8569 48
8568 90
8567 82
8566 6
8565 70
8564 71
8563 49
8562 99
8561 36
8560 57
8559 13
8558 99
8557 29
8556 5
8555 2
8554 64
8553 4
8552 38
8551 63
8550 80
8549 35
8548 9
8547 98
8546 10
8545 83
8544 82
8543 91
8542 74
8541 58
8540 75
8539 85
8538 51
8537 25
8536 50
8535 18
8534 15
8533 47
8532 9
8531 75
8530 8
8529 93
8528 79
8527 15
8526 88
8525 25
8524 22
8523 87
8522 50
8521 48
8520 57
8519 97
8518 82
8517 45
8516 87
8515 75
8514 35
8513 20
8512 47
8511 24
8510 37
8509 96
8508 64
8507 98
8506 51
8505 7
8504 77
8503 69
8502 12
8501 23
8500 32
8499 28
8498 68
8497 8
8496 26
8495 19
8494 30
8493 52
8492 67
8491 98
8490 45
8489 44
8488 4
8487 17
8486 97
8485 42
8484 40
8483 47
8482 54
8481 85
8480 80
8479 47
8478 27
8477 16
8476 52
8475 9
8474 82
8473 61
8472 12
8471 12
8470 68
8469 90
8468 5
8467 98
8466 81
8465 50
8464 8
8463 39
8462 79
8461 54
8460 71
8459 18
8458 12
8457 100
8456 93
8455 24
8454 26
8453 5
8452 20
8451 6
8450 53
8449 14
8448 2
8447 52
8446 25
8445 87
8444 75
8443 36
8442 29
8441 53
8440 22
8439 42
8438 11
8437 69
8436 20
8435 20
8434 63
8433 12
8432 69
8431 73
8430 67
8429 87
8428 75
8427 86
8426 98
8425 79
8424 52
8423 82
8422 9
8421 52
8420 43
8419 57
8418 87
8417 24
8416 77
8415 31
8414 80
8413 31
8412 96
8411 51
8410 27
8409 34
8408 38
8407 72
8406 98
8405 98
8404 84
8403 74
8402 25
8401 6
8400 46
8399 49
8398 76
8397 91
8396 88
8395 94
8394 58
8393 32
8392 55
8391 59
8390 7
8389 33
8388 46
8387 87
8386 95
8385 54
8384 74
8383 74
8382 46
8381 2
8380 48
8379 62
8378 82
8377 33
8376 31
8375 86
8374 96
8373 51
8372 65
8371 65
8370 87
8369 49
8368 8
8367 82
8366 35
8365 62
8364 61
8363 78
8362 80
8361 6
8360 87
8359 91
8358 53
8357 58
8356 83
8355 17
8354 14
8353 31
8352 10
8351 88
8350 22
8349 56
8348 71
8347 49
8346 18
8345 54
8344 6
8343 54
8342 13
8341 47
8340 68
8339 66
8338 10
8337 14
8336 31
8335 13
8334 68
8333 75
8332 25
8331 30
8330 55
8329 38
8328 45
8327 76
8326 16
8325 34
8324 42
8323 15
8322 3
8321 73
8320 90
8319 14
8318 26
8317 77
8316 74
8315 72
8314 75
8313 11
8312 5
8311 90
8310 48
8309 90
8308 92
8307 30
8306 14
8305 22
8304 47
8303 2
8302 14
8301 63
8300 34
8299 65
8298 84
8297 16
8296 13
8295 58
8294 2
8293 60
8292 75
8291 15
8290 56
8289 2
8288 94
8287 2
8286 73
8285 85
8284 63
8283 2
8282 80
8281 11
8280 9
8279 9
8278 36
8277 39
8276 22
8275 16
8274 59
8273 4
8272 30
8271 39
8270 60
8269 62
8268 15
8267 12
8266 59
8265 14
8264 27
8263 86
8262 51
8261 71
8260 84
8259 64
8258 67
8257 70
8256 52
8255 74
8254 39
8253 34
8252 100
8251 64
8250 8
8249 63
8248 35
8247 31
8246 68
8245 71
8244 77
8243 56
8242 77
8241 54
8240 62
8239 34
8238 48
8237 2
8236 19
8235 99
8234 88
8233 38
8232 57
8231 23
8230 51
8229 48
8228 45
8227 53
8226 24
8225 88
8224 70
8223 13
8222 50
8221 10
8220 50
8219 93
8218 62
8217 95
8216 64
8215 78
8214 24
8213 73
8212 76
8211 2
8210 20
8209 61
8208 57
8207 60
8206 55
8205 39
8204 42
8203 87
8202 55
8201 23
8200 43
8199 30
8198 15
8197 60
8196 32
8195 70
8194 40
8193 69
8192 83
8191 51
8190 86
8189 31
8188 33
8187 6
8186 16
8185 23
8184 47
8183 17
8182 57
8181 31
8180 4
8179 56
8178 17
8177 68
8176 46
8175 15
8174 55
8173 22
8172 56
8171 69
8170 93
8169 14
8168 44
8167 36
8166 5
8165 84
8164 41
8163 64
8162 83
8161 53
8160 22
8159 73
8158 57
8157 10
8156 68
8155 32
8154 99
8153 77
8152 27
8151 76
8150 84
8149 44
8148 69
8147 28
8146 68
8145 39
8144 13
8143 2
8142 52
8141 40
8140 36
8139 85
8138 27
8137 48
8136 18
8135 44
8134 16
8133 21
8132 9
8131 68
8130 53
8129 27
8128 62
8127 86
8126 21
8125 23
8124 2
8123 32
8122 41
8121 70
8120 37
8119 17
8118 93
8117 6
8116 72
8115 22
8114 25
8113 90
8112 52
8111 49
8110 27
8109 13
8108 96
8107 32
8106 93
8105 35
8104 37
8103 30
8102 44
8101 61
8100 45
8099 9
8098 49
8097 8
8096 12
8095 12
8094 27
8093 100
8092 64
8091 0
8090 84
8089 11
8088 32
8087 37
8086 4
8085 72
8084 55
8083 25
8082 84
8081 21
8080 22
8079 91
8078 84
8077 11
8076 95
8075 98
8074 23
8073 2
8072 0
8071 74
8070 48
8069 66
8068 73
8067 65
8066 84
8065 83
8064 31
8063 37
8062 95
8061 56
8060 5
8059 86
8058 21
8057 54
8056 46
8055 85
8054 97
8053 66
8052 23
8051 38
8050 46
8049 85
8048 50
8047 68
8046 87
8045 66
8044 80
8043 10
8042 91
8041 100
8040 63
8039 50
8038 29
8037 72
8036 2
8035 78
8034 91
8033 100
8032 42
8031 55
8030 100
8029 59
8028 82
8027 81
8026 10
8025 45
8024 78
8023 24
8022 96
8021 41
8020 2
8019 59
8018 72
8017 23
8016 58
8015 66
8014 26
8013 38
8012 65
8011 20
8010 4
8009 71
8008 79
8007 86
8006 4
8005 26
8004 39
8003 51
8002 79
8001 78
8000 81
7999 72
7998 85
7997 49
7996 58
7995 41
7994 82
7993 26
7992 70
7991 42
7990 94
7989 9
7988 48
7987 65
7986 28
7985 37
7984 85
7983 14
7982 71
7981 75
7980 17
7979 67
7978 25
7977 58
7976 36
7975 9
7974 88
7973 86
7972 82
7971 2
7970 15
7969 78
7968 2
7967 61
7966 83
7965 72
7964 70
7963 10
7962 4
7961 56
7960 82
7959 83
7958 35
7957 53
7956 49
7955 53
7954 65
7953 29
7952 24
7951 68
7950 19
7949 98
7948 45
7947 6
7946 23
7945 32
7944 4
7943 36
7942 81
7941 28
7940 5
7939 30
7938 47
7937 58
7936 30
7935 22
7934 94
7933 2
7932 61
7931 31
7930 33
7929 23
7928 84
7927 91
7926 93
7925 51
7924 93
7923 43
7922 87
7921 71
7920 91
7919 64
7918 4
7917 4
7916 20
7915 53
7914 68
7913 25
7912 36
7911 71
7910 100
7909 63
7908 56
7907 6
7906 89
7905 8
7904 54
7903 91
7902 8
7901 75
7900 71
7899 100
7898 7
7897 16
7896 58
7895 65
7894 50
7893 82
7892 47
7891 6
7890 83
7889 51
7888 2
7887 44
7886 66
7885 73
7884 47
7883 27
7882 64
7881 20
7880 26
7879 27
7878 69
7877 43
7876 30
7875 12
7874 93
7873 84
7872 40
7871 2
7870 62
7869 69
7868 59
7867 9
7866 90
7865 45
7864 8
7863 4
7862 33
7861 33
7860 75
7859 58
7858 60
7857 82
7856 60
7855 78
7854 69
7853 12
7852 92
7851 72
7850 61
7849 13
7848 78
7847 85
7846 29
7845 53
7844 42
7843 39
7842 70
7841 96
7840 29
7839 33
7838 15
7837 73
7836 53
7835 68
7834 29
7833 53
7832 51
7831 41
7830 24
7829 37
7828 3
7827 71
7826 90
7825 11
7824 12
7823 14
7822 96
7821 49
7820 19
7819 49
7818 67
7817 30
7816 66
7815 65
7814 75
7813 98
7812 0
7811 94
7810 96
7809 0
7808 39
7807 8
7806 84
7805 4
7804 31
7803 70
7802 39
7801 89
7800 79
7799 93
7798 84
7797 63
7796 15
7795 26
7794 99
7793 70
7792 76
7791 46
7790 54
7789 96
7788 44
7787 70
7786 72
7785 18
7784 75
7783 86
7782 37
7781 56
7780 71
7779 71
7778 77
7777 37
7776 61
7775 22
7774 86
7773 5
7772 92
7771 44
7770 49
7769 58
7768 67
7767 37
7766 58
7765 45
7764 42
7763 50
7762 39
7761 85
7760 80
7759 91
7758 51
7757 12
7756 61
7755 3
7754 14
7753 24
7752 67
7751 27
7750 64
7749 85
7748 60
7747 32
7746 29
7745 41
7744 52
7743 45
7742 37
7741 25
7740 30
7739 23
7738 16
7737 75
7736 97
7735 80
7734 99
7733 36
7732 99
7731 12
7730 34
7729 62
7728 99
7727 90
7726 83
7725 97
7724 76
7723 22
7722 12
7721 76
7720 23
7719 83
7718 52
7717 40
7716 73
7715 46
7714 79
7713 34
7712 0
7711 80
7710 8
7709 48
7708 67
7707 88
7706 80
7705 27
7704 83
7703 63
7702 92
7701 22
7700 62
7699 24
7698 42
7697 2
7696 45
7695 96
7694 32
7693 30
7692 53
7691 18
7690 46
7689 95
7688 83
7687 74
7686 98
7685 90
7684 32
7683 9
7682 17
7681 85
7680 11
7679 22
7678 13
7677 12
7676 52
7675 65
7674 62
7673 67
7672 80
7671 46
7670 73
7669 65
7668 91
7667 27
7666 51
7665 22
7664 45
7663 94
7662 10
7661 6
7660 6
7659 71
7658 7
7657 66
7656 53
7655 71
7654 73
7653 48
7652 33
7651 25
7650 41
7649 93
7648 98
7647 78
7646 5
7645 98
7644 75
7643 3
7642 92
7641 94
7640 65
7639 28
7638 17
7637 8
7636 17
7635 6
7634 35
7633 40
7632 46
7631 34
7630 2
7629 68
7628 96
7627 36
7626 94
7625 83
7624 19
7623 66
7622 93
7621 18
7620 96
7619 27
7618 43
7617 33
7616 66
7615 62
7614 0
7613 80
7612 67
7611 3
7610 37
7609 49
7608 1
7607 98
7606 80
7605 82
7604 16
7603 34
7602 7
7601 26
7600 64
7599 17
7598 29
7597 48
7596 61
7595 27
7594 68
7593 45
7592 94
7591 77
7590 58
7589 38
7588 24
7587 27
7586 64
7585 55
7584 1
7583 4
7582 42
7581 84
7580 4
7579 83
7578 24
7577 82
7576 3
7575 63
7574 49
7573 24
7572 18
7571 10
7570 62
7569 3
7568 80
7567 93
7566 14
7565 88
7564 23
7563 59
7562 39
7561 59
7560 95
7559 20
7558 74
7557 34
7556 89
7555 84
7554 85
7553 53
7552 47
7551 69
7550 25
7549 66
7548 33
7547 76
7546 68
7545 89
7544 55
7543 84
7542 76
7541 47
7540 91
7539 96
7538 87
7537 90
7536 95
7535 45
7534 27
7533 27
7532 28
7531 65
7530 3
7529 72
7528 3
7527 11
7526 36
7525 70
7524 83
7523 84
7522 17
7521 48
7520 21
7519 7
7518 33
7517 74
7516 29
7515 30
7514 91
7513 55
7512 65
7511 44
7510 23
7509 51
7508 68
7507 95
7506 58
7505 38
7504 0
7503 62
7502 33
7501 74
7500 89
7499 91
7498 4
7497 26
7496 40
7495 88
7494 88
7493 5
7492 72
7491 16
7490 75
7489 77
7488 24
7487 98
7486 92
7485 18
7484 46
7483 96
7482 47
7481 5
7480 40
7479 21
7478 90
7477 9
7476 16
7475 57
7474 74
7473 54
7472 56
7471 20
7470 30
7469 73
7468 33
7467 30
7466 19
7465 91
7464 27
7463 2
7462 85
7461 58
7460 22
7459 30
7458 97
7457 64
7456 49
7455 10
7454 77
7453 70
7452 6
7451 90
7450 10
7449 90
7448 55
7447 1
7446 15
7445 9
7444 13
7443 11
7442 13
7441 29
7440 65
7439 85
7438 46
7437 23
7436 29
7435 94
7434 32
7433 12
7432 40
7431 15
7430 67
7429 67
7428 78
7427 71
7426 90
7425 92
7424 20
7423 70
7422 71
7421 31
7420 70
7419 51
7418 26
7417 48
7416 49
7415 62
7414 72
7413 59
7412 99
7411 86
7410 20
7409 2
7408 64
7407 70
7406 54
7405 34
7404 70
7403 23
7402 42
7401 5
7400 3
7399 36
7398 27
7397 19
7396 23
7395 48
7394 99
7393 28
7392 100
7391 71
7390 72
7389 96
7388 81
7387 61
7386 96
7385 71
7384 52
7383 61
7382 56
7381 88
7380 62
7379 32
7378 13
7377 61
7376 12
7375 31
7374 65
7373 85
7372 1
7371 45
7370 13
7369 30
7368 81
7367 80
7366 97
7365 3
7364 28
7363 83
7362 51
7361 18
7360 20
7359 89
7358 53
7357 52
7356 32
7355 0
7354 31
7353 42
7352 67
7351 95
7350 75
7349 40
7348 88
7347 32
7346 1
7345 67
7344 31
7343 63
7342 26
7341 68
7340 60
7339 28
7338 63
7337 12
7336 39
7335 33
7334 22
7333 34
7332 41
7331 36
7330 67
7329 62
7328 52
7327 80
7326 37
7325 42
7324 37
7323 33
7322 66
7321 13
7320 83
7319 63
7318 34
7317 67
7316 18
7315 51
7314 48
7313 0
7312 30
7311 59
7310 60
7309 63
7308 65
7307 84
7306 60
7305 84
7304 12
7303 1
7302 29
7301 73
7300 33
7299 35
7298 74
7297 57
7296 67
7295 43
7294 60
7293 0
7292 46
7291 58
7290 9
7289 57
7288 75
7287 70
7286 83
7285 50
7284 83
7283 55
7282 3
7281 52
7280 66
7279 47
7278 52
7277 93
7276 70
7275 72
7274 58
7273 92
7272 2
7271 40
7270 78
7269 6
7268 98
7267 72
7266 56
7265 66
7264 3
7263 74
7262 80
7261 73
7260 49
7259 21
7258 87
7257 82
7256 10
7255 64
7254 60
7253 73
7252 81
7251 23
7250 65
7249 4
7248 12
7247 44
7246 75
7245 12
7244 95
7243 79
7242 81
7241 7
7240 77
7239 54
7238 30
7237 35
7236 87
7235 28
7234 81
7233 47
7232 89
7231 72
7230 43
7229 22
7228 50
7227 35
7226 94
7225 33
7224 68
7223 82
7222 3
7221 8
7220 22
7219 28
7218 61
7217 94
7216 27
7215 93
7214 59
7213 88
7212 19
7211 6
7210 34
7209 91
7208 44
7207 23
7206 25
7205 54
7204 80
7203 60
7202 16
7201 67
7200 99
7199 82
7198 27
7197 16
7196 89
7195 19
7194 65
7193 90
7192 92
7191 65
7190 20
7189 80
7188 66
7187 58
7186 37
7185 92
7184 10
7183 89
7182 73
7181 24
7180 23
7179 94
7178 68
7177 62
7176 21
7175 67
7174 15
7173 22
7172 89
7171 13
7170 97
7169 94
7168 78
7167 50
7166 45
7165 97
7164 79
7163 11
7162 95
7161 67
7160 4
7159 43
7158 90
7157 35
7156 72
7155 88
7154 27
7153 72
7152 73
7151 80
7150 7
7149 30
7148 18
7147 53
7146 6
7145 30
7144 44
7143 84
7142 20
7141 80
7140 20
7139 85
7138 80
7137 54
7136 64
7135 52
7134 17
7133 61
7132 19
7131 81
7130 3
7129 33
7128 15
7127 30
7126 59
7125 75
7124 90
7123 29
7122 27
7121 97
7120 10
7119 30
7118 10
7117 32
7116 66
7115 5
7114 94
7113 21
7112 7
7111 18
7110 42
7109 24
7108 89
7107 13
7106 54
7105 49
7104 65
7103 0
7102 84
7101 69
7100 25
7099 61
7098 22
7097 87
7096 14
7095 83
7094 42
7093 3
7092 97
7091 20
7090 61
7089 15
7088 25
7087 20
7086 22
7085 15
7084 85
7083 66
7082 65
7081 72
7080 13
7079 91
7078 63
7077 38
7076 70
7075 6
7074 99
7073 69
7072 16
7071 86
7070 45
7069 25
7068 58
7067 96
7066 20
7065 82
7064 6
7063 70
7062 11
7061 88
7060 34
7059 28
7058 39
7057 89
7056 68
7055 42
7054 28
7053 88
7052 8
7051 86
7050 10
7049 84
7048 79
7047 20
7046 100
7045 37
7044 88
7043 7
7042 65
7041 19
7040 87
7039 36
7038 33
7037 11
7036 22
7035 35
7034 58
7033 21
7032 92
7031 40
7030 16
7029 2
7028 30
7027 93
7026 16
7025 62
7024 41
7023 2
7022 83
7021 4
7020 68
7019 90
7018 28
7017 78
7016 91
7015 17
7014 82
7013 1
7012 97
7011 91
7010 42
7009 63
7008 94
7007 12
7006 66
7005 1
7004 52
7003 82
7002 46
7001 22
7000 87
6999 37
6998 73
6997 37
6996 84
6995 56
6994 68
6993 50
6992 96
6991 87
6990 75
6989 14
6988 57
6987 34
6986 0
6985 11
6984 16
6983 27
6982 82
6981 68
6980 2
6979 4
6978 44
6977 63
6976 40
6975 18
6974 83
6973 35
6972 93
6971 78
6970 25
6969 59
6968 56
6967 10
6966 9
6965 3
6964 71
6963 58
6962 11
6961 19
6960 65
6959 27
6958 8
6957 66
6956 55
6955 81
6954 28
6953 91
6952 98
6951 24
6950 37
6949 70
6948 46
6947 100
6946 18
6945 8
6944 97
6943 73
6942 98
6941 86
6940 87
6939 48
6938 93
6937 35
6936 92
6935 98
6934 82
6933 35
6932 78
6931 20
6930 66
6929 74
6928 52
6927 32
6926 84
6925 33
6924 5
6923 10
6922 20
6921 20
6920 25
6919 72
6918 60
6917 65
6916 87
6915 79
6914 0
6913 14
6912 31
6911 13
6910 72
6909 5
6908 45
6907 22
6906 46
6905 71
6904 97
6903 21
6902 79
6901 46
6900 61
6899 65
6898 65
6897 5
6896 39
6895 98
6894 98
6893 39
6892 72
6891 77
6890 14
6889 42
6888 47
6887 80
6886 26
6885 52
6884 21
6883 97
6882 94
6881 98
6880 14
6879 13
6878 72
6877 27
6876 53
6875 36
6874 40
6873 89
6872 83
6871 9
6870 34
6869 22
6868 59
6867 18
6866 75
6865 20
6864 50
6863 94
6862 42
6861 33
6860 99
6859 24
6858 74
6857 42
6856 6
6855 58
6854 40
6853 38
6852 70
6851 50
6850 38
6849 31
6848 85
6847 5
6846 6
6845 1
6844 38
6843 54
6842 94
6841 13
6840 46
6839 33
6838 87
6837 45
6836 1
6835 87
6834 89
6833 90
6832 12
6831 11
6830 60
6829 58
6828 39
6827 32
6826 57
6825 21
6824 86
6823 62
6822 98
6821 65
6820 57
6819 84
6818 60
6817 6
6816 82
6815 82
6814 85
6813 42
6812 67
6811 30
6810 15
6809 98
6808 13
6807 38
6806 56
6805 61
6804 44
6803 14
6802 45
6801 41
6800 23
6799 94
6798 23
6797 11
6796 89
6795 7
6794 69
6793 96
6792 57
6791 43
6790 87
6789 78
6788 100
6787 11
6786 71
6785 38
6784 39
6783 68
6782 30
6781 48
6780 67
6779 29
6778 69
6777 1
6776 77
6775 94
6774 65
6773 1
6772 17
6771 78
6770 1
6769 89
6768 66
6767 1
6766 43
6765 63
6764 92
6763 43
6762 37
6761 62
6760 52
6759 55
6758 39
6757 61
6756 88
6755 67
6754 34
6753 14
6752 81
6751 8
6750 68
6749 55
6748 86
6747 52
6746 33
6745 0
6744 23
6743 62
6742 0
6741 12
6740 54
6739 70
6738 15
6737 51
6736 16
6735 22
6734 37
6733 31
6732 12
6731 92
6730 43
6729 60
6728 27
6727 20
6726 66
6725 19
6724 36
6723 62
6722 36
6721 54
6720 74
6719 92
6718 2
6717 26
6716 37
6715 85
6714 33
6713 68
6712 59
6711 90
6710 39
6709 59
6708 49
6707 15
6706 6
6705 21
6704 40
6703 3
6702 49
6701 46
6700 87
6699 98
6698 23
6697 64
6696 64
6695 5
6694 85
6693 79
6692 37
6691 7
6690 51
6689 78
6688 91
6687 85
6686 16
6685 60
6684 15
6683 20
6682 61
6681 1
6680 59
6679 61
6678 99
6677 81
6676 4
6675 74
6674 87
6673 93
6672 41
6671 54
6670 76
6669 10
6668 64
6667 29
6666 70
6665 72
6664 6
6663 80
6662 8
6661 46
6660 37
6659 42
6658 91
6657 18
6656 56
6655 74
6654 81
6653 52
6652 70
6651 73
6650 70
6649 82
6648 76
6647 54
6646 51
6645 23
6644 7
6643 79
6642 21
6641 89
6640 9
6639 20
6638 37
6637 77
6636 70
6635 83
6634 18
6633 96
6632 0
6631 73
6630 43
6629 50
6628 65
6627 62
6626 74
6625 74
6624 34
6623 25
6622 50
6621 36
6620 41
6619 63
6618 68
6617 36
6616 47
6615 44
6614 41
6613 79
6612 88
6611 26
6610 77
6609 66
6608 47
6607 16
6606 52
6605 60
6604 56
6603 91
6602 31
6601 76
6600 64
6599 72
6598 15
6597 75
6596 70
6595 55
6594 14
6593 73
6592 12
6591 100
6590 47
6589 43
6588 95
6587 57
6586 33
6585 88
6584 90
6583 100
6582 94
6581 9
6580 14
6579 6
6578 74
6577 11
6576 92
6575 71
6574 28
6573 61
6572 35
6571 16
6570 57
6569 99
6568 69
6567 30
6566 55
6565 39
6564 80
6563 94
6562 34
6561 18
6560 12
6559 100
6558 56
6557 70
6556 16
6555 21
6554 43
6553 22
6552 98
6551 92
6550 87
6549 82
6548 38
6547 78
6546 51
6545 46
6544 58
6543 57
6542 26
6541 60
6540 75
6539 36
6538 8
6537 39
6536 46
6535 59
6534 32
6533 4
6532 47
6531 17
6530 84
6529 68
6528 100
6527 73
6526 13
6525 43
6524 35
6523 25
6522 92
6521 15
6520 16
6519 39
6518 52
6517 44
6516 70
6515 53
6514 82
6513 95
6512 7
6511 4
6510 30
6509 90
6508 73
6507 78
6506 95
6505 42
6504 3
6503 31
6502 11
6501 31
6500 33
6499 59
6498 99
6497 96
6496 98
6495 43
6494 99
6493 50
6492 79
6491 54
6490 2
6489 46
6488 100
6487 90
6486 17
6485 16
6484 3
6483 100
6482 93
6481 22
6480 65
6479 0
6478 29
6477 46
6476 27
6475 21
6474 44
6473 55
6472 2
6471 58
6470 2
6469 20
6468 92
6467 31
6466 95
6465 95
6464 90
6463 22
6462 59
6461 36
6460 88
6459 41
6458 95
6457 66
6456 38
6455 39
6454 91
6453 94
6452 48
6451 72
6450 65
6449 11
6448 37
6447 0
6446 14
6445 43
6444 49
6443 15
6442 24
6441 6
6440 14
6439 29
6438 57
6437 18
6436 14
6435 65
6434 93
6433 27
6432 58
6431 35
6430 43
6429 69
6428 93
6427 52
6426 48
6425 95
6424 69
6423 27
6422 32
6421 61
6420 30
6419 42
6418 80
6417 0
6416 75
6415 31
6414 71
6413 69
6412 9
6411 60
6410 42
6409 68
6408 2
6407 75
6406 63
6405 59
6404 53
6403 55
6402 19
6401 76
6400 87
6399 14
6398 89
6397 62
6396 55
6395 73
6394 1
6393 65
6392 58
6391 61
6390 71
6389 85
6388 80
6387 16
6386 74
6385 23
6384 34
6383 65
6382 29
6381 25
6380 65
6379 31
6378 49
6377 25
6376 8
6375 29
6374 21
6373 44
6372 97
6371 47
6370 42
6369 80
6368 63
6367 69
6366 21
6365 8
6364 39
6363 58
6362 91
6361 62
6360 28
6359 19
6358 61
6357 51
6356 77
6355 20
6354 10
6353 27
6352 54
6351 95
6350 45
6349 65
6348 40
6347 80
6346 47
6345 0
6344 44
6343 28
6342 78
6341 94
6340 22
6339 53
6338 76
6337 77
6336 70
6335 37
6334 17
6333 7
6332 40
6331 56
6330 65
6329 44
6328 1
6327 23
6326 97
6325 48
6324 94
6323 39
6322 87
6321 78
6320 28
6319 78
6318 65
6317 15
6316 59
6315 39
6314 15
6313 18
6312 49
6311 24
6310 13
6309 68
6308 79
6307 3
6306 88
6305 91
6304 56
6303 37
6302 36
6301 88
6300 14
6299 74
6298 98
6297 32
6296 75
6295 80
6294 64
6293 31
6292 54
6291 20
6290 60
6289 10
6288 30
6287 4
6286 26
6285 96
6284 42
6283 99
6282 100
6281 26
6280 17
6279 75
6278 19
6277 87
6276 100
6275 46
6274 40
6273 88
6272 88
6271 3
6270 15
6269 3
6268 68
6267 79
6266 68
6265 70
6264 17
6263 62
6262 45
6261 57
6260 89
6259 10
6258 19
6257 9
6256 59
6255 11
6254 43
6253 89
6252 80
6251 61
6250 7
6249 16
6248 27
6247 90
6246 98
6245 61
6244 86
6243 60
6242 9
6241 55
6240 48
6239 89
6238 7
6237 63
6236 42
6235 20
6234 32
6233 94
6232 4
6231 29
6230 98
6229 7
6228 19
6227 71
6226 58
6225 93
6224 49
6223 23
6222 56
6221 40
6220 30
6219 96
6218 91
6217 43
6216 0
6215 78
6214 14
6213 56
6212 22
6211 24
6210 98
6209 12
6208 86
6207 81
6206 41
6205 77
6204 27
6203 25
6202 2
6201 6
6200 32
6199 47
6198 58
6197 51
6196 23
6195 3
6194 5
6193 26
6192 26
6191 27
6190 0
6189 84
6188 37
6187 9
6186 19
6185 74
6184 77
6183 79
6182 73
6181 22
6180 25
6179 49
6178 88
6177 37
6176 6
6175 98
6174 31
6173 29
6172 76
6171 94
6170 84
6169 83
6168 69
6167 53
6166 38
6165 20
6164 2
6163 63
6162 59
6161 83
6160 61
6159 16
6158 51
6157 49
6156 40
6155 9
6154 77
6153 34
6152 39
6151 11
6150 81
6149 75
6148 55
6147 6
6146 100
6145 65
6144 19
6143 80
6142 36
6141 53
6140 38
6139 12
6138 51
6137 99
6136 97
6135 53
6134 29
6133 97
6132 1
6131 63
6130 64
6129 90
6128 39
6127 71
6126 65
6125 3
6124 96
6123 59
6122 76
6121 84
6120 90
6119 97
6118 100
6117 90
6116 35
6115 99
6114 81
6113 70
6112 60
6111 36
6110 6
6109 2
6108 1
6107 51
6106 86
6105 76
6104 47
6103 59
6102 57
6101 45
6100 87
6099 76
6098 74
6097 21
6096 61
6095 59
6094 81
6093 50
6092 30
6091 20
6090 77
6089 23
6088 87
6087 24
6086 88
6085 27
6084 97
6083 66
6082 73
6081 49
6080 61
6079 30
6078 42
6077 95
6076 83
6075 45
6074 79
6073 19
6072 61
6071 31
6070 77
6069 91
6068 49
6067 67
6066 86
6065 54
6064 21
6063 60
6062 85
6061 6
6060 71
6059 52
6058 51
6057 2
6056 51
6055 77
6054 92
6053 37
6052 62
6051 58
6050 1
6049 21
6048 6
6047 32
6046 44
6045 38
6044 61
6043 81
6042 67
6041 48
6040 49
6039 54
6038 27
6037 45
6036 7
6035 11
6034 21
6033 24
6032 24
6031 97
6030 22
6029 92
6028 36
6027 3
6026 73
6025 85
6024 43
6023 52
6022 39
6021 54
6020 21
6019 11
6018 89
6017 66
6016 67
6015 25
6014 43
6013 54
6012 24
6011 76
6010 71
6009 69
6008 37
6007 26
6006 46
6005 36
6004 49
6003 85
6002 19
6001 58
6000 74
5999 26
5998 89
5997 85
5996 43
5995 20
5994 36
5993 15
5992 4
5991 76
5990 100
5989 7
5988 21
5987 30
5986 79
5985 9
5984 9
5983 48
5982 45
5981 96
5980 30
5979 64
5978 23
5977 88
5976 11
5975 12
5974 21
5973 27
5972 89
5971 0
5970 75
5969 96
5968 32
5967 40
5966 19
5965 27
5964 44
5963 91
5962 25
5961 16
5960 73
5959 60
5958 91
5957 93
5956 71
5955 65
5954 89
5953 79
5952 33
5951 45
5950 36
5949 31
5948 12
5947 6
5946 38
5945 32
5944 55
5943 34
5942 33
5941 1
5940 98
5939 56
5938 15
5937 55
5936 61
5935 52
5934 36
5933 36
5932 70
5931 66
5930 83
5929 47
5928 66
5927 99
5926 15
5925 57
5924 95
5923 29
5922 80
5921 48
5920 43
5919 61
5918 60
5917 72
5916 61
5915 36
5914 9
5913 35
5912 45
5911 40
5910 30
5909 76
5908 66
5907 93
5906 68
5905 95
5904 89
5903 41
5902 57
5901 10
5900 38
5899 42
5898 56
5897 64
5896 60
5895 51
5894 11
5893 6
5892 75
5891 22
5890 6
5889 71
5888 77
5887 14
5886 91
5885 78
5884 92
5883 32
5882 74
5881 69
5880 45
5879 35
5878 35
5877 40
5876 93
5875 62
5874 89
5873 49
5872 28
5871 66
5870 91
5869 34
5868 81
5867 73
5866 12
5865 5
5864 46
5863 40
5862 36
5861 1
5860 73
5859 50
5858 62
5857 16
5856 43
5855 98
5854 46
5853 88
5852 80
5851 98
5850 36
5849 10
5848 50
5847 27
5846 79
5845 59
5844 28
5843 42
5842 87
5841 61
5840 29
5839 74
5838 100
5837 65
5836 87
5835 25
5834 43
5833 81
5832 80
5831 87
5830 18
5829 38
5828 98
5827 13
5826 73
5825 23
5824 11
5823 47
5822 63
5821 95
5820 92
5819 61
5818 70
5817 86
5816 7
5815 65
5814 96
5813 71
5812 10
5811 23
5810 79
5809 10
5808 36
5807 90
5806 17
5805 14
5804 6
5803 73
5802 48
5801 15
5800 10
5799 32
5798 59
5797 84
5796 33
5795 7
5794 76
5793 20
5792 76
5791 54
5790 81
5789 67
5788 42
5787 53
5786 40
5785 41
5784 13
5783 27
5782 59
5781 45
5780 28
5779 15
5778 96
5777 29
5776 23
5775 57
5774 89
5773 56
5772 3
5771 66
5770 24
5769 34
5768 31
5767 4
5766 58
5765 29
5764 73
5763 14
5762 22
5761 63
5760 44
5759 19
5758 12
5757 96
5756 48
5755 36
5754 30
5753 41
5752 48
5751 3
5750 0
5749 76
5748 70
5747 54
5746 33
5745 62
5744 95
5743 24
5742 11
5741 20
5740 29
5739 36
5738 3
5737 39
5736 15
5735 66
5734 24
5733 33
5732 40
5731 1
5730 29
5729 44
5728 30
5727 51
5726 1
5725 76
5724 82
5723 11
5722 99
5721 8
5720 37
5719 59
5718 0
5717 58
5716 8
5715 27
5714 79
5713 45
5712 31
5711 87
5710 60
5709 85
5708 90
5707 16
5706 47
5705 47
5704 32
5703 67
5702 17
5701 52
5700 31
5699 93
5698 53
5697 86
5696 68
5695 64
5694 31
5693 88
5692 12
5691 12
5690 69
5689 37
5688 30
5687 58
5686 40
5685 37
5684 27
5683 42
5682 15
5681 7
5680 10
5679 10
5678 10
5677 82
5676 57
5675 89
5674 69
5673 32
5672 59
5671 88
5670 61
5669 51
5668 65
5667 34
5666 81
5665 96
5664 4
5663 72
5662 73
5661 13
5660 19
5659 7
5658 52
5657 48
5656 22
5655 37
5654 51
5653 80
5652 60
5651 100
5650 11
5649 90
5648 91
5647 77
5646 55
5645 74
5644 42
5643 87
5642 11
5641 57
5640 32
5639 89
5638 29
5637 10
5636 92
5635 70
5634 10
5633 19
5632 75
5631 60
5630 39
5629 47
5628 56
5627 25
5626 69
5625 4
5624 22
5623 5
5622 25
5621 81
5620 97
5619 19
5618 73
5617 43
5616 78
5615 30
5614 5
5613 7
5612 55
5611 86
5610 82
5609 78
5608 61
5607 74
5606 77
5605 48
5604 40
5603 84
5602 83
5601 77
5600 53
5599 0
5598 34
5597 7
5596 89
5595 50
5594 65
5593 54
5592 18
5591 92
5590 60
5589 54
5588 4
5587 42
5586 59
5585 14
5584 23
5583 69
5582 29
5581 41
5580 80
5579 27
5578 7
5577 71
5576 54
5575 68
5574 97
5573 95
5572 67
5571 11
5570 98
5569 70
5568 29
5567 44
5566 35
5565 52
5564 58
5563 14
5562 2
5561 14
5560 7
5559 21
5558 29
5557 30
5556 21
5555 97
5554 59
5553 25
5552 39
5551 87
5550 38
5549 11
5548 8
5547 14
5546 25
5545 27
5544 99
5543 6
5542 60
5541 55
5540 30
5539 15
5538 90
5537 40
5536 87
5535 12
5534 20
5533 20
5532 33
5531 25
5530 3
5529 31
5528 15
5527 9
5526 52
5525 7
5524 93
5523 66
5522 61
5521 18
5520 3
5519 99
5518 42
5517 42
5516 30
5515 49
5514 79
5513 78
5512 29
5511 37
5510 50
5509 27
5508 72
5507 76
5506 80
5505 95
5504 37
5503 47
5502 10
5501 76
5500 68
5499 49
5498 72
5497 8
5496 77
5495 76
5494 90
5493 2
5492 45
5491 45
5490 85
5489 73
5488 56
5487 86
5486 25
5485 94
5484 36
5483 80
5482 23
5481 17
5480 39
5479 70
5478 83
5477 6
5476 31
5475 36
5474 92
5473 48
5472 67
5471 21
5470 67
5469 22
5468 82
5467 0
5466 39
5465 43
5464 79
5463 79
5462 82
5461 97
5460 75
5459 18
5458 44
5457 26
5456 51
5455 83
5454 81
5453 22
5452 47
5451 85
5450 6
5449 86
5448 88
5447 71
5446 83
5445 70
5444 50
5443 25
5442 76
5441 3
5440 99
5439 96
5438 76
5437 70
5436 73
5435 29
5434 11
5433 66
5432 91
5431 79
5430 32
5429 7
5428 5
5427 48
5426 96
5425 19
5424 61
5423 67
5422 9
5421 79
5420 100
5419 29
5418 17
5417 57
5416 52
5415 6
5414 48
5413 30
5412 28
5411 50
5410 32
5409 45
5408 28
5407 91
5406 4
5405 88
5404 24
5403 6
5402 49
5401 19
5400 64
5399 77
5398 67
5397 22
5396 55
5395 37
5394 62
5393 23
5392 47
5391 2
5390 37
5389 78
5388 78
5387 61
5386 87
5385 14
5384 73
5383 91
5382 100
5381 87
5380 24
5379 18
5378 9
5377 43
5376 91
5375 60
5374 94
5373 69
5372 72
5371 65
5370 12
5369 15
5368 51
5367 55
5366 54
5365 100
5364 16
5363 72
5362 35
5361 24
5360 38
5359 70
5358 32
5357 16
5356 5
5355 87
5354 11
5353 1
5352 34
5351 61
5350 21
5349 89
5348 79
5347 3
5346 28
5345 63
5344 54
5343 37
5342 83
5341 15
5340 9
5339 91
5338 35
5337 52
5336 26
5335 27
5334 89
5333 21
5332 1
5331 39
5330 21
5329 47
5328 80
5327 44
5326 11
5325 24
5324 25
5323 10
5322 4
5321 55
5320 52
5319 86
5318 31
5317 29
5316 14
5315 6
5314 57
5313 88
5312 11
5311 37
5310 32
5309 65
5308 4
5307 59
5306 74
5305 49
5304 86
5303 82
5302 35
5301 88
5300 44
5299 94
5298 37
5297 80
5296 27
5295 86
5294 2
5293 100
5292 27
5291 90
5290 1
5289 52
5288 33
5287 93
5286 18
5285 13
5284 90
5283 54
5282 6
5281 48
5280 11
5279 83
5278 19
5277 42
5276 34
5275 20
5274 73
5273 82
5272 92
5271 78
5270 7
5269 94
5268 56
5267 28
5266 72
5265 68
5264 5
5263 26
5262 75
5261 38
5260 73
5259 89
5258 90
5257 42
5256 85
5255 4
5254 29
5253 91
5252 35
5251 76
5250 44
5249 69
5248 6
5247 56
5246 99
5245 57
5244 64
5243 33
5242 48
5241 90
5240 0
5239 36
5238 71
5237 76
5236 78
5235 59
5234 44
5233 40
5232 53
5231 28
5230 85
5229 86
5228 93
5227 80
5226 100
5225 14
5224 86
5223 97
5222 20
5221 65
5220 8
5219 66
5218 33
5217 15
5216 49
5215 44
5214 34
5213 12
5212 28
5211 48
5210 82
5209 19
5208 50
5207 3
5206 84
5205 19
5204 61
5203 27
5202 17
5201 38
5200 84
5199 98
5198 57
5197 82
5196 93
5195 78
5194 9
5193 28
5192 73
5191 24
5190 42
5189 4
5188 93
5187 29
5186 45
5185 18
5184 98
5183 4
5182 20
5181 8
5180 46
5179 69
5178 37
5177 49
5176 11
5175 55
5174 62
5173 22
5172 22
5171 96
5170 81
5169 78
5168 16
5167 46
5166 50
5165 63
5164 56
5163 53
5162 85
5161 10
5160 3
5159 36
5158 13
5157 17
5156 54
5155 59
5154 76
5153 21
5152 47
5151 2
5150 53
5149 9
5148 22
5147 1
5146 21
5145 10
5144 3
5143 69
5142 40
5141 97
5140 50
5139 8
5138 86
5137 52
5136 51
5135 10
5134 55
5133 90
5132 21
5131 81
5130 4
5129 11
5128 18
5127 27
5126 46
5125 44
5124 74
5123 80
5122 30
5121 49
5120 95
5119 87
5118 59
5117 17
5116 51
5115 44
5114 57
5113 51
5112 89
5111 70
5110 2
5109 58
5108 45
5107 80
5106 53
5105 27
5104 38
5103 76
5102 83
5101 22
5100 65
5099 1
5098 9
5097 28
5096 13
5095 15
5094 57
5093 34
5092 33
5091 62
5090 78
5089 6
5088 30
5087 10
5086 93
5085 39
5084 83
5083 63
5082 83
5081 4
5080 46
5079 15
5078 69
5077 43
5076 99
5075 6
5074 27
5073 79
5072 72
5071 65
5070 8
5069 9
5068 18
5067 11
5066 71
5065 90
5064 63
5063 18
5062 45
5061 46
5060 88
5059 8
5058 78
5057 41
5056 36
5055 99
5054 38
5053 19
5052 9
5051 89
5050 52
5049 67
5048 60
5047 9
5046 85
5045 67
5044 23
5043 8
5042 42
5041 25
5040 100
5039 30
5038 14
5037 6
5036 89
5035 43
5034 96
5033 11
5032 33
5031 55
5030 6
5029 1
5028 43
5027 71
5026 3
5025 20
5024 70
5023 13
5022 8
5021 12
5020 66
5019 45
5018 33
5017 8
5016 0
5015 70
5014 38
5013 87
5012 20
5011 65
5010 33
5009 72
5008 33
5007 7
5006 22
5005 10
5004 89
5003 68
5002 75
5001 72
5000 16
4999 15
4998 55
4997 54
4996 36
4995 12
4994 78
4993 16
4992 24
4991 38
4990 81
4989 45
4988 68
4987 11
4986 38
4985 60
4984 11
4983 52
4982 3
4981 88
4980 13
4979 46
4978 55
4977 74
4976 35
4975 77
4974 49
4973 29
4972 65
4971 87
4970 64
4969 94
4968 0
4967 89
4966 56
4965 55
4964 6
4963 55
4962 33
4961 5
4960 10
4959 32
4958 67
4957 18
4956 2
4955 85
4954 20
4953 2
4952 41
4951 54
4950 23
4949 77
4948 5
4947 67
4946 16
4945 51
4944 76
4943 52
4942 27
4941 69
4940 31
4939 45
4938 15
4937 50
4936 87
4935 92
4934 47
4933 94
4932 11
4931 50
4930 90
4929 1
4928 11
4927 29
4926 47
4925 71
4924 99
4923 34
4922 3
4921 36
4920 79
4919 16
4918 11
4917 47
4916 70
4915 76
4914 27
4913 92
4912 95
4911 7
4910 11
4909 48
4908 43
4907 7
4906 44
4905 73
4904 91
4903 20
4902 86
4901 1
4900 31
4899 34
4898 85
4897 77
4896 25
4895 7
4894 11
4893 13
4892 1
4891 33
4890 39
4889 78
4888 48
4887 74
4886 93
4885 66
4884 8
4883 63
4882 14
4881 33
4880 39
4879 65
4878 52
4877 96
4876 72
4875 21
4874 1
4873 57
4872 28
4871 74
4870 50
4869 69
4868 82
4867 67
4866 62
4865 50
4864 51
4863 12
4862 27
4861 24
4860 72
4859 70
4858 2
4857 38
4856 23
4855 95
4854 71
4853 36
4852 37
4851 3
4850 62
4849 67
4848 12
4847 94
4846 87
4845 92
4844 19
4843 62
4842 20
4841 92
4840 63
4839 67
4838 92
4837 55
4836 22
4835 61
4834 100
4833 25
4832 92
4831 68
4830 15
4829 82
4828 17
4827 76
4826 50
4825 34
4824 15
4823 42
4822 57
4821 69
4820 92
4819 55
4818 19
4817 92
4816 9
4815 65
4814 97
4813 73
4812 98
4811 86
4810 47
4809 27
4808 16
4807 40
4806 80
4805 13
4804 33
4803 24
4802 78
4801 64
4800 4
4799 58
4798 23
4797 23
4796 15
4795 7
4794 41
4793 47
4792 73
4791 90
4790 30
4789 32
4788 24
4787 55
4786 54
4785 56
4784 55
4783 48
4782 21
4781 90
4780 92
4779 16
4778 60
4777 69
4776 64
4775 3
4774 71
4773 42
4772 91
4771 58
4770 78
4769 11
4768 96
4767 85
4766 99
4765 12
4764 37
4763 98
4762 29
4761 38
4760 90
4759 24
4758 67
4757 56
4756 67
4755 39
4754 97
4753 76
4752 16
4751 65
4750 62
4749 27
4748 75
4747 47
4746 11
4745 2
4744 78
4743 69
4742 24
4741 12
4740 77
4739 76
4738 20
4737 92
4736 72
4735 69
4734 65
4733 28
4732 63
4731 2
4730 49
4729 56
4728 22
4727 38
4726 56
4725 30
4724 71
4723 64
4722 71
4721 50
4720 15
4719 25
4718 83
4717 13
4716 47
4715 73
4714 37
4713 20
4712 59
4711 21
4710 45
4709 96
4708 55
4707 40
4706 9
4705 17
4704 93
4703 26
4702 31
4701 34
4700 63
4699 85
4698 71
4697 100
4696 93
4695 41
4694 88
4693 70
4692 91
4691 40
4690 67
4689 48
4688 61
4687 84
4686 34
4685 21
4684 29
4683 39
4682 75
4681 5
4680 54
4679 47
4678 18
4677 99
4676 43
4675 14
4674 70
4673 35
4672 51
4671 12
4670 37
4669 97
4668 36
4667 88
4666 51
4665 28
4664 87
4663 95
4662 28
4661 37
4660 73
4659 16
4658 63
4657 61
4656 99
4655 1
4654 4
4653 56
4652 35
4651 55
4650 86
4649 83
4648 19
4647 22
4646 93
4645 33
4644 96
4643 43
4642 1
4641 26
4640 92
4639 62
4638 31
4637 85
4636 53
4635 14
4634 51
4633 79
4632 77
4631 98
4630 41
4629 98
4628 55
4627 0
4626 11
4625 24
4624 97
4623 39
4622 31
4621 7
4620 49
4619 83
4618 57
4617 0
4616 12
4615 41
4614 86
4613 56
4612 1
4611 2
4610 54
4609 34
4608 51
4607 73
4606 81
4605 56
4604 80
4603 69
4602 23
4601 50
4600 81
4599 0
4598 51
4597 29
4596 38
4595 95
4594 61
4593 71
4592 2
4591 25
4590 32
4589 91
4588 0
4587 77
4586 2
4585 79
4584 62
4583 27
4582 18
4581 43
4580 72
4579 25
4578 55
4577 55
4576 70
4575 68
4574 22
4573 57
4572 85
4571 65
4570 19
4569 23
4568 32
4567 67
4566 94
4565 71
4564 35
4563 4
4562 95
4561 95
4560 9
4559 78
4558 7
4557 5
4556 84
4555 41
4554 48
4553 15
4552 91
4551 21
4550 61
4549 39
4548 37
4547 92
4546 23
4545 50
4544 66
4543 99
4542 72
4541 72
4540 53
4539 26
4538 81
4537 71
4536 97
4535 59
4534 38
4533 25
4532 93
4531 33
4530 72
4529 34
4528 59
4527 76
4526 53
4525 64
4524 77
4523 16
4522 47
4521 27
4520 26
4519 18
4518 8
4517 41
4516 30
4515 80
4514 5
4513 20
4512 6
4511 17
4510 11
4509 19
4508 13
4507 63
4506 8
4505 14
4504 93
4503 8
4502 94
4501 23
4500 57
4499 14
4498 58
4497 76
4496 51
4495 47
4494 80
4493 33
4492 98
4491 94
4490 43
4489 19
4488 29
4487 14
4486 43
4485 53
4484 22
4483 41
4482 57
4481 6
4480 8
4479 5
4478 100
4477 5
4476 16
4475 97
4474 84
4473 77
4472 30
4471 83
4470 2
4469 26
4468 80
4467 16
4466 58
4465 40
4464 27
4463 6
4462 86
4461 43
4460 3
4459 37
4458 35
4457 58
4456 69
4455 2
4454 47
4453 74
4452 35
4451 21
4450 56
4449 53
4448 10
4447 27
4446 29
4445 81
4444 51
4443 5
4442 40
4441 21
4440 88
4439 30
4438 30
4437 73
4436 99
4435 8
4434 98
4433 54
4432 94
4431 82
4430 86
4429 42
4428 82
4427 48
4426 56
4425 61
4424 28
4423 46
4422 10
4421 27
4420 80
4419 96
4418 88
4417 89
4416 32
4415 74
4414 36
4413 96
4412 11
4411 81
4410 8
4409 79
4408 38
4407 53
4406 23
4405 9
4404 93
4403 15
4402 15
4401 72
4400 82
4399 12
4398 35
4397 22
4396 98
4395 3
4394 83
4393 0
4392 82
4391 33
4390 21
4389 61
4388 97
4387 76
4386 64
4385 11
4384 75
4383 4
4382 62
4381 22
4380 6
4379 92
4378 92
4377 35
4376 73
4375 26
4374 58
4373 28
4372 79
4371 72
4370 67
4369 85
4368 51
4367 18
4366 54
4365 28
4364 91
4363 63
4362 66
4361 59
4360 68
4359 9
4358 84
4357 78
4356 100
4355 43
4354 18
4353 96
4352 46
4351 72
4350 96
4349 72
4348 23
4347 48
4346 71
4345 33
4344 88
4343 86
4342 92
4341 15
4340 20
4339 66
4338 38
4337 81
4336 63
4335 26
4334 28
4333 89
4332 26
4331 23
4330 85
4329 90
4328 5
4327 25
4326 87
4325 43
4324 14
4323 60
4322 59
4321 19
4320 54
4319 13
4318 4
4317 18
4316 20
4315 96
4314 80
4313 39
4312 95
4311 54
4310 75
4309 54
4308 35
4307 82
4306 5
4305 85
4304 23
4303 38
4302 86
4301 13
4300 6
4299 37
4298 57
4297 65
4296 74
4295 92
4294 60
4293 94
4292 53
4291 78
4290 38
4289 30
4288 92
4287 98
4286 16
4285 48
4284 85
4283 66
4282 10
4281 88
4280 59
4279 69
4278 90
4277 25
4276 25
4275 65
4274 9
4273 27
4272 77
4271 0
4270 17
4269 74
4268 60
4267 82
4266 44
4265 33
4264 66
4263 57
4262 92
4261 49
4260 56
4259 14
4258 46
4257 24
4256 65
4255 30
4254 11
4253 15
4252 17
4251 78
4250 46
4249 95
4248 0
4247 86
4246 28
4245 33
4244 65
4243 16
4242 97
4241 18
4240 92
4239 31
4238 39
4237 13
4236 28
4235 90
4234 74
4233 100
4232 64
4231 22
4230 60
4229 24
4228 62
4227 77
4226 18
4225 31
4224 70
4223 19
4222 43
4221 55
4220 16
4219 46
4218 2
4217 78
4216 13
4215 51
4214 54
4213 66
4212 45
4211 88
4210 55
4209 13
4208 63
4207 58
4206 66
4205 9
4204 27
4203 99
4202 29
4201 70
4200 37
4199 40
4198 24
4197 53
4196 55
4195 68
4194 71
4193 48
4192 51
4191 65
4190 66
4189 71
4188 89
4187 81
4186 91
4185 18
4184 61
4183 44
4182 10
4181 76
4180 87
4179 56
4178 43
4177 34
4176 48
4175 50
4174 23
4173 32
4172 81
4171 96
4170 81
4169 62
4168 93
4167 22
4166 74
4165 9
4164 62
4163 81
4162 77
4161 8
4160 3
4159 39
4158 90
4157 49
4156 16
4155 26
4154 23
4153 24
4152 13
4151 60
4150 39
4149 68
4148 55
4147 40
4146 47
4145 66
4144 80
4143 20
4142 73
4141 59
4140 87
4139 79
4138 93
4137 48
4136 65
4135 36
4134 55
4133 30
4132 68
4131 19
4130 44
4129 71
4128 66
4127 98
4126 10
4125 45
4124 0
4123 19
4122 38
4121 97
4120 25
4119 30
4118 81
4117 99
4116 64
4115 73
4114 71
4113 74
4112 12
4111 94
4110 75
4109 80
4108 90
4107 83
4106 2
4105 23
4104 43
4103 33
4102 33
4101 82
4100 84
4099 89
4098 96
4097 70
4096 15
4095 43
4094 68
4093 27
4092 86
4091 68
4090 42
4089 14
4088 2
4087 42
4086 94
4085 21
4084 45
4083 96
4082 42
4081 16
4080 51
4079 7
4078 72
4077 57
4076 27
4075 53
4074 75
4073 8
4072 4
4071 6
4070 99
4069 25
4068 90
4067 22
4066 20
4065 63
4064 20
4063 18
4062 73
4061 62
4060 57
4059 63
4058 26
4057 7
4056 28
4055 41
4054 44
4053 51
4052 55
4051 88
4050 96
4049 23
4048 7
4047 82
4046 28
4045 17
4044 75
4043 53
4042 27
4041 81
4040 67
4039 12
4038 69
4037 88
4036 4
4035 81
4034 97
4033 30
4032 69
4031 88
4030 72
4029 57
4028 95
4027 88
4026 8
4025 16
4024 15
4023 93
4022 13
4021 22
4020 36
4019 21
4018 35
4017 44
4016 6
4015 88
4014 2
4013 58
4012 30
4011 80
4010 70
4009 41
4008 65
4007 52
4006 72
4005 64
4004 29
4003 47
4002 41
4001 78
4000 49
3999 50
3998 10
3997 82
3996 25
3995 69
3994 52
3993 15
3992 93
3991 55
3990 22
3989 48
3988 77
3987 40
3986 73
3985 68
3984 25
3983 17
3982 43
3981 90
3980 38
3979 91
3978 72
3977 36
3976 11
3975 52
3974 63
3973 100
3972 16
3971 68
3970 12
3969 23
3968 36
3967 33
3966 92
3965 3
3964 33
3963 74
3962 28
3961 12
3960 38
3959 86
3958 98
3957 39
3956 82
3955 3
3954 78
3953 2
3952 43
3951 55
3950 69
3949 56
3948 82
3947 99
3946 86
3945 18
3944 36
3943 41
3942 44
3941 68
3940 77
3939 83
3938 29
3937 10
3936 6
3935 29
3934 15
3933 9
3932 11
3931 57
3930 42
3929 84
3928 24
3927 26
3926 86
3925 13
3924 80
3923 91
3922 44
3921 33
3920 56
3919 79
3918 59
3917 24
3916 45
3915 40
3914 97
3913 67
3912 88
3911 88
3910 62
3909 91
3908 52
3907 70
3906 46
3905 95
3904 86
3903 72
3902 73
3901 43
3900 56
3899 95
3898 93
3897 90
3896 68
3895 18
3894 15
3893 8
3892 54
3891 96
3890 89
3889 5
3888 12
3887 100
3886 50
3885 23
3884 84
3883 53
3882 23
3881 38
3880 42
3879 68
3878 41
3877 16
3876 89
3875 51
3874 45
3873 35
3872 88
3871 19
3870 82
3869 90
3868 77
3867 90
3866 21
3865 14
3864 62
3863 90
3862 71
3861 85
3860 59
3859 85
3858 11
3857 19
3856 36
3855 32
3854 74
3853 12
3852 93
3851 27
3850 53
3849 52
3848 10
3847 33
3846 48
3845 60
3844 40
3843 40
3842 54
3841 32
3840 98
3839 19
3838 51
3837 43
3836 17
3835 69
3834 9
3833 62
3832 20
3831 87
3830 85
3829 57
3828 35
3827 87
3826 50
3825 46
3824 71
3823 1
3822 80
3821 72
3820 88
3819 60
3818 53
3817 35
3816 18
3815 99
3814 44
3813 14
3812 77
3811 53
3810 72
3809 12
3808 36
3807 7
3806 91
3805 26
3804 59
3803 90
3802 27
3801 76
3800 56
3799 38
3798 65
3797 88
3796 77
3795 64
3794 95
3793 60
3792 23
3791 76
3790 51
3789 20
3788 77
3787 85
3786 88
3785 32
3784 12
3783 39
3782 93
3781 96
3780 84
3779 96
3778 62
3777 45
3776 6
3775 26
3774 36
3773 58
3772 30
3771 62
3770 55
3769 11
3768 47
3767 54
3766 86
3765 45
3764 59
3763 30
3762 34
3761 28
3760 48
3759 47
3758 79
3757 15
3756 85
3755 46
3754 45
3753 47
3752 17
3751 74
3750 15
3749 99
3748 10
3747 7
3746 17
3745 49
3744 17
3743 1
3742 28
3741 31
3740 35
3739 84
3738 99
3737 31
3736 36
3735 7
3734 6
3733 85
3732 95
3731 9
3730 90
3729 6
3728 68
3727 31
3726 39
3725 94
3724 5
3723 32
3722 68
3721 81
3720 41
3719 82
3718 83
3717 12
3716 64
3715 94
3714 26
3713 67
3712 64
3711 82
3710 81
3709 21
3708 56
3707 67
3706 44
3705 91
3704 54
3703 39
3702 90
3701 34
3700 43
3699 4
3698 88
3697 34
3696 43
3695 45
3694 43
3693 14
3692 93
3691 38
3690 26
3689 69
3688 38
3687 46
3686 77
3685 25
3684 55
3683 6
3682 80
3681 16
3680 77
3679 38
3678 22
3677 59
3676 2
3675 61
3674 37
3673 46
3672 69
3671 79
3670 16
3669 96
3668 11
3667 81
3666 46
3665 68
3664 67
3663 75
3662 68
3661 83
3660 22
3659 9
3658 68
3657 12
3656 19
3655 0
3654 28
3653 0
3652 99
3651 78
3650 2
3649 59
3648 99
3647 11
3646 28
3645 34
3644 11
3643 81
3642 69
3641 16
3640 99
3639 64
3638 23
3637 20
3636 83
3635 90
3634 4
3633 78
3632 82
3631 91
3630 62
3629 80
3628 94
3627 13
3626 99
3625 42
3624 48
3623 28
3622 19
3621 28
3620 56
3619 43
3618 39
3617 98
3616 61
3615 1
3614 5
3613 5
3612 15
3611 28
3610 16
3609 34
3608 48
3607 36
3606 18
3605 70
3604 41
3603 38
3602 70
3601 83
3600 20
3599 46
3598 23
3597 95
3596 0
3595 39
3594 51
3593 78
3592 92
3591 70
3590 33
3589 80
3588 34
3587 41
3586 91
3585 32
3584 59
3583 30
3582 59
3581 33
3580 38
3579 78
3578 59
3577 87
3576 4
3575 66
3574 11
3573 83
3572 72
3571 37
3570 62
3569 51
3568 31
3567 62
3566 60
3565 76
3564 37
3563 7
3562 43
3561 56
3560 88
3559 79
3558 33
3557 24
3556 27
3555 14
3554 37
3553 18
3552 26
3551 50
3550 74
3549 25
3548 86
3547 99
3546 25
3545 82
3544 67
3543 94
3542 88
3541 88
3540 73
3539 25
3538 21
3537 74
3536 35
3535 58
3534 17
3533 6
3532 44
3531 51
3530 0
3529 83
3528 34
3527 90
3526 21
3525 27
3524 86
3523 14
3522 14
3521 65
3520 97
3519 91
3518 19
3517 29
3516 99
3515 34
3514 97
3513 93
3512 61
3511 63
3510 97
3509 97
3508 7
3507 38
3506 9
3505 29
3504 98
3503 72
3502 94
3501 40
3500 29
3499 79
3498 90
3497 87
3496 53
3495 38
3494 98
3493 11
3492 89
3491 32
3490 81
3489 48
3488 12
3487 13
3486 65
3485 46
3484 4
3483 92
3482 56
3481 74
3480 54
3479 36
3478 20
3477 80
3476 98
3475 17
3474 36
3473 0
3472 61
3471 60
3470 84
3469 61
3468 12
3467 94
3466 53
3465 1
3464 56
3463 77
3462 57
3461 23
3460 44
3459 50
3458 59
3457 69
3456 87
3455 84
3454 91
3453 95
3452 26
3451 12
3450 59
3449 84
3448 93
3447 39
3446 62
3445 39
3444 61
3443 74
3442 19
3441 68
3440 30
3439 13
3438 11
3437 32
3436 55
3435 5
3434 100
3433 50
3432 46
3431 61
3430 64
3429 2
3428 100
3427 44
3426 46
3425 13
3424 68
3423 71
3422 33
3421 77
3420 60
3419 30
3418 7
3417 42
3416 3
3415 55
3414 64
3413 15
3412 83
3411 15
3410 34
3409 34
3408 18
3407 29
3406 98
3405 36
3404 90
3403 34
3402 47
3401 14
3400 53
3399 96
3398 22
3397 23
3396 35
3395 99
3394 28
3393 63
3392 64
3391 71
3390 97
3389 51
3388 4
3387 72
3386 89
3385 99
3384 49
3383 69
3382 98
3381 14
3380 38
3379 65
3378 28
3377 89
3376 8
3375 94
3374 70
3373 7
3372 13
3371 28
3370 60
3369 53
3368 71
3367 37
3366 62
3365 2
3364 14
3363 91
3362 28
3361 12
3360 3
3359 30
3358 41
3357 97
3356 72
3355 36
3354 13
3353 35
3352 55
3351 12
3350 4
3349 37
3348 17
3347 77
3346 62
3345 60
3344 80
3343 86
3342 55
3341 57
3340 98
3339 23
3338 39
3337 66
3336 62
3335 38
3334 86
3333 18
3332 6
3331 70
3330 64
3329 94
3328 59
3327 75
3326 59
3325 78
3324 35
3323 3
3322 85
3321 13
3320 16
3319 51
3318 80
3317 72
3316 62
3315 76
3314 41
3313 93
3312 83
3311 96
3310 7
3309 81
3308 90
3307 66
3306 45
3305 70
3304 5
3303 7
3302 30
3301 22
3300 36
3299 83
3298 28
3297 16
3296 35
3295 60
3294 92
3293 80
3292 29
3291 71
3290 33
3289 18
3288 42
3287 63
3286 79
3285 67
3284 1
3283 30
3282 85
3281 33
3280 79
3279 31
3278 12
3277 41
3276 24
3275 53
3274 0
3273 25
3272 100
3271 45
3270 62
3269 64
3268 75
3267 59
3266 92
3265 80
3264 49
3263 86
3262 50
3261 40
3260 64
3259 59
3258 85
3257 19
3256 56
3255 11
3254 85
3253 90
3252 48
3251 11
3250 82
3249 4
3248 55
3247 65
3246 76
3245 17
3244 10
3243 75
3242 24
3241 73
3240 47
3239 65
3238 8
3237 11
3236 55
3235 36
3234 21
3233 98
3232 21
3231 87
3230 65
3229 9
3228 9
3227 79
3226 29
3225 59
3224 91
3223 61
3222 15
3221 90
3220 11
3219 55
3218 77
3217 33
3216 13
3215 13
3214 42
3213 70
3212 41
3211 62
3210 51
3209 58
3208 96
3207 89
3206 0
3205 52
3204 27
3203 93
3202 87
3201 94
3200 50
3199 71
3198 71
3197 86
3196 69
3195 34
3194 46
3193 92
3192 73
3191 94
3190 83
3189 76
3188 9
3187 5
3186 17
3185 26
3184 33
3183 50
3182 34
3181 10
3180 95
3179 11
3178 14
3177 58
3176 97
3175 25
3174 84
3173 51
3172 43
3171 2
3170 90
3169 15
3168 93
3167 67
3166 98
3165 43
3164 93
3163 18
3162 42
3161 47
3160 79
3159 1
3158 95
3157 6
3156 2
3155 76
3154 98
3153 68
3152 69
3151 50
3150 24
3149 46
3148 84
3147 12
3146 44
3145 1
3144 84
3143 89
3142 31
3141 58
3140 82
3139 41
3138 37
3137 52
3136 8
3135 3
3134 17
3133 61
3132 37
3131 13
3130 43
3129 49
3128 35
3127 42
3126 4
3125 59
3124 48
3123 69
3122 61
3121 32
3120 60
3119 8
3118 96
3117 95
3116 64
3115 49
3114 32
3113 93
3112 92
3111 9
3110 0
3109 40
3108 22
3107 51
3106 81
3105 61
3104 67
3103 41
3102 10
3101 50
3100 38
3099 16
3098 54
3097 61
3096 93
3095 78
3094 5
3093 41
3092 58
3091 29
3090 98
3089 81
3088 4
3087 81
3086 59
3085 14
3084 93
3083 12
3082 77
3081 24
3080 86
3079 74
3078 59
3077 30
3076 11
3075 47
3074 27
3073 11
3072 52
3071 80
3070 42
3069 84
3068 31
3067 3
3066 25
3065 74
3064 54
3063 6
3062 82
3061 49
3060 36
3059 56
3058 74
3057 13
3056 20
3055 35
3054 71
3053 3
3052 77
3051 48
3050 64
3049 95
3048 10
3047 95
3046 86
3045 0
3044 35
3043 53
3042 51
3041 26
3040 100
3039 63
3038 100
3037 23
3036 12
3035 18
3034 6
3033 35
3032 65
3031 73
3030 91
3029 5
3028 11
3027 75
3026 48
3025 69
3024 27
3023 67
3022 34
3021 39
3020 73
3019 44
3018 26
3017 82
3016 54
3015 11
3014 1
3013 84
3012 85
3011 15
3010 47
3009 47
3008 63
3007 5
3006 71
3005 46
3004 87
3003 30
3002 40
3001 50
3000 60
2999 12
2998 35
2997 76
2996 63
2995 70
2994 91
2993 46
2992 85
2991 78
2990 33
2989 29
2988 47
2987 62
2986 70
2985 25
2984 10
2983 86
2982 15
2981 85
2980 28
2979 43
2978 10
2977 31
2976 14
2975 20
2974 48
2973 68
2972 49
2971 23
2970 84
2969 16
2968 12
2967 70
2966 16
2965 25
2964 8
2963 77
2962 26
2961 5
2960 59
2959 61
2958 55
2957 69
2956 81
2955 72
2954 13
2953 60
2952 2
2951 93
2950 0
2949 78
2948 7
2947 96
2946 99
2945 96
2944 6
2943 94
2942 12
2941 4
2940 62
2939 18
2938 70
2937 39
2936 65
2935 84
2934 63
2933 28
2932 71
2931 42
2930 38
2929 61
2928 69
2927 16
2926 7
2925 4
2924 36
2923 93
2922 34
2921 55
2920 24
2919 78
2918 53
2917 62
2916 11
2915 90
2914 83
2913 42
2912 67
2911 61
2910 0
2909 64
2908 27
2907 89
2906 19
2905 9
2904 64
2903 19
2902 73
2901 85
2900 82
2899 33
2898 32
2897 84
2896 31
2895 29
2894 97
2893 4
2892 7
2891 78
2890 87
2889 81
2888 65
2887 74
2886 4
2885 91
2884 77
2883 26
2882 85
2881 17
2880 24
2879 33
2878 62
2877 99
2876 17
2875 9
2874 4
2873 32
2872 16
2871 57
2870 41
2869 83
2868 41
2867 86
2866 70
2865 61
2864 56
2863 64
2862 24
2861 74
2860 91
2859 38
2858 57
2857 5
2856 50
2855 14
2854 96
2853 39
2852 88
2851 74
2850 98
2849 55
2848 99
2847 94
2846 59
2845 67
2844 45
2843 11
2842 57
2841 50
2840 8
2839 37
2838 58
2837 6
2836 63
2835 4
2834 52
2833 76
2832 33
2831 34
2830 52
2829 77
2828 47
2827 30
2826 68
2825 94
2824 44
2823 13
2822 34
2821 45
2820 78
2819 62
2818 63
2817 91
2816 51
2815 72
2814 93
2813 20
2812 16
2811 22
2810 30
2809 10
2808 84
2807 57
2806 69
2805 89
2804 86
2803 30
2802 40
2801 32
2800 11
2799 98
2798 22
2797 27
2796 9
2795 37
2794 84
2793 96
2792 24
2791 33
2790 5
2789 74
2788 98
2787 71
2786 69
2785 57
2784 11
2783 59
2782 5
2781 61
2780 88
2779 83
2778 39
2777 37
2776 45
2775 58
2774 94
2773 12
2772 70
2771 30
2770 97
2769 34
2768 92
2767 36
2766 35
2765 96
2764 25
2763 98
2762 90
2761 3
2760 22
2759 61
2758 80
2757 70
2756 52
2755 99
2754 92
2753 20
2752 52
2751 99
2750 74
2749 24
2748 18
2747 19
2746 49
2745 80
2744 91
2743 64
2742 15
2741 14
2740 54
2739 53
2738 27
2737 87
2736 86
2735 42
2734 87
2733 18
2732 2
2731 68
2730 81
2729 40
2728 65
2727 2
2726 98
2725 33
2724 29
2723 20
2722 38
2721 93
2720 42
2719 20
2718 49
2717 38
2716 13
2715 57
2714 20
2713 55
2712 7
2711 12
2710 95
2709 17
2708 41
2707 39
2706 13
2705 71
2704 97
2703 33
2702 39
2701 16
2700 91
2699 31
2698 21
2697 41
2696 92
2695 14
2694 19
2693 40
2692 7
2691 92
2690 95
2689 87
2688 55
2687 14
2686 82
2685 76
2684 0
2683 89
2682 89
2681 44
2680 19
2679 69
2678 83
2677 17
2676 1
2675 68
2674 78
2673 22
2672 13
2671 78
2670 69
2669 53
2668 6
2667 73
2666 18
2665 72
2664 97
2663 91
2662 56
2661 96
2660 51
2659 50
2658 37
2657 83
2656 16
2655 82
2654 66
2653 37
2652 2
2651 17
2650 76
2649 84
2648 37
2647 99
2646 32
2645 43
2644 5
2643 84
2642 4
2641 1
2640 39
2639 10
2638 60
2637 35
2636 22
2635 69
2634 25
2633 38
2632 48
2631 23
2630 27
2629 23
2628 79
2627 57
2626 58
2625 36
2624 42
2623 61
2622 68
2621 40
2620 0
2619 22
2618 68
2617 31
2616 96
2615 58
2614 69
2613 70
2612 80
2611 36
2610 93
2609 12
2608 66
2607 16
2606 71
2605 56
2604 97
2603 42
2602 93
2601 29
2600 72
2599 16
2598 73
2597 30
2596 34
2595 34
2594 11
2593 99
2592 77
2591 28
2590 31
2589 1
2588 32
2587 65
2586 60
2585 42
2584 91
2583 9
2582 24
2581 61
2580 95
2579 62
2578 65
2577 44
2576 17
2575 91
2574 10
2573 73
2572 40
2571 31
2570 29
2569 22
2568 39
2567 64
2566 14
2565 36
2564 46
2563 12
2562 48
2561 9
2560 31
2559 77
2558 83
2557 91
2556 50
2555 51
2554 60
2553 45
2552 36
2551 21
2550 78
2549 47
2548 94
2547 76
2546 82
2545 52
2544 65
2543 89
2542 21
2541 5
2540 86
2539 55
2538 27
2537 58
2536 51
2535 32
2534 48
2533 76
2532 70
2531 36
2530 100
2529 70
2528 87
2527 63
2526 3
2525 41
2524 40
2523 67
2522 32
2521 21
2520 22
2519 21
2518 45
2517 55
2516 1
2515 8
2514 38
2513 78
2512 19
2511 11
2510 49
2509 21
2508 63
2507 72
2506 38
2505 3
2504 37
2503 93
2502 53
2501 3
2500 13
2499 91
2498 86
2497 21
2496 18
2495 40
2494 65
2493 73
2492 39
2491 5
2490 37
2489 72
2488 59
2487 46
2486 73
2485 8
2484 4
2483 20
2482 64
2481 62
2480 56
2479 33
2478 73
2477 21
2476 12
2475 47
2474 77
2473 52
2472 73
2471 63
2470 49
2469 71
2468 77
2467 9
2466 74
2465 74
2464 2
2463 59
2462 43
2461 4
2460 13
2459 63
2458 1
2457 100
2456 86
2455 1
2454 64
2453 83
2452 75
2451 98
2450 44
2449 65
2448 88
2447 16
2446 20
2445 7
2444 64
2443 96
2442 19
2441 86
2440 78
2439 67
2438 61
2437 4
2436 46
2435 65
2434 20
2433 2
2432 38
2431 79
2430 84
2429 100
2428 99
2427 65
2426 22
2425 21
2424 75
2423 17
2422 31
2421 28
2420 35
2419 45
2418 12
2417 20
2416 36
2415 74
2414 26
2413 48
2412 62
2411 65
2410 14
2409 3
2408 80
2407 1
2406 84
2405 20
2404 99
2403 60
2402 40
2401 27
2400 5
2399 86
2398 17
2397 54
2396 38
2395 61
2394 34
2393 30
2392 25
2391 18
2390 78
2389 52
2388 60
2387 47
2386 90
2385 54
2384 80
2383 18
2382 30
2381 61
2380 52
2379 23
2378 63
2377 73
2376 78
2375 56
2374 85
2373 12
2372 66
2371 15
2370 19
2369 97
2368 24
2367 26
2366 1
2365 66
2364 81
2363 73
2362 47
2361 15
2360 84
2359 25
2358 79
2357 28
2356 63
2355 43
2354 0
2353 46
2352 76
2351 56
2350 16
2349 60
2348 9
2347 89
2346 82
2345 90
2344 11
2343 67
2342 49
2341 5
2340 99
2339 1
2338 91
2337 24
2336 11
2335 43
2334 29
2333 26
2332 75
2331 27
2330 78
2329 7
2328 96
2327 64
2326 96
2325 70
2324 79
2323 44
2322 37
2321 51
2320 84
2319 7
2318 33
2317 59
2316 40
2315 94
2314 90
2313 93
2312 58
2311 5
2310 96
2309 20
2308 70
2307 31
2306 54
2305 86
2304 60
2303 17
2302 41
2301 55
2300 92
2299 0
2298 51
2297 39
2296 80
2295 76
2294 5
2293 97
2292 2
2291 99
2290 98
2289 20
2288 0
2287 36
2286 50
2285 93
2284 15
2283 34
2282 29
2281 14
2280 78
2279 17
2278 61
2277 99
2276 38
2275 97
2274 55
2273 77
2272 61
2271 32
2270 40
2269 21
2268 15
2267 72
2266 26
2265 71
2264 3
2263 76
2262 86
2261 33
2260 83
2259 62
2258 70
2257 74
2256 96
2255 99
2254 63
2253 42
2252 44
2251 44
2250 56
2249 91
2248 80
2247 69
2246 23
2245 38
2244 45
2243 67
2242 46
2241 0
2240 47
2239 27
2238 1
2237 11
2236 19
2235 9
2234 32
2233 24
2232 69
2231 27
2230 69
2229 99
2228 15
2227 85
2226 95
2225 49
2224 95
2223 77
2222 5
2221 67
2220 88
2219 57
2218 82
2217 6
2216 67
2215 18
2214 5
2213 96
2212 18
2211 29
2210 4
2209 41
2208 44
2207 13
2206 88
2205 82
2204 48
2203 14
2202 91
2201 24
2200 46
2199 85
2198 49
2197 59
2196 87
2195 70
2194 76
2193 8
2192 20
2191 93
2190 67
2189 47
2188 34
2187 95
2186 46
2185 36
2184 12
2183 53
2182 37
2181 97
2180 33
2179 26
2178 66
2177 2
2176 41
2175 80
2174 63
2173 94
2172 88
2171 71
2170 85
2169 42
2168 88
2167 42
2166 0
2165 45
2164 47
2163 17
2162 92
2161 31
2160 63
2159 46
2158 60
2157 33
2156 62
2155 75
2154 99
2153 12
2152 72
2151 82
2150 30
2149 9
2148 15
2147 64
2146 16
2145 37
2144 36
2143 57
2142 83
2141 29
2140 70
2139 53
2138 43
2137 82
2136 37
2135 14
2134 79
2133 29
2132 40
2131 66
2130 31
2129 83
2128 96
2127 98
2126 21
2125 35
2124 84
2123 15
2122 60
2121 96
2120 27
2119 67
2118 92
2117 28
2116 33
2115 98
2114 29
2113 40
2112 6
2111 10
2110 99
2109 93
2108 99
2107 40
2106 39
2105 2
2104 1
2103 37
2102 97
2101 60
2100 19
2099 0
2098 66
2097 46
2096 88
2095 98
2094 69
2093 18
2092 49
2091 86
2090 50
2089 75
2088 77
2087 80
2086 41
2085 55
2084 34
2083 68
2082 32
2081 26
2080 12
2079 17
2078 18
2077 93
2076 54
2075 87
2074 78
2073 44
2072 88
2071 80
2070 19
2069 68
2068 4
2067 6
2066 3
2065 64
2064 9
2063 47
2062 82
2061 10
2060 3
2059 25
2058 26
2057 61
2056 78
2055 86
2054 98
2053 57
2052 44
2051 27
2050 82
2049 45
2048 100
2047 85
2046 90
2045 75
2044 37
2043 28
2042 53
2041 69
2040 17
2039 95
2038 34
2037 26
2036 44
2035 69
2034 12
2033 66
2032 44
2031 56
2030 9
2029 49
2028 62
2027 9
2026 96
2025 48
2024 73
2023 62
2022 42
2021 22
2020 96
2019 52
2018 36
2017 12
2016 97
2015 2
2014 50
2013 0
2012 26
2011 26
2010 35
2009 93
2008 21
2007 5
2006 75
2005 5
2004 14
2003 51
2002 42
2001 53
2000 45
1999 5
1998 45
1997 65
1996 8
1995 44
1994 69
1993 70
1992 41
1991 45
1990 80
1989 24
1988 23
1987 1
1986 74
1985 78
1984 11
1983 15
1982 52
1981 81
1980 25
1979 27
1978 27
1977 4
1976 84
1975 27
1974 81
1973 67
1972 4
1971 46
1970 30
1969 95
1968 99
1967 7
1966 46
1965 13
1964 13
1963 84
1962 83
1961 90
1960 59
1959 99
1958 52
1957 49
1956 70
1955 8
1954 65
1953 74
1952 27
1951 95
1950 80
1949 20
1948 75
1947 6
1946 47
1945 47
1944 9
1943 2
1942 15
1941 37
1940 69
1939 9
1938 42
1937 73
1936 82
1935 33
1934 90
1933 77
1932 38
1931 70
1930 38
1929 51
1928 87
1927 26
1926 1
1925 1
1924 77
1923 3
1922 33
1921 36
1920 27
1919 28
1918 41
1917 18
1916 18
1915 60
1914 49
1913 7
1912 96
1911 31
1910 25
1909 52
1908 56
1907 36
1906 74
1905 28
1904 44
1903 42
1902 19
1901 74
1900 95
1899 62
1898 2
1897 93
1896 37
1895 1
1894 60
1893 9
1892 52
1891 77
1890 1
1889 44
1888 52
1887 74
1886 93
1885 70
1884 9
1883 44
1882 7
1881 12
1880 58
1879 44
1878 76
1877 68
1876 7
1875 10
1874 80
1873 35
1872 82
1871 9
1870 51
1869 10
1868 64
1867 21
1866 29
1865 63
1864 99
1863 32
1862 66
1861 30
1860 64
1859 80
1858 23
1857 19
1856 88
1855 99
1854 58
1853 9
1852 38
1851 96
1850 96
1849 33
1848 14
1847 43
1846 8
1845 54
1844 14
1843 38
1842 63
1841 15
1840 89
1839 57
1838 33
1837 6
1836 23
1835 92
1834 6
1833 95
1832 36
1831 55
1830 25
1829 67
1828 10
1827 89
1826 1
1825 94
1824 85
1823 88
1822 93
1821 6
1820 94
1819 33
1818 39
1817 19
1816 2
1815 21
1814 6
1813 27
1812 23
1811 56
1810 92
1809 49
1808 47
1807 48
1806 42
1805 97
1804 3
1803 95
1802 25
1801 17
1800 59
1799 56
1798 65
1797 48
1796 44
1795 44
1794 26
1793 87
1792 38
1791 65
1790 4
1789 38
1788 83
1787 46
1786 57
1785 84
1784 15
1783 41
1782 73
1781 5
1780 12
1779 81
1778 14
1777 63
1776 29
1775 52
1774 92
1773 68
1772 0
1771 56
1770 11
1769 57
1768 20
1767 93
1766 46
1765 84
1764 75
1763 52
1762 37
1761 30
1760 77
1759 20
1758 52
1757 87
1756 48
1755 21
1754 12
1753 17
1752 9
1751 100
1750 56
1749 62
1748 49
1747 77
1746 98
1745 43
1744 27
1743 71
1742 51
1741 79
1740 5
1739 87
1738 3
1737 41
1736 91
1735 7
1734 95
1733 84
1732 28
1731 65
1730 93
1729 69
1728 33
1727 13
1726 3
1725 42
1724 16
1723 97
1722 21
1721 83
1720 92
1719 81
1718 31
1717 73
1716 42
1715 89
1714 100
1713 83
1712 33
1711 76
1710 68
1709 13
1708 49
1707 79
1706 1
1705 30
1704 29
1703 4
1702 84
1701 89
1700 11
1699 19
1698 75
1697 28
1696 61
1695 86
1694 31
1693 73
1692 38
1691 18
1690 62
1689 4
1688 50
1687 64
1686 75
1685 27
1684 58
1683 36
1682 26
1681 13
1680 85
1679 35
1678 41
1677 14
1676 13
1675 8
1674 95
1673 81
1672 24
1671 96
1670 81
1669 65
1668 76
1667 51
1666 70
1665 44
1664 2
1663 14
1662 10
1661 47
1660 92
1659 90
1658 18
1657 10
1656 90
1655 18
1654 76
1653 33
1652 86
1651 34
1650 98
1649 80
1648 24
1647 13
1646 95
1645 18
1644 18
1643 42
1642 87
1641 42
1640 72
1639 98
1638 41
1637 36
1636 15
1635 78
1634 71
1633 13
1632 36
1631 43
1630 13
1629 78
1628 87
1627 26
1626 21
1625 0
1624 91
1623 88
1622 76
1621 76
1620 67
1619 38
1618 92
1617 73
1616 21
1615 66
1614 0
1613 3
1612 5
1611 87
1610 37
1609 10
1608 52
1607 6
1606 25
1605 59
1604 60
1603 86
1602 69
1601 40
1600 41
1599 18
1598 78
1597 43
1596 90
1595 68
1594 54
1593 31
1592 95
1591 62
1590 33
1589 27
1588 11
1587 56
1586 33
1585 11
1584 12
1583 12
1582 79
1581 79
1580 0
1579 42
1578 44
1577 20
1576 12
1575 21
1574 73
1573 24
1572 41
1571 10
1570 94
1569 75
1568 99
1567 39
1566 3
1565 91
1564 52
1563 97
1562 56
1561 94
1560 81
1559 97
1558 27
1557 23
1556 50
1555 49
1554 97
1553 44
1552 99
1551 61
1550 93
1549 73
1548 36
1547 95
1546 55
1545 60
1544 14
1543 75
1542 68
1541 6
1540 54
1539 0
1538 45
1537 84
1536 59
1535 11
1534 86
1533 62
1532 93
1531 11
1530 100
1529 44
1528 79
1527 74
1526 48
1525 22
1524 59
1523 61
1522 47
1521 68
1520 34
1519 49
1518 43
1517 78
1516 94
1515 58
1514 67
1513 93
1512 20
1511 83
1510 48
1509 39
1508 51
1507 1
1506 5
1505 68
1504 42
1503 77
1502 85
1501 28
1500 21
1499 11
1498 85
1497 30
1496 27
1495 88
1494 28
1493 84
1492 97
1491 79
1490 65
1489 93
1488 6
1487 70
1486 51
1485 20
1484 30
1483 39
1482 92
1481 0
1480 43
1479 71
1478 86
1477 37
1476 42
1475 92
1474 9
1473 88
1472 23
1471 24
1470 24
1469 79
1468 9
1467 30
1466 15
1465 27
1464 77
1463 11
1462 93
1461 47
1460 13
1459 52
1458 15
1457 73
1456 30
1455 46
1454 61
1453 79
1452 29
1451 93
1450 27
1449 28
1448 37
1447 47
1446 74
1445 85
1444 87
1443 40
1442 34
1441 39
1440 34
1439 2
1438 99
1437 54
1436 71
1435 19
1434 26
1433 77
1432 32
1431 72
1430 48
1429 63
1428 4
1427 65
1426 26
1425 3
1424 74
1423 58
1422 84
1421 82
1420 37
1419 37
1418 43
1417 25
1416 88
1415 55
1414 13
1413 90
1412 91
1411 7
1410 0
1409 57
1408 17
1407 11
1406 36
1405 2
1404 95
1403 13
1402 88
1401 37
1400 46
1399 45
1398 32
1397 69
1396 73
1395 88
1394 41
1393 85
1392 4
1391 17
1390 81
1389 35
1388 87
1387 90
1386 32
1385 88
1384 71
1383 40
1382 46
1381 13
1380 37
1379 16
1378 75
1377 49
1376 44
1375 31
1374 82
1373 77
1372 11
1371 73
1370 2
1369 98
1368 82
1367 48
1366 57
1365 39
1364 56
1363 99
1362 28
1361 28
1360 87
1359 29
1358 90
1357 30
1356 79
1355 25
1354 7
1353 87
1352 46
1351 89
1350 17
1349 76
1348 42
1347 52
1346 7
1345 87
1344 3
1343 72
1342 88
1341 91
1340 24
1339 12
1338 34
1337 73
1336 58
1335 9
1334 87
1333 86
1332 11
1331 25
1330 54
1329 50
1328 79
1327 35
1326 2
1325 30
1324 40
1323 91
1322 38
1321 43
1320 55
1319 65
1318 87
1317 11
1316 27
1315 6
1314 7
1313 16
1312 90
1311 13
1310 1
1309 82
1308 28
1307 11
1306 73
1305 28
1304 35
1303 65
1302 12
1301 1
1300 96
1299 21
1298 10
1297 17
1296 41
1295 8
1294 37
1293 21
1292 18
1291 15
1290 96
1289 87
1288 47
1287 0
1286 32
1285 20
1284 1
1283 85
1282 90
1281 83
1280 4
1279 7
1278 26
1277 97
1276 1
1275 36
1274 94
1273 90
1272 13
1271 44
1270 48
1269 46
1268 28
1267 28
1266 82
1265 13
1264 76
1263 61
1262 97
1261 46
1260 16
1259 36
1258 31
1257 20
1256 89
1255 22
1254 76
1253 2
1252 70
1251 86
1250 16
1249 85
1248 20
1247 40
1246 40
1245 19
1244 83
1243 46
1242 18
1241 7
1240 69
1239 37
1238 5
1237 51
1236 86
1235 42
1234 29
1233 81
1232 52
1231 11
1230 33
1229 8
1228 57
1227 20
1226 4
1225 6
1224 22
1223 78
1222 58
1221 43
1220 83
1219 46
1218 22
1217 51
1216 41
1215 73
1214 31
1213 28
1212 51
1211 83
1210 10
1209 12
1208 12
1207 60
1206 17
1205 61
1204 55
1203 96
1202 76
1201 26
1200 21
1199 93
1198 25
1197 51
1196 62
1195 4
1194 49
1193 29
1192 78
1191 12
1190 44
1189 55
1188 74
1187 96
1186 60
1185 86
1184 21
1183 34
1182 12
1181 85
1180 98
1179 33
1178 26
1177 62
1176 76
1175 95
1174 33
1173 61
1172 5
1171 81
1170 50
1169 0
1168 23
1167 16
1166 89
1165 77
1164 90
1163 98
1162 9
1161 43
1160 74
1159 90
1158 42
1157 7
1156 11
1155 38
1154 63
1153 29
1152 66
1151 74
1150 95
1149 16
1148 31
1147 22
1146 80
1145 36
1144 89
1143 98
1142 77
1141 42
1140 61
1139 83
1138 93
1137 7
1136 43
1135 15
1134 8
1133 78
1132 91
1131 67
1130 49
1129 58
1128 62
1127 31
1126 51
1125 72
1124 3
1123 74
1122 35
1121 92
1120 36
1119 0
1118 2
1117 84
1116 73
1115 36
1114 24
1113 95
1112 58
1111 16
1110 30
1109 87
1108 54
1107 31
1106 56
1105 81
1104 35
1103 12
1102 69
1101 37
1100 85
1099 87
1098 49
1097 51
1096 100
1095 25
1094 59
1093 24
1092 85
1091 29
1090 14
1089 59
1088 52
1087 98
1086 51
1085 89
1084 86
1083 75
1082 79
1081 52
1080 29
1079 41
1078 83
1077 92
1076 46
1075 16
1074 68
1073 33
1072 23
1071 98
1070 35
1069 70
1068 58
1067 4
1066 51
1065 84
1064 34
1063 94
1062 96
1061 73
1060 46
1059 41
1058 3
1057 91
1056 56
1055 68
1054 61
1053 70
1052 29
1051 47
1050 12
1049 83
1048 83
1047 29
1046 17
1045 43
1044 34
1043 94
1042 52
1041 39
1040 0
1039 56
1038 73
1037 78
1036 17
1035 4
1034 7
1033 37
1032 77
1031 64
1030 80
1029 21
1028 28
1027 26
1026 7
1025 4
1024 11
1023 72
1022 6
1021 50
1020 77
1019 46
1018 30
1017 34
1016 22
1015 97
1014 11
1013 29
1012 54
1011 63
1010 17
1009 49
1008 80
1007 55
1006 8
1005 6
1004 94
1003 18
1002 78
1001 89
1000 22
999 85
998 45
997 10
996 85
995 42
994 1
993 95
992 65
991 57
990 29
989 60
988 68
987 39
986 87
985 13
984 89
983 22
982 53
981 72
980 68
979 55
978 64
977 8
976 70
975 4
974 5
973 9
972 3
971 2
970 83
969 80
968 33
967 68
966 32
965 24
964 4
963 23
962 11
961 70
960 1
959 75
958 23
957 84
956 10
955 17
954 45
953 46
952 66
951 84
950 38
949 64
948 19
947 31
946 98
945 42
944 71
943 72
942 75
941 96
940 97
939 27
938 22
937 18
936 92
935 92
934 58
933 100
932 12
931 85
930 50
929 60
928 40
927 1
926 53
925 14
924 63
923 4
922 50
921 5
920 21
919 66
918 5
917 26
916 37
915 64
914 90
913 80
912 100
911 17
910 36
909 34
908 89
907 38
906 78
905 42
904 52
903 68
902 19
901 76
900 87
899 59
898 39
897 39
896 52
895 37
894 99
893 36
892 92
891 4
890 11
889 14
888 28
887 37
886 35
885 34
884 3
883 88
882 18
881 71
880 26
879 74
878 83
877 21
876 50
875 24
874 73
873 80
872 38
871 40
870 2
869 43
868 27
867 3
866 51
865 82
864 48
863 40
862 18
861 8
860 76
859 13
858 17
857 55
856 63
855 7
854 9
853 96
852 78
851 34
850 47
849 82
848 46
847 13
846 90
845 36
844 53
843 56
842 58
841 10
840 93
839 4
838 33
837 2
836 80
835 15
834 71
833 9
832 95
831 78
830 60
829 43
828 99
827 60
826 15
825 83
824 9
823 13
822 100
821 69
820 48
819 40
818 88
817 16
816 32
815 98
814 68
813 50
812 96
811 100
810 58
809 18
808 81
807 10
806 27
805 52
804 27
803 40
802 77
801 64
800 31
799 16
798 54
797 28
796 98
795 46
794 83
793 10
792 13
791 8
790 60
789 36
788 2
787 36
786 7
785 81
784 15
783 14
782 55
781 4
780 91
779 74
778 97
777 84
776 43
775 98
774 86
773 85
772 85
771 23
770 74
769 77
768 10
767 18
766 98
765 99
764 54
763 83
762 76
761 2
760 80
759 35
758 4
757 40
756 99
755 9
754 43
753 70
752 15
751 22
750 91
749 63
748 2
747 74
746 25
745 29
744 35
743 26
742 25
741 21
740 56
739 93
738 17
737 93
736 85
735 51
734 16
733 59
732 40
731 66
730 69
729 2
728 38
727 90
726 25
725 80
724 17
723 14
722 99
721 6
720 37
719 93
718 56
717 40
716 3
715 42
714 38
713 70
712 23
711 40
710 43
709 42
708 99
707 15
706 81
705 24
704 1
703 0
702 15
701 90
700 21
699 72
698 95
697 72
696 64
695 61
694 3
693 42
692 46
691 24
690 12
689 62
688 44
687 20
686 4
685 8
684 58
683 71
682 37
681 91
680 55
679 54
678 62
677 30
676 77
675 85
674 88
673 97
672 92
671 32
670 6
669 29
668 67
667 63
666 80
665 64
664 32
663 48
662 14
661 17
660 89
659 97
658 50
657 67
656 2
655 98
654 15
653 99
652 19
651 55
650 100
649 22
648 60
647 79
646 5
645 79
644 26
643 45
642 22
641 22
640 24
639 22
638 35
637 54
636 49
635 48
634 94
633 5
632 95
631 37
630 34
629 25
628 27
627 11
626 59
625 66
624 97
623 64
622 46
621 91
620 18
619 6
618 94
617 84
616 58
615 0
614 51
613 35
612 76
611 56
610 61
609 66
608 53
607 67
606 6
605 85
604 5
603 84
602 69
601 49
600 16
599 92
598 8
597 85
596 80
595 96
594 80
593 28
592 19
591 78
590 40
589 4
588 74
587 54
586 89
585 83
584 34
583 63
582 87
581 56
580 40
579 55
578 92
577 1
576 45
575 0
574 41
573 32
572 59
571 31
570 21
569 63
568 42
567 14
566 12
565 96
564 84
563 43
562 61
561 48
560 74
559 66
558 55
557 33
556 85
555 72
554 53
553 17
552 13
551 39
550 1
549 22
548 15
547 21
546 87
545 99
544 76
543 21
542 78
541 79
540 16
539 21
538 2
537 33
536 89
535 37
534 51
533 35
532 34
531 32
530 94
529 81
528 67
527 67
526 99
525 16
524 82
523 91
522 13
521 7
520 39
519 8
518 86
517 28
516 98
515 83
514 93
513 34
512 93
511 61
510 63
509 44
508 38
507 42
506 11
505 31
504 95
503 60
502 45
501 64
500 15
499 70
498 78
497 84
496 92
495 74
494 40
493 20
492 66
491 43
490 0
489 93
488 90
487 52
486 6
485 47
484 17
483 79
482 76
481 65
480 76
479 91
478 18
477 68
476 97
475 30
474 51
473 51
472 68
471 58
470 58
469 41
468 25
467 92
466 84
465 27
464 1
463 86
462 95
461 97
460 65
459 81
458 53
457 89
456 54
455 92
454 11
453 22
452 55
451 78
450 17
449 90
448 60
447 80
446 1
445 14
444 73
443 93
442 66
441 34
440 59
439 54
438 75
437 91
436 89
435 60
434 6
433 96
432 6
431 18
430 20
429 79
428 10
427 44
426 49
425 45
424 90
423 6
422 11
421 6
420 40
419 45
418 3
417 8
416 90
415 19
414 7
413 16
412 1
411 62
410 33
409 45
408 60
407 70
406 89
405 80
404 29
403 26
402 14
401 72
400 91
399 48
398 25
397 17
396 7
395 84
394 87
393 66
392 70
391 68
390 1
389 26
388 70
387 57
386 18
385 39
384 74
383 95
382 0
381 41
380 65
379 44
378 63
377 39
376 64
375 11
374 45
373 28
372 70
371 79
370 31
369 11
368 20
367 95
366 13
365 29
364 85
363 10
362 99
361 63
360 12
359 49
358 86
357 60
356 6
355 85
354 45
353 60
352 33
351 59
350 82
349 72
348 59
347 70
346 89
345 52
344 21
343 96
342 80
341 88
340 87
339 60
338 2
337 26
336 76
335 38
334 39
333 84
332 69
331 3
330 79
329 65
328 25
327 49
326 2
325 53
324 63
323 39
322 65
321 17
320 49
319 95
318 19
317 6
316 10
315 77
314 28
313 44
312 48
311 37
310 28
309 41
308 55
307 74
306 35
305 27
304 34
303 63
302 15
301 27
300 15
299 0
298 47
297 38
296 77
295 31
294 1
293 54
292 33
291 63
290 61
289 50
288 16
287 69
286 93
285 96
284 74
283 58
282 9
281 36
280 75
279 27
278 28
277 33
276 59
275 84
274 54
273 12
272 53
271 72
270 10
269 21
268 88
267 54
266 57
265 89
264 80
263 3
262 73
261 12
260 8
259 13
258 29
257 86
256 41
255 44
254 21
253 85
252 68
251 32
250 25
249 98
248 6
247 95
246 78
245 32
244 50
243 12
242 30
241 81
240 25
239 75
238 45
237 56
236 60
235 5
234 3
233 9
232 63
231 85
230 66
229 24
228 76
227 58
226 48
225 15
224 27
223 22
222 38
221 80
220 97
219 100
218 25
217 27
216 22
215 18
214 6
213 80
212 9
211 65
210 60
209 86
208 48
207 63
206 44
205 57
204 77
203 49
202 50
201 10
200 61
199 80
198 38
197 29
196 37
195 63
194 100
193 78
192 44
191 65
190 95
189 14
188 84
187 35
186 5
185 14
184 96
183 8
182 62
181 48
180 86
179 77
178 49
177 91
176 54
175 97
174 11
173 57
172 61
171 86
170 49
169 94
168 53
167 34
166 41
165 68
164 70
163 28
162 77
161 88
160 100
159 63
158 34
157 26
156 45
155 9
154 23
153 38
152 10
151 89
150 67
149 11
148 7
147 30
146 16
145 89
144 88
143 87
142 6
141 48
140 14
139 74
138 14
137 81
136 95
135 66
134 51
133 55
132 81
131 81
130 11
129 37
128 3
127 37
126 63
125 84
124 15
123 47
122 54
121 35
120 0
119 88
118 40
117 56
116 44
115 22
114 98
113 23
112 93
111 14
110 68
109 37
108 66
107 23
106 95
105 11
104 58
103 19
102 96
101 3
100 0
99 9
98 56
97 47
96 39
95 89
94 27
93 23
92 50
91 7
90 43
89 12
88 92
87 32
86 75
85 16
84 27
83 99
82 5
81 21
80 23
79 10
78 43
77 81
76 86
75 63
74 90
73 34
72 99
71 23
70 63
69 76
68 0
67 40
66 12
65 18
64 92
63 60
62 51
61 17
60 5
59 43
58 55
57 60
56 90
55 43
54 18
53 69
52 63
51 86
50 94
49 10
48 83
47 9
46 96
45 82
44 35
43 77
42 0
41 67
40 71
39 94
38 41
37 50
36 89
35 67
34 58
33 38
32 77
31 94
30 87
29 70
28 32
27 8
26 19
25 0
24 10
23 42
22 88
21 60
20 2
19 5
18 0
17 83
16 46
15 0
14 57
13 51
12 91
11 56
10 37
9 83
8 30
7 60
6 31
5 75
4 99
3 33
2 78
1 47
0 68
