9050 51
9049 54
9048 100
9047 70
9046 80
9045 76
9044 11
9043 74
9042 48
9041 58
9040 4
9039 21
9038 59
9037 73
9036 61
9035 0
9034 88
9033 86
9032 52
9031 64
9030 79
9029 46
9028 0
9027 15
9026 43
9025 68
9024 43
9023 44
9022 84
9021 100
9020 92
9019 48
9018 95
9017 43
9016 100
9015 32
9014 59
9013 8
9012 70
9011 10
9010 95
9009 75
9008 70
9007 96
9006 22
9005 24
9004 49
9003 7
9002 35
9001 27
9000 86
8999 84
8998 92
8997 90
8996 16
8995 98
8994 68
8993 10
8992 16
8991 15
8990 82
8989 37
8988 46
8987 66
8986 78
8985 51
8984 38
8983 49
8982 82
8981 2
8980 60
8979 36
8978 10
8977 70
8976 3
8975 86
8974 18
8973 15
8972 6
8971 91
8970 75
8969 23
8968 67
8967 73
8966 59
8965 46
8964 71
8963 48
8962 44
8961 8
8960 47
8959 20
8958 91
8957 62
8956 21
8955 58
8954 5
8953 49
8952 48
8951 12
8950 78
8949 44
8948 74
8947 43
8946 95
8945 37
8944 23
8943 5
8942 18
8941 3
8940 41
8939 83
8938 37
8937 74
8936 44
8935 55
8934 23
8933 40
8932 53
8931 31
8930 18
8929 24
8928 17
8927 29
8926 51
8925 92
8924 76
8923 89
8922 99
8921 80
8920 21
8919 8
8918 97
8917 18
8916 24
8915 82
8914 47
8913 48
8912 89
8911 94
8910 0
8909 53
8908 20
8907 11
8906 60
8905 20
8904 16
8903 31
8902 5
8901 55
8900 40
8899 98
8898 4
8897 46
8896 99
8895 61
8894 64
8893 89
8892 38
8891 14
8890 77
8889 60
8888 85
8887 6
8886 94
8885 47
8884 10
8883 60
8882 56
8881 96
8880 65
8879 71
8878 87
8877 26
8876 46
8875 84
8874 17
8873 68
8872 50
8871 20
8870 33
8869 21
8868 31
8867 11
8866 24
8865 58
8864 19
8863 27
8862 75
8861 3
8860 1
8859 39
8858 47
8857 27
8856 77
8855 69
8854 0
8853 28
8852 51
8851 4
8850 99
8849 38
8848 53
8847 85
8846 59
8845 95
8844 17
8843 23
8842 39
8841 71
8840 37
8839 16
8838 33
8837 71
8836 11
8835 24
8834 76
8833 48
8832 23
8831 86
8830 20
8829 53
8828 15
8827 68
8826 34
8825 62
8824 66
8823 3
8822 70
8821 92
8820 74
8819 43
8818 68
8817 25
8816 45
8815 50
8814 52
8813 68
8812 51
8811 85
8810 33
8809 99
8808 77
8807 38
8806 69
8805 22
8804 94
8803 46
8802 61
8801 14
8800 88
8799 17
8798 81
8797 1
8796 6
8795 22
8794 5
8793 48
8792 4
8791 27
8790 6
8789 54
8788 72
8787 15
8786 7
8785 87
8784 90
8783 10
8782 75
8781 52
8780 29
8779 94
8778 30
8777 55
8776 93
8775 73
8774 11
8773 67
8772 19
8771 22
8770 12
8769 62
8768 32
8767 87
8766 60
8765 15
8764 100
8763 31
8762 51
8761 91
8760 89
8759 15
8758 95
8757 88
8756 12
8755 54
8754 73
8753 96
8752 21
8751 3
8750 24
8749 51
8748 63
8747 44
8746 71
8745 12
8744 3
8743 23
8742 81
8741 24
8740 4
8739 78
8738 2
8737 10
8736 55
8735 14
8734 68
8733 10
8732 39
8731 72
8730 21
8729 27
8728 21
8727 92
8726 25
8725 100
8724 84
8723 16
8722 4
8721 10
8720 53
8719 33
8718 53
8717 65
8716 53
8715 93
8714 46
8713 72
8712 66
8711 37
8710 20
8709 25
8708 48
8707 99
8706 21
8705 50
8704 59
8703 76
8702 65
8701 2
8700 67
8699 60
8698 49
8697 97
8696 15
8695 5
8694 47
8693 79
8692 86
8691 51
8690 57
8689 86
8688 41
8687 91
8686 3
8685 32
8684 69
8683 26
8682 40
8681 0
8680 74
8679 61
8678 49
8677 2
8676 43
8675 48
8674 75
8673 76
8672 5
8671 76
8670 79
8669 67
8668 76
8667 55
8666 97
8665 9
8664 65
8663 12
8662 15
8661 88
8660 77
8659 21
8658 80
8657 87
8656 48
8655 44
8654 54
8653 41
8652 21
8651 79
8650 69
8649 98
8648 95
8647 45
8646 46
8645 36
8644 34
8643 57
8642 85
8641 44
8640 58
8639 14
8638 78
8637 92
8636 57
8635 49
8634 58
8633 0
8632 23
8631 50
8630 66
8629 1
8628 10
8627 63
8626 43
8625 50
8624 5
8623 12
8622 63
8621 42
8620 21
8619 80
8618 85
8617 97
8616 57
8615 13
8614 35
8613 81
8612 92
8611 81
8610 34
8609 33
8608 85
8607 33
8606 92
8605 23
8604 76
8603 67
8602 53
8601 19
8600 87
8599 5
8598 89
8597 78
8596 68
8595 60
8594 57
8593 73
8592 12
8591 75
8590 8
8589 100
8588 65
8587 80
8586 43
8585 37
8584 46
8583 71
8582 51
8581 45
8580 73
8579 23
8578 22
8577 29
8576 23
8575 79
8574 80
8573 44
8572 52
8571 92
8570 69
8569 73
8568 79
8567 22
8566 28
8565 41
8564 62
8563 92
8562 1
8561 92
8560 66
8559 25
8558 6
8557 51
8556 41
8555 50
8554 31
8553 78
8552 56
8551 55
8550 92
8549 15
8548 76
8547 2
8546 32
8545 15
8544 100
8543 84
8542 82
8541 47
8540 32
8539 90
8538 67
8537 69
8536 43
8535 62
8534 76
8533 12
8532 13
8531 34
8530 12
8529 47
8528 57
8527 71
8526 66
8525 30
8524 64
8523 25
8522 31
8521 98
8520 72
8519 85
8518 94
8517 70
8516 32
8515 18
8514 71
8513 19
8512 38
8511 4
8510 22
8509 65
8508 31
8507 2
8506 5
8505 76
8504 70
8503 0
8502 65
8501 37
8500 79
8499 30
8498 19
8497 38
8496 43
8495 36
8494 61
8493 99
8492 90
8491 78
8490 48
8489 13
8488 50
8487 92
8486 61
8485 69
8484 71
8483 15
8482 18
8481 98
8480 6
8479 68
8478 94
8477 43
8476 5
8475 70
8474 23
8473 59
8472 0
8471 21
8470 19
8469 28
8468 18
8467 45
8466 97
8465 41
8464 68
8463 82
8462 95
8461 14
8460 66
8459 79
8458 92
8457 88
8456 94
8455 41
8454 8
8453 70
8452 45
8451 30
8450 25
8449 83
8448 41
8447 5
8446 88
8445 56
8444 90
8443 19
8442 1
8441 59
8440 97
8439 35
8438 33
8437 85
8436 43
8435 91
8434 70
8433 70
8432 38
8431 95
8430 24
8429 5
8428 92
8427 19
8426 74
8425 50
8424 24
8423 45
8422 36
8421 46
8420 66
8419 58
8418 17
8417 25
8416 2
8415 8
8414 48
8413 3
8412 63
8411 23
8410 64
8409 77
8408 47
8407 35
8406 86
8405 47
8404 72
8403 70
8402 40
8401 4
8400 86
8399 54
8398 41
8397 7
8396 16
8395 20
8394 83
8393 8
8392 50
8391 56
8390 45
8389 72
8388 75
8387 4
8386 71
8385 38
8384 93
8383 32
8382 68
8381 58
8380 51
8379 79
8378 17
8377 81
8376 87
8375 42
8374 40
8373 30
8372 99
8371 33
8370 60
8369 5
8368 34
8367 78
8366 72
8365 51
8364 49
8363 32
8362 1
8361 72
8360 60
8359 24
8358 49
8357 77
8356 77
8355 63
8354 11
8353 70
8352 27
8351 11
8350 39
8349 46
8348 60
8347 1
8346 94
8345 8
8344 13
8343 54
8342 10
8341 67
8340 6
8339 33
8338 24
8337 50
8336 66
8335 5
8334 15
8333 73
8332 28
8331 26
8330 55
8329 3
8328 57
8327 41
8326 33
8325 92
8324 52
8323 0
8322 40
8321 37
8320 64
8319 72
8318 47
8317 90
8316 34
8315 69
8314 34
8313 61
8312 74
8311 50
8310 28
8309 88
8308 21
8307 42
8306 16
8305 88
8304 58
8303 28
8302 88
8301 76
8300 19
8299 46
8298 84
8297 10
8296 10
8295 95
8294 73
8293 40
8292 28
8291 7
8290 11
8289 36
8288 100
8287 50
8286 20
8285 47
8284 59
8283 43
8282 11
8281 23
8280 65
8279 5
8278 26
8277 78
8276 49
8275 68
8274 70
8273 64
8272 12
8271 96
8270 73
8269 14
8268 96
8267 74
8266 12
8265 2
8264 10
8263 66
8262 67
8261 13
8260 30
8259 62
8258 24
8257 67
8256 12
8255 66
8254 61
8253 75
8252 80
8251 16
8250 90
8249 81
8248 58
8247 81
8246 94
8245 46
8244 49
8243 48
8242 19
8241 15
8240 97
8239 58
8238 88
8237 68
8236 81
8235 65
8234 64
8233 16
8232 47
8231 26
8230 62
8229 100
8228 24
8227 83
8226 81
8225 37
8224 43
8223 84
8222 85
8221 63
8220 68
8219 93
8218 96
8217 65
8216 10
8215 1
8214 22
8213 29
8212 62
8211 3
8210 25
8209 8
8208 75
8207 24
8206 10
8205 29
8204 44
8203 32
8202 49
8201 16
8200 28
8199 43
8198 92
8197 24
8196 2
8195 61
8194 55
8193 85
8192 56
8191 84
8190 92
8189 56
8188 71
8187 30
8186 18
8185 51
8184 66
8183 79
8182 85
8181 42
8180 70
8179 43
8178 67
8177 46
8176 80
8175 65
8174 66
8173 86
8172 57
8171 91
8170 73
8169 54
8168 16
8167 20
8166 77
8165 74
8164 4
8163 93
8162 53
8161 46
8160 36
8159 60
8158 1
8157 11
8156 5
8155 97
8154 25
8153 58
8152 41
8151 3
8150 29
8149 33
8148 13
8147 12
8146 2
8145 49
8144 44
8143 82
8142 98
8141 54
8140 33
8139 20
8138 25
8137 68
8136 2
8135 44
8134 70
8133 43
8132 72
8131 83
8130 60
8129 7
8128 36
8127 93
8126 88
8125 78
8124 7
8123 0
8122 9
8121 0
8120 69
8119 38
8118 28
8117 17
8116 37
8115 23
8114 98
8113 79
8112 10
8111 26
8110 35
8109 29
8108 67
8107 1
8106 42
8105 21
8104 35
8103 5
8102 65
8101 55
8100 3
8099 79
8098 50
8097 95
8096 88
8095 46
8094 81
8093 81
8092 21
8091 12
8090 12
8089 47
8088 92
8087 2
8086 56
8085 48
8084 99
8083 16
8082 86
8081 65
8080 27
8079 95
8078 58
8077 35
8076 53
8075 82
8074 61
8073 70
8072 59
8071 91
8070 48
8069 9
8068 55
8067 85
8066 27
8065 27
8064 35
8063 49
8062 66
8061 88
8060 78
8059 60
8058 56
8057 55
8056 85
8055 88
8054 56
8053 0
8052 3
8051 55
8050 35
8049 3
8048 61
8047 97
8046 63
8045 75
8044 33
8043 97
8042 43
8041 31
8040 65
8039 77
8038 77
8037 31
8036 59
8035 66
8034 81
8033 40
8032 0
8031 20
8030 57
8029 91
8028 47
8027 19
8026 37
8025 49
8024 58
8023 72
8022 88
8021 26
8020 98
8019 41
8018 16
8017 66
8016 25
8015 99
8014 52
8013 26
8012 7
8011 87
8010 57
8009 100
8008 22
8007 29
8006 11
8005 92
8004 68
8003 69
8002 83
8001 22
8000 61
7999 55
7998 17
7997 61
7996 16
7995 33
7994 71
7993 13
7992 18
7991 64
7990 9
7989 20
7988 24
7987 67
7986 62
7985 6
7984 27
7983 80
7982 19
7981 34
7980 50
7979 61
7978 59
7977 13
7976 55
7975 48
7974 29
7973 55
7972 13
7971 35
7970 31
7969 74
7968 37
7967 83
7966 71
7965 53
7964 34
7963 4
7962 1
7961 19
7960 81
7959 40
7958 82
7957 57
7956 77
7955 49
7954 48
7953 88
7952 64
7951 97
7950 10
7949 77
7948 68
7947 31
7946 73
7945 4
7944 32
7943 73
7942 98
7941 61
7940 80
7939 21
7938 66
7937 80
7936 16
7935 95
7934 94
7933 89
7932 55
7931 47
7930 51
7929 76
7928 10
7927 82
7926 13
7925 7
7924 73
7923 3
7922 48
7921 99
7920 3
7919 87
7918 98
7917 38
7916 36
7915 89
7914 69
7913 76
7912 38
7911 70
7910 65
7909 79
7908 44
7907 56
7906 27
7905 50
7904 63
7903 98
7902 10
7901 84
7900 50
7899 68
7898 11
7897 43
7896 9
7895 79
7894 48
7893 59
7892 62
7891 73
7890 54
7889 55
7888 15
7887 50
7886 91
7885 9
7884 1
7883 87
7882 99
7881 52
7880 54
7879 17
7878 1
7877 83
7876 82
7875 1
7874 95
7873 61
7872 26
7871 8
7870 96
7869 22
7868 38
7867 63
7866 71
7865 35
7864 97
7863 56
7862 3
7861 83
7860 57
7859 24
7858 70
7857 70
7856 19
7855 80
7854 20
7853 43
7852 60
7851 30
7850 70
7849 28
7848 20
7847 1
7846 38
7845 44
7844 82
7843 78
7842 69
7841 98
7840 27
7839 18
7838 67
7837 75
7836 69
7835 51
7834 14
7833 89
7832 71
7831 34
7830 19
7829 2
7828 62
7827 95
7826 95
7825 62
7824 15
7823 20
7822 67
7821 58
7820 75
7819 44
7818 46
7817 20
7816 12
7815 76
7814 74
7813 71
7812 89
7811 66
7810 22
7809 82
7808 61
7807 83
7806 13
7805 37
7804 85
7803 39
7802 0
7801 87
7800 39
7799 54
7798 12
7797 79
7796 24
7795 46
7794 26
7793 6
7792 34
7791 86
7790 66
7789 34
7788 5
7787 4
7786 82
7785 58
7784 95
7783 41
7782 91
7781 100
7780 90
7779 5
7778 38
7777 10
7776 26
7775 52
7774 94
7773 98
7772 90
7771 92
7770 99
7769 84
7768 50
7767 65
7766 88
7765 95
7764 87
7763 71
7762 10
7761 52
7760 69
7759 6
7758 41
7757 97
7756 68
7755 54
7754 78
7753 68
7752 19
7751 7
7750 72
7749 35
7748 96
7747 4
7746 84
7745 50
7744 49
7743 35
7742 24
7741 2
7740 53
7739 48
7738 85
7737 76
7736 66
7735 72
7734 15
7733 18
7732 92
7731 32
7730 79
7729 91
7728 56
7727 95
7726 65
7725 14
7724 78
7723 90
7722 82
7721 2
7720 10
7719 20
7718 53
7717 8
7716 32
7715 43
7714 27
7713 71
7712 97
7711 31
7710 48
7709 54
7708 69
7707 71
7706 83
7705 85
7704 72
7703 19
7702 97
7701 79
7700 90
7699 23
7698 71
7697 81
7696 13
7695 77
7694 75
7693 63
7692 24
7691 86
7690 8
7689 33
7688 56
7687 68
7686 13
7685 49
7684 61
7683 87
7682 38
7681 0
7680 15
7679 59
7678 53
7677 93
7676 24
7675 84
7674 42
7673 53
7672 24
7671 66
7670 67
7669 77
7668 67
7667 4
7666 9
7665 33
7664 51
7663 14
7662 45
7661 92
7660 26
7659 91
7658 28
7657 45
7656 43
7655 14
7654 3
7653 43
7652 36
7651 95
7650 90
7649 19
7648 66
7647 92
7646 68
7645 26
7644 22
7643 20
7642 93
7641 72
7640 70
7639 27
7638 51
7637 37
7636 35
7635 48
7634 53
7633 45
7632 10
7631 86
7630 20
7629 68
7628 87
7627 45
7626 84
7625 98
7624 17
7623 88
7622 77
7621 43
7620 42
7619 10
7618 2
7617 82
7616 43
7615 57
7614 89
7613 34
7612 13
7611 64
7610 26
7609 69
7608 67
7607 80
7606 59
7605 44
7604 26
7603 60
7602 45
7601 62
7600 46
7599 90
7598 1
7597 84
7596 95
7595 81
7594 8
7593 65
7592 44
7591 86
7590 54
7589 84
7588 79
7587 44
7586 82
7585 36
7584 29
7583 3
7582 31
7581 52
7580 15
7579 52
7578 37
7577 62
7576 84
7575 93
7574 63
7573 75
7572 26
7571 20
7570 38
7569 65
7568 29
7567 19
7566 67
7565 3
7564 26
7563 23
7562 4
7561 63
7560 84
7559 77
7558 99
7557 63
7556 3
7555 29
7554 71
7553 76
7552 62
7551 35
7550 60
7549 73
7548 37
7547 55
7546 78
7545 56
7544 58
7543 96
7542 48
7541 79
7540 93
7539 28
7538 4
7537 2
7536 61
7535 9
7534 33
7533 19
7532 96
7531 44
7530 52
7529 56
7528 91
7527 81
7526 89
7525 26
7524 61
7523 80
7522 39
7521 90
7520 45
7519 21
7518 7
7517 19
7516 73
7515 9
7514 75
7513 57
7512 75
7511 36
7510 83
7509 35
7508 17
7507 26
7506 5
7505 61
7504 83
7503 68
7502 59
7501 36
7500 64
7499 33
7498 83
7497 28
7496 41
7495 49
7494 98
7493 77
7492 29
7491 24
7490 65
7489 38
7488 28
7487 21
7486 0
7485 4
7484 43
7483 25
7482 67
7481 28
7480 36
7479 40
7478 92
7477 13
7476 58
7475 4
7474 2
7473 12
7472 87
7471 39
7470 28
7469 66
7468 42
7467 74
7466 90
7465 25
7464 25
7463 86
7462 72
7461 96
7460 84
7459 63
7458 33
7457 69
7456 68
7455 3
7454 43
7453 94
7452 23
7451 18
7450 97
7449 80
7448 44
7447 67
7446 19
7445 75
7444 95
7443 81
7442 88
7441 56
7440 95
7439 86
7438 61
7437 94
7436 80
7435 98
7434 86
7433 58
7432 2
7431 76
7430 87
7429 49
7428 49
7427 10
7426 8
7425 57
7424 95
7423 39
7422 42
7421 23
7420 22
7419 18
7418 94
7417 18
7416 46
7415 56
7414 24
7413 57
7412 79
7411 60
7410 10
7409 82
7408 1
7407 43
7406 15
7405 77
7404 78
7403 66
7402 49
7401 22
7400 85
7399 11
7398 67
7397 75
7396 71
7395 59
7394 89
7393 12
7392 23
7391 51
7390 94
7389 60
7388 97
7387 27
7386 78
7385 27
7384 63
7383 14
7382 98
7381 90
7380 44
7379 40
7378 4
7377 63
7376 22
7375 80
7374 49
7373 15
7372 90
7371 43
7370 75
7369 71
7368 17
7367 66
7366 46
7365 29
7364 71
7363 59
7362 92
7361 84
7360 6
7359 81
7358 66
7357 3
7356 62
7355 91
7354 52
7353 99
7352 46
7351 90
7350 50
7349 91
7348 83
7347 89
7346 16
7345 89
7344 72
7343 6
7342 1
7341 33
7340 18
7339 97
7338 6
7337 98
7336 90
7335 64
7334 61
7333 99
7332 91
7331 93
7330 65
7329 29
7328 25
7327 2
7326 22
7325 38
7324 75
7323 29
7322 51
7321 33
7320 40
7319 81
7318 56
7317 5
7316 73
7315 76
7314 37
7313 40
7312 6
7311 54
7310 35
7309 86
7308 67
7307 44
7306 63
7305 89
7304 41
7303 64
7302 87
7301 48
7300 50
7299 55
7298 26
7297 80
7296 94
7295 96
7294 38
7293 30
7292 38
7291 68
7290 10
7289 95
7288 22
7287 77
7286 96
7285 49
7284 45
7283 4
7282 33
7281 6
7280 44
7279 36
7278 70
7277 82
7276 70
7275 1
7274 23
7273 41
7272 94
7271 9
7270 69
7269 0
7268 100
7267 100
7266 24
7265 9
7264 70
7263 91
7262 20
7261 4
7260 79
7259 28
7258 65
7257 33
7256 4
7255 57
7254 54
7253 60
7252 98
7251 66
7250 15
7249 100
7248 40
7247 78
7246 73
7245 0
7244 69
7243 53
7242 9
7241 82
7240 90
7239 49
7238 2
7237 19
7236 80
7235 67
7234 99
7233 22
7232 10
7231 77
7230 87
7229 63
7228 83
7227 96
7226 58
7225 90
7224 17
7223 87
7222 23
7221 97
7220 18
7219 98
7218 38
7217 85
7216 70
7215 31
7214 72
7213 20
7212 86
7211 3
7210 45
7209 60
7208 83
7207 68
7206 70
7205 19
7204 13
7203 63
7202 26
7201 58
7200 64
7199 55
7198 87
7197 55
7196 4
7195 76
7194 49
7193 76
7192 19
7191 20
7190 57
7189 4
7188 86
7187 20
7186 6
7185 6
7184 40
7183 86
7182 62
7181 15
7180 12
7179 68
7178 58
7177 0
7176 65
7175 17
7174 91
7173 16
7172 39
7171 24
7170 37
7169 3
7168 10
7167 40
7166 50
7165 21
7164 99
7163 53
7162 38
7161 60
7160 91
7159 86
7158 98
7157 64
7156 16
7155 23
7154 40
7153 2
7152 8
7151 6
7150 70
7149 20
7148 30
7147 72
7146 99
7145 69
7144 15
7143 56
7142 35
7141 3
7140 69
7139 77
7138 46
7137 25
7136 7
7135 85
7134 66
7133 86
7132 23
7131 16
7130 85
7129 9
7128 86
7127 8
7126 21
7125 73
7124 54
7123 23
7122 55
7121 4
7120 64
7119 27
7118 75
7117 1
7116 13
7115 85
7114 44
7113 63
7112 59
7111 26
7110 49
7109 32
7108 99
7107 37
7106 51
7105 53
7104 44
7103 88
7102 33
7101 96
7100 4
7099 15
7098 42
7097 60
7096 32
7095 98
7094 19
7093 76
7092 0
7091 4
7090 95
7089 65
7088 4
7087 7
7086 85
7085 32
7084 62
7083 72
7082 71
7081 45
7080 36
7079 33
7078 41
7077 96
7076 4
7075 40
7074 55
7073 62
7072 71
7071 14
7070 7
7069 65
7068 35
7067 47
7066 53
7065 74
7064 34
7063 63
7062 68
7061 99
7060 100
7059 38
7058 14
7057 70
7056 61
7055 80
7054 77
7053 6
7052 14
7051 6
7050 90
7049 75
7048 90
7047 34
7046 80
7045 32
7044 90
7043 52
7042 48
7041 90
7040 41
7039 6
7038 81
7037 80
7036 36
7035 15
7034 62
7033 37
7032 72
7031 56
7030 72
7029 96
7028 49
7027 37
7026 52
7025 10
7024 8
7023 20
7022 53
7021 86
7020 37
7019 71
7018 48
7017 43
7016 60
7015 62
7014 19
7013 51
7012 82
7011 34
7010 85
7009 89
7008 24
7007 41
7006 26
7005 30
7004 53
7003 9
7002 59
7001 36
7000 51
6999 83
6998 83
6997 98
6996 11
6995 38
6994 9
6993 47
6992 15
6991 19
6990 32
6989 90
6988 74
6987 13
6986 24
6985 40
6984 63
6983 56
6982 6
6981 66
6980 23
6979 95
6978 85
6977 61
6976 30
6975 12
6974 78
6973 70
6972 42
6971 96
6970 66
6969 75
6968 79
6967 42
6966 36
6965 42
6964 84
6963 77
6962 99
6961 53
6960 66
6959 69
6958 20
6957 51
6956 49
6955 36
6954 22
6953 29
6952 45
6951 66
6950 49
6949 48
6948 44
6947 96
6946 28
6945 75
6944 3
6943 83
6942 42
6941 12
6940 37
6939 99
6938 24
6937 68
6936 19
6935 95
6934 69
6933 7
6932 19
6931 59
6930 21
6929 92
6928 4
6927 83
6926 14
6925 78
6924 6
6923 60
6922 29
6921 87
6920 21
6919 55
6918 92
6917 2
6916 79
6915 39
6914 42
6913 37
6912 37
6911 37
6910 6
6909 79
6908 64
6907 85
6906 98
6905 18
6904 50
6903 58
6902 31
6901 22
6900 62
6899 24
6898 19
6897 10
6896 61
6895 40
6894 23
6893 86
6892 84
6891 63
6890 75
6889 43
6888 55
6887 47
6886 59
6885 82
6884 53
6883 16
6882 86
6881 96
6880 18
6879 5
6878 55
6877 53
6876 33
6875 7
6874 0
6873 29
6872 89
6871 78
6870 71
6869 84
6868 89
6867 44
6866 24
6865 57
6864 28
6863 54
6862 91
6861 37
6860 63
6859 93
6858 43
6857 63
6856 89
6855 46
6854 40
6853 63
6852 3
6851 34
6850 22
6849 75
6848 88
6847 52
6846 0
6845 17
6844 53
6843 26
6842 77
6841 100
6840 27
6839 46
6838 0
6837 87
6836 58
6835 35
6834 13
6833 92
6832 53
6831 1
6830 94
6829 11
6828 67
6827 85
6826 64
6825 22
6824 83
6823 90
6822 71
6821 93
6820 36
6819 0
6818 16
6817 83
6816 36
6815 62
6814 72
6813 39
6812 88
6811 15
6810 9
6809 94
6808 4
6807 94
6806 6
6805 88
6804 16
6803 84
6802 25
6801 12
6800 85
6799 77
6798 82
6797 86
6796 50
6795 94
6794 87
6793 55
6792 4
6791 41
6790 27
6789 35
6788 50
6787 91
6786 3
6785 29
6784 55
6783 1
6782 79
6781 27
6780 34
6779 46
6778 8
6777 54
6776 43
6775 76
6774 73
6773 52
6772 31
6771 85
6770 84
6769 79
6768 67
6767 73
6766 25
6765 82
6764 9
6763 52
6762 31
6761 76
6760 97
6759 93
6758 13
6757 14
6756 1
6755 74
6754 67
6753 72
6752 43
6751 77
6750 29
6749 40
6748 36
6747 21
6746 2
6745 91
6744 99
6743 23
6742 74
6741 2
6740 82
6739 79
6738 20
6737 86
6736 83
6735 56
6734 68
6733 52
6732 56
6731 88
6730 22
6729 92
6728 85
6727 34
6726 60
6725 24
6724 99
6723 19
6722 94
6721 94
6720 44
6719 89
6718 90
6717 75
6716 0
6715 97
6714 33
6713 88
6712 11
6711 19
6710 0
6709 44
6708 22
6707 92
6706 99
6705 97
6704 52
6703 62
6702 60
6701 6
6700 72
6699 62
6698 35
6697 60
6696 78
6695 28
6694 21
6693 79
6692 72
6691 28
6690 4
6689 40
6688 38
6687 64
6686 38
6685 27
6684 36
6683 45
6682 91
6681 40
6680 28
6679 12
6678 35
6677 36
6676 54
6675 90
6674 9
6673 32
6672 5
6671 91
6670 25
6669 31
6668 96
6667 100
6666 95
6665 44
6664 35
6663 59
6662 16
6661 50
6660 73
6659 43
6658 65
6657 33
6656 95
6655 80
6654 26
6653 73
6652 0
6651 4
6650 92
6649 14
6648 58
6647 85
6646 70
6645 30
6644 46
6643 72
6642 62
6641 11
6640 53
6639 20
6638 8
6637 33
6636 91
6635 47
6634 43
6633 37
6632 89
6631 21
6630 63
6629 53
6628 13
6627 87
6626 1
6625 30
6624 84
6623 62
6622 23
6621 55
6620 3
6619 76
6618 54
6617 10
6616 14
6615 63
6614 37
6613 21
6612 63
6611 20
6610 46
6609 92
6608 96
6607 90
6606 89
6605 28
6604 80
6603 11
6602 36
6601 20
6600 2
6599 69
6598 25
6597 15
6596 44
6595 13
6594 58
6593 6
6592 11
6591 77
6590 82
6589 89
6588 12
6587 34
6586 87
6585 40
6584 36
6583 76
6582 89
6581 78
6580 36
6579 43
6578 64
6577 85
6576 51
6575 94
6574 16
6573 26
6572 93
6571 97
6570 76
6569 29
6568 91
6567 90
6566 58
6565 94
6564 23
6563 54
6562 77
6561 4
6560 49
6559 32
6558 14
6557 71
6556 96
6555 62
6554 13
6553 7
6552 74
6551 24
6550 83
6549 69
6548 86
6547 53
6546 96
6545 41
6544 42
6543 18
6542 1
6541 32
6540 12
6539 33
6538 97
6537 46
6536 68
6535 98
6534 91
6533 51
6532 36
6531 2
6530 67
6529 50
6528 51
6527 7
6526 57
6525 46
6524 14
6523 51
6522 1
6521 79
6520 96
6519 5
6518 14
6517 43
6516 46
6515 62
6514 30
6513 17
6512 87
6511 27
6510 34
6509 0
6508 38
6507 92
6506 24
6505 67
6504 26
6503 10
6502 16
6501 32
6500 37
6499 36
6498 4
6497 92
6496 72
6495 51
6494 8
6493 8
6492 0
6491 38
6490 98
6489 15
6488 38
6487 72
6486 31
6485 80
6484 5
6483 47
6482 69
6481 2
6480 86
6479 39
6478 58
6477 45
6476 45
6475 51
6474 95
6473 71
6472 78
6471 95
6470 49
6469 4
6468 8
6467 10
6466 23
6465 50
6464 0
6463 48
6462 94
6461 90
6460 79
6459 70
6458 5
6457 60
6456 91
6455 45
6454 57
6453 78
6452 20
6451 76
6450 93
6449 27
6448 15
6447 70
6446 71
6445 40
6444 22
6443 72
6442 7
6441 56
6440 25
6439 12
6438 14
6437 76
6436 71
6435 13
6434 1
6433 87
6432 25
6431 87
6430 40
6429 50
6428 4
6427 69
6426 97
6425 98
6424 60
6423 76
6422 23
6421 56
6420 47
6419 89
6418 33
6417 76
6416 83
6415 33
6414 11
6413 33
6412 18
6411 9
6410 100
6409 6
6408 28
6407 43
6406 17
6405 100
6404 46
6403 3
6402 72
6401 43
6400 19
6399 27
6398 100
6397 99
6396 87
6395 97
6394 64
6393 57
6392 96
6391 16
6390 88
6389 97
6388 42
6387 82
6386 82
6385 73
6384 84
6383 28
6382 43
6381 89
6380 60
6379 29
6378 0
6377 41
6376 1
6375 50
6374 11
6373 85
6372 10
6371 2
6370 88
6369 79
6368 93
6367 39
6366 24
6365 70
6364 89
6363 87
6362 45
6361 61
6360 93
6359 36
6358 25
6357 26
6356 82
6355 75
6354 92
6353 1
6352 62
6351 61
6350 26
6349 78
6348 39
6347 5
6346 100
6345 46
6344 40
6343 68
6342 65
6341 39
6340 93
6339 71
6338 64
6337 36
6336 29
6335 0
6334 63
6333 35
6332 78
6331 68
6330 90
6329 13
6328 95
6327 58
6326 100
6325 73
6324 51
6323 26
6322 90
6321 44
6320 66
6319 51
6318 48
6317 91
6316 79
6315 19
6314 54
6313 62
6312 8
6311 17
6310 73
6309 84
6308 33
6307 79
6306 56
6305 41
6304 52
6303 6
6302 21
6301 8
6300 23
6299 26
6298 59
6297 36
6296 43
6295 99
6294 78
6293 1
6292 18
6291 81
6290 83
6289 8
6288 7
6287 37
6286 6
6285 43
6284 71
6283 100
6282 29
6281 52
6280 28
6279 5
6278 73
6277 88
6276 20
6275 48
6274 19
6273 28
6272 43
6271 72
6270 33
6269 45
6268 13
6267 1
6266 1
6265 50
6264 17
6263 36
6262 26
6261 87
6260 80
6259 10
6258 7
6257 44
6256 91
6255 36
6254 94
6253 89
6252 18
6251 39
6250 63
6249 27
6248 88
6247 45
6246 15
6245 88
6244 20
6243 28
6242 13
6241 38
6240 34
6239 71
6238 18
6237 5
6236 11
6235 7
6234 1
6233 92
6232 30
6231 38
6230 87
6229 26
6228 88
6227 90
6226 6
6225 89
6224 65
6223 33
6222 64
6221 5
6220 55
6219 83
6218 95
6217 24
6216 59
6215 1
6214 30
6213 52
6212 53
6211 53
6210 7
6209 7
6208 71
6207 80
6206 14
6205 16
6204 73
6203 58
6202 29
6201 49
6200 8
6199 26
6198 55
6197 36
6196 85
6195 14
6194 72
6193 91
6192 25
6191 96
6190 58
6189 83
6188 69
6187 23
6186 34
6185 58
6184 2
6183 22
6182 69
6181 3
6180 59
6179 50
6178 7
6177 96
6176 55
6175 14
6174 77
6173 22
6172 63
6171 88
6170 3
6169 67
6168 97
6167 96
6166 53
6165 79
6164 19
6163 13
6162 72
6161 70
6160 69
6159 9
6158 25
6157 10
6156 95
6155 5
6154 13
6153 42
6152 39
6151 26
6150 74
6149 83
6148 48
6147 32
6146 50
6145 96
6144 61
6143 43
6142 97
6141 36
6140 4
6139 8
6138 85
6137 5
6136 16
6135 7
6134 96
6133 39
6132 68
6131 12
6130 55
6129 50
6128 24
6127 50
6126 65
6125 81
6124 94
6123 34
6122 14
6121 78
6120 78
6119 11
6118 37
6117 66
6116 36
6115 88
6114 78
6113 29
6112 28
6111 25
6110 40
6109 88
6108 93
6107 96
6106 14
6105 64
6104 77
6103 73
6102 86
6101 39
6100 75
6099 73
6098 12
6097 34
6096 8
6095 67
6094 93
6093 49
6092 20
6091 64
6090 55
6089 13
6088 88
6087 53
6086 100
6085 2
6084 68
6083 77
6082 23
6081 26
6080 97
6079 25
6078 67
6077 30
6076 37
6075 6
6074 21
6073 93
6072 10
6071 61
6070 40
6069 60
6068 91
6067 48
6066 55
6065 19
6064 61
6063 7
6062 98
6061 42
6060 13
6059 48
6058 72
6057 35
6056 13
6055 90
6054 20
6053 93
6052 92
6051 22
6050 3
6049 68
6048 44
6047 92
6046 28
6045 9
6044 9
6043 30
6042 37
6041 4
6040 60
6039 88
6038 76
6037 8
6036 72
6035 36
6034 79
6033 9
6032 100
6031 91
6030 95
6029 65
6028 51
6027 47
6026 69
6025 97
6024 39
6023 96
6022 87
6021 96
6020 51
6019 16
6018 16
6017 36
6016 80
6015 65
6014 55
6013 0
6012 48
6011 10
6010 50
6009 74
6008 56
6007 46
6006 89
6005 57
6004 8
6003 0
6002 78
6001 14
6000 56
5999 42
5998 24
5997 11
5996 81
5995 92
5994 66
5993 84
5992 2
5991 47
5990 87
5989 69
5988 99
5987 83
5986 67
5985 89
5984 65
5983 63
5982 55
5981 34
5980 65
5979 51
5978 29
5977 35
5976 11
5975 89
5974 31
5973 90
5972 7
5971 77
5970 39
5969 6
5968 64
5967 58
5966 27
5965 15
5964 54
5963 36
5962 71
5961 9
5960 6
5959 35
5958 58
5957 15
5956 28
5955 90
5954 42
5953 32
5952 18
5951 91
5950 99
5949 20
5948 87
5947 6
5946 54
5945 4
5944 10
5943 18
5942 20
5941 96
5940 75
5939 12
5938 70
5937 33
5936 64
5935 23
5934 57
5933 38
5932 11
5931 75
5930 89
5929 18
5928 70
5927 42
5926 73
5925 87
5924 29
5923 20
5922 89
5921 63
5920 91
5919 93
5918 13
5917 5
5916 56
5915 88
5914 90
5913 30
5912 13
5911 94
5910 99
5909 96
5908 93
5907 99
5906 22
5905 53
5904 92
5903 28
5902 98
5901 58
5900 21
5899 36
5898 90
5897 54
5896 26
5895 37
5894 58
5893 59
5892 47
5891 53
5890 13
5889 63
5888 55
5887 98
5886 70
5885 84
5884 67
5883 12
5882 88
5881 68
5880 86
5879 55
5878 68
5877 85
5876 89
5875 35
5874 21
5873 92
5872 50
5871 7
5870 99
5869 67
5868 47
5867 17
5866 15
5865 69
5864 35
5863 87
5862 16
5861 78
5860 52
5859 8
5858 75
5857 44
5856 68
5855 44
5854 7
5853 13
5852 29
5851 81
5850 41
5849 54
5848 42
5847 15
5846 10
5845 43
5844 61
5843 81
5842 99
5841 58
5840 32
5839 69
5838 41
5837 34
5836 3
5835 60
5834 3
5833 54
5832 7
5831 33
5830 59
5829 92
5828 36
5827 0
5826 6
5825 69
5824 72
5823 53
5822 55
5821 53
5820 70
5819 84
5818 34
5817 64
5816 93
5815 52
5814 44
5813 63
5812 79
5811 76
5810 84
5809 77
5808 94
5807 23
5806 51
5805 43
5804 32
5803 62
5802 91
5801 25
5800 36
5799 14
5798 65
5797 37
5796 85
5795 95
5794 62
5793 92
5792 74
5791 59
5790 52
5789 34
5788 63
5787 80
5786 1
5785 77
5784 23
5783 20
5782 32
5781 75
5780 56
5779 48
5778 44
5777 90
5776 77
5775 63
5774 15
5773 68
5772 9
5771 6
5770 33
5769 25
5768 60
5767 53
5766 22
5765 68
5764 11
5763 91
5762 20
5761 72
5760 4
5759 18
5758 35
5757 58
5756 18
5755 35
5754 62
5753 54
5752 86
5751 39
5750 63
5749 56
5748 8
5747 25
5746 82
5745 93
5744 48
5743 42
5742 79
5741 81
5740 63
5739 83
5738 70
5737 78
5736 76
5735 85
5734 93
5733 7
5732 3
5731 20
5730 56
5729 79
5728 76
5727 7
5726 25
5725 92
5724 86
5723 28
5722 49
5721 20
5720 55
5719 71
5718 88
5717 43
5716 17
5715 99
5714 70
5713 88
5712 27
5711 80
5710 5
5709 68
5708 95
5707 66
5706 35
5705 60
5704 29
5703 89
5702 25
5701 79
5700 62
5699 12
5698 25
5697 73
5696 93
5695 69
5694 48
5693 23
5692 33
5691 60
5690 31
5689 35
5688 27
5687 58
5686 17
5685 18
5684 37
5683 55
5682 55
5681 99
5680 24
5679 84
5678 96
5677 86
5676 13
5675 84
5674 51
5673 92
5672 58
5671 0
5670 30
5669 20
5668 83
5667 90
5666 24
5665 65
5664 94
5663 6
5662 83
5661 17
5660 16
5659 15
5658 11
5657 92
5656 53
5655 35
5654 20
5653 11
5652 55
5651 95
5650 100
5649 30
5648 68
5647 40
5646 61
5645 77
5644 69
5643 78
5642 73
5641 86
5640 39
5639 78
5638 1
5637 18
5636 70
5635 68
5634 99
5633 28
5632 49
5631 4
5630 48
5629 92
5628 20
5627 42
5626 30
5625 39
5624 45
5623 58
5622 12
5621 100
5620 79
5619 61
5618 85
5617 39
5616 41
5615 64
5614 53
5613 74
5612 31
5611 21
5610 34
5609 1
5608 24
5607 94
5606 61
5605 56
5604 86
5603 34
5602 48
5601 21
5600 50
5599 56
5598 24
5597 66
5596 59
5595 43
5594 78
5593 42
5592 20
5591 11
5590 8
5589 22
5588 53
5587 5
5586 53
5585 95
5584 15
5583 67
5582 57
5581 54
5580 72
5579 21
5578 25
5577 64
5576 43
5575 48
5574 54
5573 47
5572 10
5571 86
5570 62
5569 30
5568 58
5567 16
5566 93
5565 28
5564 13
5563 85
5562 35
5561 19
5560 83
5559 28
5558 34
5557 37
5556 9
5555 10
5554 84
5553 67
5552 88
5551 90
5550 5
5549 48
5548 87
5547 23
5546 0
5545 96
5544 3
5543 66
5542 71
5541 11
5540 55
5539 73
5538 69
5537 84
5536 12
5535 37
5534 63
5533 82
5532 61
5531 24
5530 39
5529 22
5528 76
5527 21
5526 38
5525 15
5524 28
5523 45
5522 73
5521 2
5520 6
5519 63
5518 81
5517 9
5516 29
5515 24
5514 82
5513 34
5512 85
5511 22
5510 45
5509 13
5508 60
5507 16
5506 1
5505 28
5504 95
5503 84
5502 46
5501 97
5500 11
5499 77
5498 29
5497 99
5496 73
5495 5
5494 95
5493 44
5492 80
5491 74
5490 9
5489 88
5488 19
5487 90
5486 46
5485 27
5484 45
5483 60
5482 60
5481 33
5480 96
5479 84
5478 88
5477 72
5476 18
5475 55
5474 57
5473 100
5472 57
5471 70
5470 76
5469 8
5468 27
5467 7
5466 90
5465 90
5464 8
5463 18
5462 71
5461 9
5460 10
5459 71
5458 23
5457 3
5456 32
5455 19
5454 37
5453 71
5452 14
5451 31
5450 61
5449 23
5448 62
5447 42
5446 89
5445 62
5444 78
5443 37
5442 85
5441 33
5440 70
5439 51
5438 16
5437 9
5436 34
5435 35
5434 11
5433 11
5432 72
5431 62
5430 85
5429 82
5428 4
5427 49
5426 0
5425 33
5424 15
5423 53
5422 64
5421 11
5420 71
5419 76
5418 78
5417 45
5416 9
5415 3
5414 90
5413 60
5412 99
5411 37
5410 70
5409 28
5408 33
5407 23
5406 14
5405 100
5404 94
5403 87
5402 76
5401 44
5400 19
5399 60
5398 99
5397 43
5396 91
5395 0
5394 35
5393 1
5392 40
5391 4
5390 25
5389 72
5388 90
5387 70
5386 91
5385 81
5384 78
5383 60
5382 63
5381 8
5380 62
5379 57
5378 100
5377 18
5376 6
5375 48
5374 42
5373 95
5372 13
5371 58
5370 30
5369 65
5368 79
5367 93
5366 70
5365 62
5364 24
5363 10
5362 9
5361 23
5360 83
5359 20
5358 90
5357 25
5356 17
5355 51
5354 1
5353 28
5352 95
5351 21
5350 92
5349 29
5348 35
5347 46
5346 7
5345 69
5344 41
5343 91
5342 12
5341 9
5340 20
5339 7
5338 82
5337 22
5336 31
5335 74
5334 96
5333 34
5332 18
5331 26
5330 85
5329 54
5328 91
5327 58
5326 24
5325 57
5324 42
5323 67
5322 12
5321 67
5320 83
5319 73
5318 17
5317 94
5316 84
5315 76
5314 88
5313 40
5312 97
5311 82
5310 17
5309 92
5308 31
5307 82
5306 15
5305 28
5304 26
5303 85
5302 23
5301 42
5300 46
5299 54
5298 86
5297 88
5296 26
5295 27
5294 100
5293 32
5292 74
5291 11
5290 14
5289 37
5288 28
5287 44
5286 65
5285 60
5284 41
5283 66
5282 93
5281 15
5280 13
5279 19
5278 14
5277 60
5276 89
5275 100
5274 1
5273 49
5272 10
5271 8
5270 22
5269 42
5268 27
5267 20
5266 60
5265 84
5264 34
5263 26
5262 20
5261 30
5260 51
5259 25
5258 73
5257 39
5256 10
5255 5
5254 65
5253 47
5252 58
5251 68
5250 34
5249 91
5248 91
5247 70
5246 94
5245 31
5244 60
5243 47
5242 23
5241 50
5240 81
5239 95
5238 79
5237 41
5236 86
5235 26
5234 96
5233 47
5232 47
5231 56
5230 87
5229 28
5228 44
5227 74
5226 71
5225 91
5224 64
5223 55
5222 82
5221 38
5220 79
5219 24
5218 0
5217 100
5216 76
5215 69
5214 96
5213 45
5212 8
5211 95
5210 32
5209 12
5208 91
5207 49
5206 26
5205 71
5204 22
5203 95
5202 53
5201 26
5200 24
5199 12
5198 76
5197 8
5196 3
5195 32
5194 17
5193 58
5192 70
5191 92
5190 78
5189 89
5188 97
5187 97
5186 80
5185 99
5184 49
5183 22
5182 81
5181 90
5180 18
5179 51
5178 17
5177 27
5176 79
5175 95
5174 4
5173 81
5172 63
5171 18
5170 21
5169 15
5168 59
5167 23
5166 46
5165 43
5164 78
5163 9
5162 63
5161 82
5160 4
5159 39
5158 48
5157 96
5156 65
5155 96
5154 25
5153 25
5152 43
5151 18
5150 75
5149 48
5148 29
5147 44
5146 71
5145 68
5144 17
5143 54
5142 69
5141 88
5140 20
5139 92
5138 46
5137 60
5136 80
5135 25
5134 3
5133 15
5132 76
5131 49
5130 96
5129 53
5128 63
5127 34
5126 94
5125 38
5124 61
5123 80
5122 0
5121 70
5120 73
5119 19
5118 41
5117 45
5116 59
5115 49
5114 2
5113 73
5112 17
5111 70
5110 80
5109 24
5108 25
5107 17
5106 26
5105 0
5104 31
5103 13
5102 89
5101 13
5100 29
5099 33
5098 50
5097 68
5096 29
5095 62
5094 63
5093 81
5092 98
5091 64
5090 98
5089 34
5088 35
5087 81
5086 20
5085 58
5084 34
5083 21
5082 53
5081 67
5080 18
5079 17
5078 36
5077 76
5076 15
5075 94
5074 81
5073 33
5072 39
5071 41
5070 92
5069 23
5068 71
5067 66
5066 36
5065 14
5064 94
5063 83
5062 28
5061 43
5060 97
5059 51
5058 33
5057 1
5056 34
5055 78
5054 71
5053 85
5052 78
5051 96
5050 85
5049 2
5048 4
5047 14
5046 52
5045 1
5044 89
5043 77
5042 10
5041 56
5040 25
5039 56
5038 86
5037 100
5036 7
5035 22
5034 72
5033 27
5032 18
5031 45
5030 71
5029 44
5028 6
5027 84
5026 25
5025 54
5024 54
5023 59
5022 75
5021 80
5020 34
5019 18
5018 1
5017 1
5016 66
5015 59
5014 16
5013 62
5012 10
5011 94
5010 68
5009 48
5008 45
5007 81
5006 92
5005 62
5004 81
5003 81
5002 74
5001 45
5000 8
4999 97
4998 100
4997 63
4996 7
4995 80
4994 3
4993 73
4992 2
4991 11
4990 9
4989 10
4988 51
4987 37
4986 56
4985 82
4984 96
4983 41
4982 57
4981 90
4980 86
4979 89
4978 90
4977 26
4976 93
4975 71
4974 61
4973 47
4972 83
4971 21
4970 20
4969 38
4968 3
4967 31
4966 71
4965 56
4964 37
4963 24
4962 38
4961 47
4960 11
4959 76
4958 16
4957 93
4956 41
4955 3
4954 82
4953 21
4952 60
4951 2
4950 62
4949 29
4948 95
4947 62
4946 5
4945 37
4944 15
4943 45
4942 23
4941 77
4940 4
4939 70
4938 36
4937 100
4936 81
4935 80
4934 52
4933 49
4932 36
4931 44
4930 5
4929 44
4928 54
4927 18
4926 6
4925 31
4924 58
4923 59
4922 5
4921 70
4920 67
4919 69
4918 31
4917 94
4916 19
4915 38
4914 34
4913 91
4912 20
4911 31
4910 17
4909 83
4908 57
4907 77
4906 46
4905 14
4904 0
4903 38
4902 48
4901 50
4900 47
4899 76
4898 72
4897 43
4896 98
4895 13
4894 98
4893 13
4892 50
4891 33
4890 62
4889 33
4888 80
4887 46
4886 52
4885 22
4884 26
4883 62
4882 32
4881 99
4880 47
4879 11
4878 18
4877 86
4876 33
4875 11
4874 91
4873 18
4872 35
4871 63
4870 4
4869 47
4868 56
4867 39
4866 9
4865 30
4864 41
4863 20
4862 12
4861 14
4860 39
4859 29
4858 18
4857 45
4856 31
4855 44
4854 15
4853 15
4852 56
4851 87
4850 28
4849 88
4848 47
4847 21
4846 18
4845 27
4844 14
4843 89
4842 9
4841 71
4840 44
4839 79
4838 6
4837 17
4836 71
4835 50
4834 64
4833 68
4832 54
4831 95
4830 87
4829 73
4828 99
4827 56
4826 95
4825 28
4824 13
4823 95
4822 73
4821 10
4820 61
4819 98
4818 71
4817 17
4816 96
4815 51
4814 39
4813 59
4812 12
4811 77
4810 47
4809 85
4808 22
4807 49
4806 56
4805 93
4804 36
4803 32
4802 26
4801 83
4800 94
4799 68
4798 98
4797 63
4796 66
4795 3
4794 4
4793 63
4792 97
4791 74
4790 15
4789 39
4788 41
4787 50
4786 32
4785 4
4784 98
4783 56
4782 25
4781 43
4780 15
4779 36
4778 67
4777 37
4776 6
4775 63
4774 12
4773 69
4772 41
4771 67
4770 90
4769 65
4768 59
4767 69
4766 66
4765 23
4764 88
4763 46
4762 54
4761 32
4760 95
4759 79
4758 21
4757 80
4756 13
4755 53
4754 94
4753 87
4752 67
4751 12
4750 38
4749 89
4748 80
4747 8
4746 18
4745 74
4744 50
4743 14
4742 11
4741 68
4740 13
4739 16
4738 67
4737 47
4736 34
4735 99
4734 22
4733 54
4732 17
4731 46
4730 19
4729 72
4728 65
4727 74
4726 56
4725 27
4724 65
4723 29
4722 55
4721 26
4720 41
4719 18
4718 32
4717 60
4716 61
4715 6
4714 45
4713 47
4712 50
4711 31
4710 9
4709 15
4708 97
4707 72
4706 3
4705 70
4704 87
4703 48
4702 11
4701 73
4700 0
4699 89
4698 66
4697 49
4696 47
4695 0
4694 44
4693 5
4692 9
4691 52
4690 49
4689 84
4688 87
4687 24
4686 30
4685 18
4684 79
4683 85
4682 45
4681 98
4680 84
4679 36
4678 77
4677 72
4676 45
4675 22
4674 18
4673 26
4672 62
4671 19
4670 45
4669 100
4668 32
4667 49
4666 34
4665 19
4664 37
4663 11
4662 59
4661 18
4660 31
4659 34
4658 95
4657 4
4656 15
4655 26
4654 17
4653 73
4652 99
4651 3
4650 74
4649 98
4648 29
4647 80
4646 50
4645 74
4644 50
4643 73
4642 65
4641 16
4640 69
4639 8
4638 47
4637 72
4636 39
4635 61
4634 33
4633 31
4632 70
4631 42
4630 22
4629 36
4628 93
4627 81
4626 79
4625 69
4624 28
4623 51
4622 97
4621 31
4620 8
4619 86
4618 2
4617 33
4616 25
4615 81
4614 67
4613 98
4612 96
4611 85
4610 92
4609 57
4608 22
4607 22
4606 73
4605 92
4604 33
4603 44
4602 77
4601 78
4600 2
4599 38
4598 46
4597 71
4596 7
4595 4
4594 5
4593 56
4592 31
4591 92
4590 30
4589 25
4588 46
4587 65
4586 44
4585 20
4584 88
4583 5
4582 58
4581 70
4580 23
4579 38
4578 24
4577 97
4576 13
4575 36
4574 45
4573 95
4572 23
4571 72
4570 49
4569 75
4568 4
4567 91
4566 24
4565 45
4564 28
4563 33
4562 92
4561 10
4560 44
4559 54
4558 45
4557 66
4556 25
4555 14
4554 41
4553 19
4552 24
4551 13
4550 50
4549 94
4548 3
4547 5
4546 81
4545 91
4544 70
4543 13
4542 15
4541 89
4540 69
4539 67
4538 22
4537 6
4536 87
4535 17
4534 100
4533 16
4532 43
4531 48
4530 46
4529 16
4528 49
4527 38
4526 92
4525 14
4524 74
4523 83
4522 89
4521 96
4520 46
4519 50
4518 41
4517 59
4516 28
4515 90
4514 35
4513 11
4512 11
4511 93
4510 90
4509 83
4508 13
4507 93
4506 34
4505 64
4504 32
4503 63
4502 11
4501 62
4500 24
4499 80
4498 35
4497 6
4496 39
4495 68
4494 63
4493 80
4492 40
4491 70
4490 48
4489 1
4488 79
4487 0
4486 72
4485 43
4484 22
4483 36
4482 89
4481 48
4480 57
4479 77
4478 60
4477 47
4476 46
4475 51
4474 46
4473 99
4472 97
4471 5
4470 18
4469 83
4468 6
4467 6
4466 65
4465 19
4464 65
4463 35
4462 33
4461 94
4460 47
4459 74
4458 96
4457 3
4456 89
4455 95
4454 39
4453 12
4452 10
4451 45
4450 54
4449 51
4448 35
4447 30
4446 63
4445 39
4444 58
4443 7
4442 35
4441 21
4440 22
4439 84
4438 72
4437 46
4436 90
4435 0
4434 16
4433 87
4432 83
4431 36
4430 95
4429 52
4428 6
4427 53
4426 33
4425 8
4424 98
4423 70
4422 48
4421 54
4420 35
4419 90
4418 77
4417 57
4416 77
4415 58
4414 71
4413 48
4412 97
4411 47
4410 64
4409 48
4408 46
4407 63
4406 60
4405 0
4404 45
4403 17
4402 66
4401 70
4400 2
4399 72
4398 11
4397 99
4396 91
4395 48
4394 34
4393 56
4392 28
4391 86
4390 58
4389 86
4388 24
4387 30
4386 39
4385 30
4384 3
4383 11
4382 91
4381 86
4380 30
4379 66
4378 15
4377 9
4376 52
4375 22
4374 41
4373 32
4372 2
4371 69
4370 21
4369 88
4368 4
4367 40
4366 73
4365 71
4364 95
4363 96
4362 8
4361 19
4360 82
4359 97
4358 45
4357 85
4356 80
4355 43
4354 36
4353 52
4352 40
4351 38
4350 82
4349 85
4348 91
4347 96
4346 39
4345 54
4344 22
4343 52
4342 11
4341 70
4340 44
4339 97
4338 45
4337 73
4336 88
4335 46
4334 95
4333 62
4332 17
4331 97
4330 50
4329 98
4328 75
4327 80
4326 57
4325 25
4324 55
4323 5
4322 100
4321 85
4320 91
4319 15
4318 86
4317 12
4316 66
4315 86
4314 67
4313 85
4312 69
4311 26
4310 24
4309 20
4308 82
4307 68
4306 25
4305 7
4304 86
4303 53
4302 53
4301 41
4300 70
4299 11
4298 60
4297 20
4296 37
4295 50
4294 14
4293 12
4292 80
4291 30
4290 21
4289 31
4288 33
4287 74
4286 12
4285 3
4284 47
4283 31
4282 70
4281 41
4280 61
4279 99
4278 51
4277 91
4276 72
4275 42
4274 5
4273 91
4272 51
4271 77
4270 36
4269 89
4268 7
4267 76
4266 50
4265 18
4264 53
4263 58
4262 73
4261 19
4260 75
4259 90
4258 39
4257 54
4256 8
4255 99
4254 1
4253 86
4252 45
4251 16
4250 51
4249 92
4248 25
4247 71
4246 95
4245 72
4244 13
4243 88
4242 91
4241 24
4240 39
4239 85
4238 59
4237 26
4236 48
4235 75
4234 38
4233 90
4232 40
4231 25
4230 62
4229 17
4228 83
4227 60
4226 7
4225 70
4224 73
4223 87
4222 75
4221 43
4220 71
4219 74
4218 80
4217 5
4216 57
4215 77
4214 69
4213 10
4212 52
4211 5
4210 43
4209 19
4208 92
4207 15
4206 67
4205 26
4204 17
4203 12
4202 6
4201 77
4200 22
4199 15
4198 26
4197 16
4196 54
4195 78
4194 32
4193 95
4192 36
4191 85
4190 27
4189 6
4188 80
4187 27
4186 97
4185 98
4184 95
4183 44
4182 69
4181 48
4180 33
4179 99
4178 95
4177 36
4176 52
4175 22
4174 30
4173 12
4172 53
4171 59
4170 19
4169 3
4168 67
4167 76
4166 67
4165 62
4164 15
4163 96
4162 1
4161 98
4160 58
4159 81
4158 11
4157 96
4156 47
4155 79
4154 57
4153 21
4152 34
4151 79
4150 78
4149 37
4148 26
4147 51
4146 80
4145 63
4144 56
4143 12
4142 94
4141 85
4140 85
4139 72
4138 55
4137 93
4136 80
4135 57
4134 91
4133 70
4132 63
4131 9
4130 41
4129 48
4128 80
4127 12
4126 63
4125 6
4124 14
4123 20
4122 51
4121 34
4120 17
4119 13
4118 57
4117 93
4116 69
4115 26
4114 80
4113 0
4112 12
4111 51
4110 90
4109 92
4108 62
4107 94
4106 10
4105 2
4104 73
4103 96
4102 95
4101 94
4100 100
4099 87
4098 22
4097 94
4096 34
4095 23
4094 82
4093 18
4092 57
4091 48
4090 91
4089 42
4088 26
4087 20
4086 81
4085 0
4084 43
4083 99
4082 62
4081 94
4080 58
4079 74
4078 4
4077 25
4076 78
4075 49
4074 93
4073 17
4072 20
4071 10
4070 84
4069 28
4068 35
4067 69
4066 10
4065 38
4064 23
4063 8
4062 91
4061 97
4060 95
4059 38
4058 36
4057 87
4056 6
4055 57
4054 48
4053 85
4052 9
4051 40
4050 60
4049 21
4048 39
4047 82
4046 38
4045 43
4044 8
4043 56
4042 91
4041 18
4040 43
4039 29
4038 69
4037 39
4036 26
4035 67
4034 60
4033 46
4032 57
4031 75
4030 15
4029 56
4028 91
4027 63
4026 32
4025 15
4024 37
4023 67
4022 38
4021 56
4020 5
4019 42
4018 15
4017 10
4016 73
4015 8
4014 17
4013 100
4012 53
4011 12
4010 56
4009 83
4008 64
4007 99
4006 54
4005 68
4004 50
4003 8
4002 42
4001 20
4000 38
3999 86
3998 74
3997 100
3996 55
3995 94
3994 45
3993 49
3992 5
3991 54
3990 50
3989 36
3988 98
3987 22
3986 26
3985 37
3984 24
3983 94
3982 73
3981 40
3980 80
3979 12
3978 38
3977 22
3976 20
3975 13
3974 6
3973 61
3972 51
3971 70
3970 69
3969 33
3968 18
3967 21
3966 54
3965 65
3964 45
3963 80
3962 77
3961 6
3960 76
3959 80
3958 48
3957 24
3956 5
3955 6
3954 25
3953 52
3952 70
3951 40
3950 37
3949 82
3948 23
3947 50
3946 61
3945 51
3944 2
3943 41
3942 89
3941 5
3940 83
3939 63
3938 99
3937 30
3936 45
3935 27
3934 39
3933 56
3932 98
3931 20
3930 46
3929 99
3928 12
3927 95
3926 57
3925 33
3924 44
3923 25
3922 68
3921 61
3920 43
3919 71
3918 99
3917 43
3916 36
3915 55
3914 85
3913 32
3912 35
3911 99
3910 66
3909 64
3908 58
3907 39
3906 83
3905 62
3904 57
3903 16
3902 83
3901 82
3900 90
3899 74
3898 78
3897 65
3896 91
3895 62
3894 30
3893 75
3892 27
3891 80
3890 40
3889 30
3888 97
3887 4
3886 16
3885 31
3884 99
3883 67
3882 75
3881 13
3880 2
3879 43
3878 48
3877 5
3876 35
3875 19
3874 60
3873 15
3872 49
3871 42
3870 63
3869 44
3868 71
3867 25
3866 35
3865 30
3864 58
3863 17
3862 38
3861 12
3860 6
3859 98
3858 58
3857 13
3856 51
3855 31
3854 26
3853 19
3852 55
3851 30
3850 27
3849 81
3848 57
3847 36
3846 100
3845 4
3844 35
3843 66
3842 20
3841 37
3840 58
3839 71
3838 25
3837 4
3836 83
3835 60
3834 13
3833 91
3832 92
3831 89
3830 91
3829 27
3828 63
3827 58
3826 3
3825 66
3824 56
3823 39
3822 35
3821 39
3820 36
3819 41
3818 68
3817 59
3816 37
3815 41
3814 91
3813 12
3812 100
3811 54
3810 17
3809 66
3808 11
3807 28
3806 1
3805 28
3804 60
3803 94
3802 52
3801 54
3800 38
3799 9
3798 86
3797 21
3796 25
3795 97
3794 63
3793 87
3792 7
3791 79
3790 74
3789 62
3788 6
3787 93
3786 33
3785 73
3784 69
3783 26
3782 54
3781 48
3780 85
3779 15
3778 20
3777 15
3776 92
3775 41
3774 21
3773 6
3772 80
3771 14
3770 10
3769 88
3768 4
3767 36
3766 87
3765 38
3764 28
3763 58
3762 71
3761 76
3760 76
3759 36
3758 8
3757 38
3756 65
3755 6
3754 67
3753 19
3752 77
3751 45
3750 97
3749 75
3748 48
3747 16
3746 78
3745 67
3744 70
3743 11
3742 93
3741 64
3740 17
3739 11
3738 85
3737 75
3736 13
3735 92
3734 27
3733 10
3732 78
3731 22
3730 76
3729 90
3728 58
3727 86
3726 45
3725 20
3724 77
3723 16
3722 31
3721 34
3720 5
3719 49
3718 39
3717 89
3716 22
3715 43
3714 59
3713 87
3712 93
3711 65
3710 10
3709 36
3708 69
3707 77
3706 0
3705 50
3704 39
3703 100
3702 47
3701 61
3700 1
3699 47
3698 27
3697 80
3696 3
3695 81
3694 16
3693 4
3692 53
3691 26
3690 62
3689 93
3688 98
3687 74
3686 36
3685 96
3684 38
3683 14
3682 35
3681 42
3680 63
3679 28
3678 39
3677 32
3676 70
3675 33
3674 68
3673 41
3672 97
3671 98
3670 86
3669 41
3668 67
3667 82
3666 42
3665 60
3664 4
3663 25
3662 9
3661 67
3660 26
3659 31
3658 39
3657 20
3656 6
3655 29
3654 15
3653 32
3652 66
3651 76
3650 39
3649 85
3648 11
3647 76
3646 89
3645 10
3644 37
3643 32
3642 60
3641 29
3640 94
3639 29
3638 79
3637 47
3636 20
3635 2
3634 59
3633 84
3632 22
3631 51
3630 28
3629 79
3628 79
3627 60
3626 5
3625 69
3624 96
3623 69
3622 76
3621 74
3620 17
3619 85
3618 100
3617 92
3616 95
3615 11
3614 25
3613 95
3612 29
3611 50
3610 72
3609 9
3608 26
3607 80
3606 73
3605 0
3604 96
3603 12
3602 77
3601 31
3600 42
3599 71
3598 72
3597 18
3596 66
3595 15
3594 35
3593 86
3592 10
3591 19
3590 70
3589 95
3588 52
3587 43
3586 91
3585 15
3584 84
3583 81
3582 78
3581 72
3580 14
3579 16
3578 13
3577 2
3576 8
3575 36
3574 77
3573 20
3572 69
3571 63
3570 80
3569 65
3568 34
3567 44
3566 49
3565 22
3564 55
3563 21
3562 39
3561 67
3560 41
3559 55
3558 36
3557 68
3556 88
3555 58
3554 50
3553 52
3552 15
3551 92
3550 52
3549 73
3548 22
3547 36
3546 15
3545 73
3544 76
3543 42
3542 5
3541 55
3540 65
3539 87
3538 41
3537 92
3536 78
3535 12
3534 65
3533 12
3532 30
3531 51
3530 100
3529 1
3528 22
3527 78
3526 58
3525 99
3524 78
3523 42
3522 8
3521 50
3520 26
3519 60
3518 32
3517 26
3516 86
3515 88
3514 94
3513 93
3512 87
3511 18
3510 16
3509 100
3508 59
3507 0
3506 88
3505 34
3504 56
3503 56
3502 25
3501 20
3500 44
3499 22
3498 4
3497 87
3496 10
3495 2
3494 8
3493 21
3492 23
3491 50
3490 40
3489 82
3488 97
3487 30
3486 64
3485 93
3484 46
3483 8
3482 39
3481 12
3480 42
3479 87
3478 79
3477 47
3476 39
3475 94
3474 74
3473 1
3472 12
3471 7
3470 35
3469 16
3468 37
3467 36
3466 8
3465 45
3464 53
3463 7
3462 71
3461 96
3460 61
3459 18
3458 3
3457 5
3456 27
3455 95
3454 87
3453 15
3452 30
3451 54
3450 92
3449 83
3448 62
3447 74
3446 3
3445 52
3444 66
3443 91
3442 11
3441 11
3440 51
3439 26
3438 15
3437 84
3436 34
3435 53
3434 93
3433 51
3432 58
3431 67
3430 68
3429 43
3428 79
3427 73
3426 43
3425 39
3424 68
3423 76
3422 78
3421 44
3420 85
3419 17
3418 5
3417 8
3416 40
3415 33
3414 98
3413 70
3412 23
3411 27
3410 52
3409 36
3408 52
3407 41
3406 21
3405 52
3404 45
3403 51
3402 55
3401 74
3400 47
3399 45
3398 84
3397 40
3396 72
3395 11
3394 89
3393 83
3392 53
3391 86
3390 88
3389 11
3388 79
3387 19
3386 70
3385 24
3384 37
3383 12
3382 23
3381 68
3380 64
3379 35
3378 50
3377 35
3376 14
3375 35
3374 72
3373 43
3372 5
3371 78
3370 2
3369 13
3368 94
3367 7
3366 70
3365 20
3364 65
3363 79
3362 73
3361 20
3360 40
3359 9
3358 19
3357 43
3356 10
3355 91
3354 84
3353 73
3352 43
3351 92
3350 3
3349 78
3348 13
3347 42
3346 10
3345 85
3344 0
3343 69
3342 86
3341 52
3340 27
3339 58
3338 61
3337 87
3336 30
3335 86
3334 41
3333 65
3332 42
3331 59
3330 84
3329 38
3328 96
3327 63
3326 54
3325 33
3324 66
3323 63
3322 58
3321 32
3320 41
3319 20
3318 8
3317 62
3316 42
3315 78
3314 98
3313 88
3312 82
3311 60
3310 59
3309 30
3308 19
3307 26
3306 69
3305 20
3304 78
3303 72
3302 48
3301 44
3300 4
3299 21
3298 4
3297 21
3296 55
3295 17
3294 67
3293 8
3292 89
3291 44
3290 100
3289 12
3288 53
3287 50
3286 52
3285 79
3284 22
3283 66
3282 12
3281 12
3280 86
3279 90
3278 14
3277 74
3276 15
3275 16
3274 81
3273 20
3272 86
3271 57
3270 58
3269 4
3268 74
3267 20
3266 15
3265 1
3264 25
3263 87
3262 88
3261 93
3260 73
3259 6
3258 21
3257 41
3256 74
3255 56
3254 1
3253 68
3252 54
3251 49
3250 72
3249 86
3248 68
3247 96
3246 96
3245 86
3244 74
3243 75
3242 14
3241 97
3240 12
3239 68
3238 27
3237 6
3236 88
3235 45
3234 87
3233 50
3232 94
3231 91
3230 45
3229 70
3228 94
3227 69
3226 8
3225 11
3224 29
3223 38
3222 27
3221 28
3220 78
3219 5
3218 22
3217 76
3216 38
3215 34
3214 64
3213 1
3212 56
3211 96
3210 61
3209 66
3208 26
3207 89
3206 55
3205 85
3204 40
3203 97
3202 37
3201 25
3200 86
3199 8
3198 58
3197 97
3196 30
3195 74
3194 71
3193 21
3192 51
3191 100
3190 74
3189 54
3188 56
3187 30
3186 21
3185 61
3184 58
3183 24
3182 79
3181 29
3180 4
3179 20
3178 54
3177 57
3176 85
3175 98
3174 35
3173 79
3172 50
3171 70
3170 10
3169 16
3168 82
3167 10
3166 13
3165 99
3164 94
3163 32
3162 56
3161 78
3160 77
3159 37
3158 0
3157 35
3156 5
3155 73
3154 58
3153 98
3152 36
3151 30
3150 74
3149 45
3148 0
3147 47
3146 0
3145 7
3144 19
3143 40
3142 11
3141 31
3140 6
3139 76
3138 85
3137 62
3136 3
3135 19
3134 93
3133 38
3132 79
3131 39
3130 45
3129 19
3128 36
3127 57
3126 4
3125 70
3124 70
3123 45
3122 100
3121 29
3120 97
3119 86
3118 83
3117 81
3116 23
3115 14
3114 59
3113 45
3112 10
3111 42
3110 71
3109 53
3108 8
3107 27
3106 3
3105 90
3104 75
3103 0
3102 11
3101 67
3100 56
3099 13
3098 74
3097 42
3096 24
3095 83
3094 25
3093 45
3092 4
3091 9
3090 48
3089 36
3088 1
3087 67
3086 3
3085 58
3084 52
3083 28
3082 89
3081 21
3080 67
3079 88
3078 77
3077 47
3076 48
3075 32
3074 41
3073 25
3072 27
3071 31
3070 10
3069 54
3068 20
3067 41
3066 43
3065 82
3064 31
3063 33
3062 51
3061 41
3060 39
3059 12
3058 94
3057 57
3056 61
3055 32
3054 1
3053 48
3052 7
3051 21
3050 21
3049 62
3048 26
3047 15
3046 97
3045 78
3044 23
3043 58
3042 50
3041 34
3040 80
3039 94
3038 63
3037 94
3036 12
3035 83
3034 86
3033 52
3032 93
3031 96
3030 85
3029 26
3028 15
3027 96
3026 72
3025 13
3024 53
3023 80
3022 91
3021 19
3020 0
3019 94
3018 80
3017 72
3016 57
3015 70
3014 80
3013 30
3012 90
3011 23
3010 77
3009 51
3008 90
3007 75
3006 99
3005 64
3004 63
3003 13
3002 52
3001 53
3000 26
2999 23
2998 74
2997 71
2996 73
2995 84
2994 16
2993 13
2992 66
2991 79
2990 88
2989 66
2988 17
2987 94
2986 34
2985 55
2984 51
2983 37
2982 56
2981 11
2980 14
2979 73
2978 68
2977 92
2976 26
2975 100
2974 6
2973 85
2972 46
2971 94
2970 88
2969 59
2968 59
2967 5
2966 33
2965 99
2964 43
2963 89
2962 24
2961 24
2960 59
2959 33
2958 37
2957 2
2956 86
2955 2
2954 88
2953 23
2952 57
2951 17
2950 21
2949 70
2948 1
2947 73
2946 33
2945 42
2944 29
2943 28
2942 25
2941 41
2940 87
2939 78
2938 31
2937 51
2936 7
2935 93
2934 96
2933 49
2932 55
2931 81
2930 11
2929 17
2928 27
2927 43
2926 20
2925 29
2924 71
2923 23
2922 95
2921 24
2920 61
2919 28
2918 48
2917 5
2916 12
2915 95
2914 9
2913 62
2912 39
2911 94
2910 81
2909 30
2908 8
2907 76
2906 73
2905 59
2904 9
2903 60
2902 61
2901 78
2900 48
2899 20
2898 77
2897 55
2896 8
2895 16
2894 89
2893 39
2892 18
2891 22
2890 39
2889 83
2888 79
2887 21
2886 3
2885 86
2884 97
2883 47
2882 75
2881 9
2880 4
2879 67
2878 38
2877 7
2876 7
2875 31
2874 91
2873 43
2872 53
2871 23
2870 40
2869 35
2868 36
2867 17
2866 99
2865 11
2864 42
2863 14
2862 26
2861 89
2860 74
2859 30
2858 12
2857 66
2856 98
2855 1
2854 0
2853 83
2852 88
2851 68
2850 28
2849 70
2848 61
2847 97
2846 4
2845 96
2844 59
2843 45
2842 57
2841 96
2840 82
2839 98
2838 88
2837 50
2836 47
2835 84
2834 64
2833 10
2832 78
2831 49
2830 65
2829 10
2828 27
2827 60
2826 87
2825 0
2824 27
2823 48
2822 32
2821 99
2820 5
2819 60
2818 95
2817 7
2816 60
2815 74
2814 54
2813 51
2812 58
2811 51
2810 22
2809 40
2808 64
2807 10
2806 39
2805 58
2804 28
2803 84
2802 69
2801 22
2800 37
2799 77
2798 95
2797 63
2796 84
2795 94
2794 93
2793 33
2792 66
2791 80
2790 89
2789 97
2788 51
2787 57
2786 91
2785 27
2784 33
2783 12
2782 85
2781 2
2780 58
2779 8
2778 59
2777 55
2776 74
2775 46
2774 38
2773 66
2772 87
2771 76
2770 53
2769 78
2768 18
2767 58
2766 60
2765 17
2764 25
2763 45
2762 46
2761 94
2760 45
2759 52
2758 33
2757 95
2756 88
2755 31
2754 82
2753 54
2752 30
2751 76
2750 81
2749 71
2748 70
2747 0
2746 63
2745 90
2744 40
2743 24
2742 26
2741 3
2740 78
2739 54
2738 1
2737 83
2736 34
2735 58
2734 85
2733 16
2732 55
2731 63
2730 57
2729 55
2728 22
2727 100
2726 26
2725 96
2724 2
2723 100
2722 28
2721 87
2720 75
2719 63
2718 5
2717 69
2716 64
2715 98
2714 74
2713 14
2712 0
2711 7
2710 59
2709 66
2708 33
2707 74
2706 84
2705 74
2704 40
2703 64
2702 22
2701 63
2700 8
2699 8
2698 54
2697 65
2696 14
2695 76
2694 9
2693 12
2692 96
2691 38
2690 6
2689 12
2688 88
2687 69
2686 22
2685 79
2684 37
2683 85
2682 81
2681 54
2680 58
2679 29
2678 23
2677 43
2676 41
2675 88
2674 85
2673 81
2672 14
2671 3
2670 22
2669 26
2668 81
2667 69
2666 17
2665 48
2664 53
2663 9
2662 4
2661 34
2660 11
2659 58
2658 0
2657 85
2656 17
2655 5
2654 55
2653 41
2652 41
2651 20
2650 66
2649 56
2648 50
2647 38
2646 10
2645 22
2644 25
2643 60
2642 22
2641 58
2640 85
2639 46
2638 69
2637 72
2636 12
2635 20
2634 30
2633 72
2632 45
2631 48
2630 33
2629 83
2628 100
2627 28
2626 76
2625 35
2624 92
2623 68
2622 78
2621 26
2620 13
2619 68
2618 81
2617 17
2616 72
2615 52
2614 53
2613 99
2612 16
2611 21
2610 79
2609 95
2608 4
2607 9
2606 24
2605 73
2604 64
2603 53
2602 75
2601 22
2600 85
2599 63
2598 28
2597 13
2596 53
2595 90
2594 94
2593 80
2592 93
2591 51
2590 69
2589 14
2588 69
2587 11
2586 32
2585 66
2584 96
2583 89
2582 58
2581 19
2580 14
2579 11
2578 16
2577 59
2576 20
2575 8
2574 18
2573 85
2572 86
2571 50
2570 81
2569 68
2568 69
2567 67
2566 56
2565 3
2564 1
2563 85
2562 34
2561 25
2560 60
2559 21
2558 35
2557 59
2556 62
2555 54
2554 77
2553 48
2552 67
2551 89
2550 5
2549 85
2548 25
2547 85
2546 52
2545 23
2544 48
2543 83
2542 9
2541 93
2540 2
2539 58
2538 11
2537 76
2536 42
2535 63
2534 5
2533 52
2532 32
2531 45
2530 1
2529 76
2528 53
2527 34
2526 66
2525 87
2524 39
2523 67
2522 45
2521 28
2520 64
2519 67
2518 61
2517 41
2516 35
2515 11
2514 36
2513 45
2512 4
2511 97
2510 20
2509 67
2508 99
2507 52
2506 7
2505 52
2504 4
2503 43
2502 83
2501 1
2500 11
2499 91
2498 30
2497 63
2496 98
2495 7
2494 20
2493 24
2492 100
2491 82
2490 16
2489 25
2488 43
2487 62
2486 39
2485 64
2484 68
2483 74
2482 100
2481 77
2480 50
2479 19
2478 79
2477 84
2476 78
2475 80
2474 71
2473 17
2472 10
2471 73
2470 71
2469 71
2468 11
2467 26
2466 10
2465 83
2464 43
2463 43
2462 50
2461 23
2460 12
2459 42
2458 57
2457 9
2456 32
2455 55
2454 5
2453 1
2452 59
2451 53
2450 4
2449 64
2448 60
2447 11
2446 5
2445 84
2444 67
2443 12
2442 68
2441 91
2440 70
2439 6
2438 3
2437 81
2436 75
2435 11
2434 45
2433 87
2432 52
2431 66
2430 77
2429 8
2428 33
2427 22
2426 34
2425 17
2424 25
2423 37
2422 60
2421 36
2420 23
2419 19
2418 91
2417 90
2416 30
2415 85
2414 39
2413 41
2412 23
2411 72
2410 38
2409 40
2408 77
2407 79
2406 59
2405 48
2404 12
2403 64
2402 31
2401 18
2400 39
2399 79
2398 56
2397 62
2396 63
2395 10
2394 68
2393 6
2392 82
2391 60
2390 38
2389 86
2388 87
2387 3
2386 29
2385 58
2384 85
2383 46
2382 32
2381 92
2380 12
2379 87
2378 96
2377 60
2376 67
2375 64
2374 79
2373 8
2372 36
2371 72
2370 0
2369 98
2368 56
2367 9
2366 22
2365 65
2364 86
2363 27
2362 58
2361 55
2360 62
2359 32
2358 40
2357 43
2356 12
2355 79
2354 7
2353 21
2352 13
2351 41
2350 30
2349 46
2348 33
2347 10
2346 67
2345 64
2344 72
2343 11
2342 69
2341 52
2340 95
2339 29
2338 91
2337 85
2336 4
2335 65
2334 72
2333 1
2332 90
2331 5
2330 12
2329 7
2328 39
2327 20
2326 28
2325 26
2324 84
2323 90
2322 82
2321 32
2320 82
2319 47
2318 50
2317 28
2316 72
2315 89
2314 47
2313 71
2312 70
2311 51
2310 90
2309 10
2308 15
2307 94
2306 37
2305 97
2304 39
2303 42
2302 50
2301 31
2300 79
2299 5
2298 50
2297 61
2296 45
2295 15
2294 49
2293 38
2292 87
2291 54
2290 3
2289 90
2288 37
2287 40
2286 39
2285 90
2284 78
2283 55
2282 73
2281 96
2280 100
2279 33
2278 64
2277 18
2276 9
2275 60
2274 24
2273 96
2272 4
2271 56
2270 0
2269 48
2268 12
2267 94
2266 8
2265 93
2264 20
2263 27
2262 48
2261 30
2260 50
2259 47
2258 74
2257 7
2256 84
2255 2
2254 1
2253 94
2252 99
2251 82
2250 4
2249 5
2248 36
2247 81
2246 41
2245 73
2244 85
2243 55
2242 42
2241 37
2240 16
2239 19
2238 77
2237 8
2236 83
2235 57
2234 61
2233 40
2232 34
2231 69
2230 85
2229 14
2228 79
2227 62
2226 34
2225 28
2224 92
2223 42
2222 6
2221 73
2220 28
2219 60
2218 53
2217 50
2216 95
2215 6
2214 49
2213 29
2212 57
2211 19
2210 82
2209 23
2208 17
2207 0
2206 28
2205 88
2204 57
2203 7
2202 96
2201 81
2200 85
2199 88
2198 42
2197 39
2196 83
2195 84
2194 94
2193 10
2192 1
2191 53
2190 67
2189 52
2188 62
2187 59
2186 69
2185 56
2184 36
2183 74
2182 94
2181 57
2180 67
2179 6
2178 11
2177 8
2176 47
2175 12
2174 12
2173 96
2172 45
2171 66
2170 50
2169 96
2168 22
2167 37
2166 93
2165 53
2164 36
2163 71
2162 59
2161 92
2160 7
2159 52
2158 24
2157 79
2156 25
2155 87
2154 90
2153 27
2152 65
2151 94
2150 18
2149 70
2148 63
2147 8
2146 99
2145 16
2144 4
2143 100
2142 10
2141 89
2140 75
2139 98
2138 0
2137 75
2136 94
2135 34
2134 99
2133 35
2132 89
2131 86
2130 97
2129 48
2128 94
2127 61
2126 45
2125 94
2124 1
2123 71
2122 86
2121 40
2120 20
2119 24
2118 15
2117 15
2116 58
2115 87
2114 97
2113 77
2112 13
2111 27
2110 2
2109 83
2108 21
2107 89
2106 100
2105 65
2104 7
2103 100
2102 76
2101 3
2100 17
2099 62
2098 57
2097 4
2096 49
2095 92
2094 90
2093 30
2092 49
2091 30
2090 48
2089 85
2088 3
2087 15
2086 55
2085 2
2084 15
2083 8
2082 91
2081 0
2080 63
2079 81
2078 17
2077 87
2076 13
2075 48
2074 22
2073 30
2072 88
2071 30
2070 40
2069 57
2068 60
2067 29
2066 53
2065 40
2064 4
2063 9
2062 22
2061 59
2060 70
2059 31
2058 86
2057 96
2056 65
2055 16
2054 35
2053 59
2052 45
2051 19
2050 7
2049 83
2048 92
2047 45
2046 78
2045 72
2044 59
2043 20
2042 42
2041 88
2040 48
2039 74
2038 1
2037 10
2036 18
2035 70
2034 14
2033 13
2032 85
2031 48
2030 26
2029 38
2028 76
2027 13
2026 41
2025 99
2024 83
2023 97
2022 22
2021 94
2020 27
2019 79
2018 73
2017 5
2016 47
2015 78
2014 40
2013 1
2012 48
2011 81
2010 87
2009 51
2008 22
2007 63
2006 35
2005 52
2004 14
2003 31
2002 65
2001 79
2000 47
1999 52
1998 65
1997 86
1996 71
1995 27
1994 90
1993 10
1992 16
1991 34
1990 75
1989 85
1988 11
1987 44
1986 14
1985 33
1984 82
1983 24
1982 77
1981 53
1980 8
1979 75
1978 27
1977 92
1976 81
1975 43
1974 95
1973 52
1972 17
1971 3
1970 51
1969 18
1968 29
1967 70
1966 49
1965 12
1964 96
1963 2
1962 8
1961 88
1960 74
1959 9
1958 86
1957 9
1956 84
1955 43
1954 4
1953 84
1952 6
1951 90
1950 15
1949 78
1948 4
1947 51
1946 11
1945 1
1944 65
1943 4
1942 42
1941 76
1940 16
1939 54
1938 57
1937 79
1936 58
1935 25
1934 39
1933 73
1932 58
1931 37
1930 5
1929 0
1928 93
1927 35
1926 16
1925 100
1924 68
1923 66
1922 75
1921 15
1920 95
1919 27
1918 52
1917 42
1916 24
1915 32
1914 67
1913 41
1912 57
1911 36
1910 55
1909 45
1908 42
1907 33
1906 67
1905 45
1904 66
1903 61
1902 35
1901 29
1900 19
1899 80
1898 88
1897 51
1896 99
1895 33
1894 15
1893 66
1892 96
1891 7
1890 56
1889 58
1888 24
1887 40
1886 87
1885 81
1884 7
1883 73
1882 8
1881 56
1880 81
1879 86
1878 75
1877 64
1876 60
1875 63
1874 44
1873 55
1872 99
1871 89
1870 89
1869 51
1868 15
1867 97
1866 81
1865 87
1864 45
1863 5
1862 23
1861 27
1860 13
1859 66
1858 75
1857 69
1856 33
1855 7
1854 37
1853 35
1852 60
1851 32
1850 52
1849 12
1848 48
1847 38
1846 5
1845 63
1844 42
1843 60
1842 75
1841 22
1840 68
1839 56
1838 43
1837 19
1836 13
1835 41
1834 22
1833 49
1832 66
1831 19
1830 63
1829 32
1828 60
1827 29
1826 7
1825 89
1824 41
1823 54
1822 77
1821 91
1820 83
1819 96
1818 38
1817 66
1816 77
1815 2
1814 90
1813 10
1812 84
1811 85
1810 42
1809 57
1808 23
1807 83
1806 67
1805 32
1804 46
1803 63
1802 81
1801 29
1800 6
1799 19
1798 20
1797 16
1796 13
1795 5
1794 39
1793 90
1792 61
1791 82
1790 39
1789 71
1788 83
1787 44
1786 51
1785 21
1784 67
1783 56
1782 61
1781 70
1780 68
1779 57
1778 4
1777 8
1776 76
1775 43
1774 100
1773 54
1772 55
1771 25
1770 44
1769 22
1768 2
1767 30
1766 79
1765 65
1764 64
1763 20
1762 31
1761 0
1760 69
1759 69
1758 63
1757 76
1756 96
1755 10
1754 23
1753 17
1752 5
1751 15
1750 8
1749 27
1748 32
1747 54
1746 47
1745 92
1744 2
1743 19
1742 70
1741 26
1740 100
1739 32
1738 28
1737 16
1736 70
1735 41
1734 100
1733 32
1732 76
1731 85
1730 99
1729 14
1728 32
1727 70
1726 21
1725 31
1724 24
1723 6
1722 1
1721 46
1720 83
1719 46
1718 56
1717 6
1716 23
1715 18
1714 88
1713 13
1712 33
1711 76
1710 63
1709 56
1708 17
1707 90
1706 62
1705 19
1704 9
1703 19
1702 36
1701 68
1700 62
1699 99
1698 3
1697 5
1696 35
1695 57
1694 37
1693 44
1692 65
1691 15
1690 89
1689 87
1688 31
1687 31
1686 51
1685 71
1684 18
1683 47
1682 35
1681 76
1680 33
1679 24
1678 49
1677 7
1676 9
1675 51
1674 60
1673 16
1672 56
1671 72
1670 17
1669 43
1668 83
1667 94
1666 78
1665 5
1664 85
1663 17
1662 77
1661 84
1660 8
1659 82
1658 64
1657 77
1656 63
1655 67
1654 32
1653 19
1652 35
1651 20
1650 1
1649 80
1648 48
1647 18
1646 64
1645 62
1644 47
1643 22
1642 0
1641 4
1640 9
1639 63
1638 71
1637 72
1636 60
1635 72
1634 76
1633 45
1632 54
1631 25
1630 63
1629 29
1628 87
1627 67
1626 59
1625 79
1624 10
1623 58
1622 75
1621 48
1620 41
1619 13
1618 89
1617 78
1616 87
1615 41
1614 93
1613 48
1612 41
1611 56
1610 22
1609 51
1608 40
1607 32
1606 81
1605 35
1604 81
1603 25
1602 11
1601 25
1600 45
1599 14
1598 33
1597 38
1596 49
1595 75
1594 65
1593 90
1592 74
1591 45
1590 83
1589 93
1588 85
1587 48
1586 9
1585 53
1584 42
1583 79
1582 59
1581 50
1580 92
1579 38
1578 0
1577 32
1576 49
1575 79
1574 17
1573 8
1572 16
1571 10
1570 33
1569 25
1568 44
1567 86
1566 52
1565 21
1564 99
1563 65
1562 47
1561 35
1560 6
1559 31
1558 60
1557 66
1556 95
1555 96
1554 77
1553 54
1552 1
1551 63
1550 26
1549 71
1548 73
1547 97
1546 7
1545 96
1544 67
1543 91
1542 66
1541 47
1540 96
1539 75
1538 83
1537 32
1536 37
1535 8
1534 72
1533 2
1532 34
1531 80
1530 99
1529 37
1528 70
1527 90
1526 22
1525 23
1524 61
1523 13
1522 59
1521 47
1520 0
1519 64
1518 40
1517 22
1516 28
1515 37
1514 44
1513 3
1512 69
1511 79
1510 33
1509 79
1508 1
1507 42
1506 16
1505 47
1504 51
1503 67
1502 3
1501 14
1500 49
1499 54
1498 35
1497 22
1496 61
1495 57
1494 95
1493 85
1492 32
1491 75
1490 37
1489 37
1488 6
1487 83
1486 74
1485 60
1484 68
1483 95
1482 64
1481 69
1480 100
1479 39
1478 85
1477 29
1476 76
1475 37
1474 91
1473 75
1472 13
1471 68
1470 49
1469 90
1468 70
1467 8
1466 87
1465 80
1464 10
1463 4
1462 47
1461 78
1460 9
1459 28
1458 33
1457 29
1456 69
1455 29
1454 17
1453 48
1452 12
1451 54
1450 68
1449 27
1448 19
1447 39
1446 18
1445 76
1444 22
1443 14
1442 63
1441 26
1440 18
1439 13
1438 100
1437 44
1436 87
1435 54
1434 79
1433 54
1432 54
1431 89
1430 82
1429 14
1428 100
1427 46
1426 70
1425 92
1424 37
1423 71
1422 76
1421 71
1420 36
1419 83
1418 89
1417 52
1416 49
1415 23
1414 85
1413 3
1412 52
1411 55
1410 72
1409 37
1408 3
1407 46
1406 2
1405 57
1404 49
1403 53
1402 97
1401 94
1400 1
1399 14
1398 25
1397 11
1396 33
1395 73
1394 67
1393 35
1392 84
1391 56
1390 41
1389 99
1388 88
1387 31
1386 43
1385 94
1384 45
1383 69
1382 25
1381 32
1380 26
1379 1
1378 14
1377 67
1376 27
1375 66
1374 59
1373 19
1372 3
1371 51
1370 77
1369 30
1368 56
1367 46
1366 73
1365 57
1364 9
1363 71
1362 70
1361 19
1360 45
1359 51
1358 68
1357 51
1356 85
1355 79
1354 48
1353 63
1352 2
1351 77
1350 4
1349 68
1348 35
1347 30
1346 51
1345 79
1344 34
1343 65
1342 18
1341 98
1340 11
1339 71
1338 86
1337 14
1336 92
1335 35
1334 71
1333 77
1332 63
1331 86
1330 49
1329 8
1328 23
1327 82
1326 97
1325 67
1324 14
1323 50
1322 36
1321 13
1320 56
1319 66
1318 56
1317 31
1316 80
1315 85
1314 72
1313 68
1312 84
1311 17
1310 48
1309 12
1308 49
1307 42
1306 87
1305 79
1304 11
1303 20
1302 54
1301 15
1300 62
1299 77
1298 37
1297 61
1296 24
1295 89
1294 46
1293 37
1292 37
1291 77
1290 58
1289 88
1288 42
1287 72
1286 53
1285 5
1284 59
1283 95
1282 80
1281 37
1280 63
1279 21
1278 23
1277 93
1276 26
1275 58
1274 100
1273 64
1272 35
1271 80
1270 83
1269 91
1268 4
1267 47
1266 22
1265 62
1264 54
1263 57
1262 17
1261 57
1260 68
1259 24
1258 35
1257 78
1256 25
1255 61
1254 27
1253 2
1252 88
1251 45
1250 85
1249 19
1248 3
1247 83
1246 59
1245 8
1244 52
1243 40
1242 44
1241 73
1240 69
1239 97
1238 2
1237 54
1236 68
1235 26
1234 92
1233 90
1232 69
1231 17
1230 67
1229 63
1228 63
1227 70
1226 87
1225 39
1224 20
1223 29
1222 82
1221 9
1220 90
1219 1
1218 35
1217 15
1216 75
1215 62
1214 69
1213 22
1212 9
1211 87
1210 38
1209 10
1208 70
1207 75
1206 39
1205 64
1204 58
1203 22
1202 65
1201 65
1200 30
1199 99
1198 59
1197 24
1196 82
1195 12
1194 70
1193 17
1192 10
1191 30
1190 51
1189 50
1188 52
1187 88
1186 65
1185 82
1184 19
1183 95
1182 96
1181 77
1180 19
1179 73
1178 97
1177 61
1176 50
1175 54
1174 52
1173 25
1172 15
1171 61
1170 3
1169 27
1168 59
1167 80
1166 26
1165 96
1164 47
1163 95
1162 81
1161 73
1160 63
1159 20
1158 16
1157 70
1156 58
1155 11
1154 79
1153 29
1152 36
1151 71
1150 3
1149 3
1148 17
1147 96
1146 34
1145 81
1144 59
1143 23
1142 84
1141 82
1140 87
1139 60
1138 12
1137 61
1136 24
1135 27
1134 30
1133 7
1132 26
1131 96
1130 48
1129 75
1128 2
1127 59
1126 78
1125 64
1124 13
1123 22
1122 17
1121 37
1120 54
1119 60
1118 1
1117 71
1116 42
1115 70
1114 7
1113 66
1112 97
1111 100
1110 68
1109 9
1108 51
1107 59
1106 88
1105 87
1104 97
1103 65
1102 74
1101 34
1100 5
1099 100
1098 92
1097 64
1096 24
1095 31
1094 8
1093 55
1092 50
1091 37
1090 66
1089 18
1088 77
1087 22
1086 75
1085 83
1084 11
1083 6
1082 68
1081 31
1080 28
1079 67
1078 5
1077 86
1076 81
1075 17
1074 22
1073 33
1072 41
1071 0
1070 80
1069 22
1068 43
1067 5
1066 21
1065 81
1064 60
1063 60
1062 33
1061 29
1060 57
1059 72
1058 3
1057 23
1056 71
1055 74
1054 71
1053 84
1052 6
1051 75
1050 42
1049 61
1048 52
1047 48
1046 96
1045 97
1044 56
1043 28
1042 87
1041 41
1040 3
1039 7
1038 48
1037 31
1036 66
1035 74
1034 15
1033 71
1032 46
1031 9
1030 55
1029 78
1028 22
1027 10
1026 28
1025 7
1024 93
1023 94
1022 23
1021 18
1020 44
1019 38
1018 66
1017 14
1016 85
1015 32
1014 71
1013 99
1012 14
1011 78
1010 73
1009 42
1008 36
1007 7
1006 84
1005 76
1004 100
1003 50
1002 81
1001 80
1000 48
999 31
998 75
997 95
996 4
995 2
994 96
993 61
992 63
991 26
990 15
989 27
988 91
987 53
986 11
985 26
984 32
983 47
982 83
981 6
980 83
979 13
978 11
977 46
976 83
975 3
974 36
973 36
972 39
971 65
970 99
969 62
968 60
967 15
966 97
965 25
964 42
963 78
962 97
961 34
960 75
959 28
958 95
957 96
956 100
955 2
954 63
953 1
952 99
951 12
950 59
949 30
948 54
947 91
946 18
945 36
944 10
943 46
942 12
941 12
940 38
939 31
938 38
937 50
936 85
935 19
934 80
933 26
932 33
931 46
930 50
929 38
928 92
927 0
926 35
925 10
924 87
923 90
922 53
921 70
920 20
919 68
918 83
917 19
916 41
915 35
914 46
913 28
912 60
911 90
910 93
909 3
908 14
907 62
906 68
905 31
904 25
903 87
902 54
901 13
900 51
899 18
898 98
897 27
896 99
895 2
894 18
893 96
892 32
891 34
890 19
889 30
888 85
887 58
886 74
885 84
884 71
883 8
882 1
881 79
880 43
879 3
878 98
877 77
876 23
875 15
874 64
873 86
872 28
871 25
870 15
869 58
868 25
867 47
866 49
865 26
864 57
863 56
862 30
861 66
860 50
859 72
858 20
857 68
856 50
855 84
854 90
853 17
852 25
851 56
850 36
849 58
848 28
847 17
846 17
845 52
844 80
843 93
842 15
841 38
840 25
839 34
838 12
837 31
836 95
835 52
834 99
833 14
832 37
831 67
830 73
829 19
828 56
827 73
826 99
825 9
824 97
823 82
822 63
821 4
820 63
819 71
818 94
817 6
816 7
815 17
814 92
813 76
812 38
811 67
810 93
809 98
808 12
807 91
806 48
805 33
804 64
803 70
802 90
801 45
800 22
799 52
798 56
797 10
796 1
795 8
794 43
793 68
792 91
791 6
790 28
789 27
788 14
787 96
786 40
785 83
784 12
783 76
782 58
781 19
780 66
779 57
778 46
777 10
776 80
775 25
774 5
773 8
772 97
771 80
770 84
769 23
768 63
767 69
766 79
765 42
764 1
763 39
762 67
761 84
760 82
759 63
758 82
757 84
756 51
755 66
754 85
753 34
752 51
751 35
750 10
749 58
748 72
747 74
746 8
745 9
744 79
743 48
742 96
741 70
740 35
739 98
738 8
737 92
736 28
735 78
734 85
733 90
732 65
731 0
730 74
729 85
728 44
727 87
726 67
725 81
724 11
723 12
722 74
721 57
720 24
719 17
718 68
717 11
716 55
715 76
714 47
713 100
712 89
711 0
710 50
709 82
708 39
707 73
706 16
705 2
704 79
703 76
702 11
701 23
700 21
699 2
698 20
697 22
696 73
695 69
694 24
693 8
692 86
691 93
690 48
689 42
688 96
687 99
686 77
685 62
684 79
683 60
682 31
681 47
680 65
679 60
678 49
677 52
676 41
675 87
674 20
673 29
672 38
671 89
670 8
669 86
668 50
667 70
666 94
665 14
664 77
663 97
662 31
661 41
660 34
659 43
658 42
657 55
656 44
655 33
654 28
653 70
652 38
651 3
650 81
649 99
648 71
647 69
646 14
645 46
644 58
643 26
642 100
641 4
640 8
639 8
638 17
637 76
636 63
635 8
634 41
633 70
632 52
631 40
630 10
629 59
628 90
627 3
626 11
625 19
624 33
623 48
622 81
621 6
620 44
619 97
618 58
617 47
616 86
615 50
614 14
613 45
612 83
611 16
610 25
609 61
608 35
607 59
606 23
605 17
604 4
603 48
602 7
601 15
600 41
599 15
598 97
597 76
596 67
595 28
594 65
593 48
592 98
591 56
590 22
589 4
588 4
587 34
586 44
585 16
584 56
583 76
582 67
581 97
580 1
579 71
578 19
577 60
576 5
575 59
574 71
573 97
572 93
571 64
570 0
569 13
568 91
567 1
566 63
565 6
564 53
563 94
562 99
561 71
560 78
559 94
558 10
557 95
556 89
555 64
554 94
553 31
552 2
551 29
550 47
549 69
548 60
547 27
546 0
545 34
544 89
543 31
542 77
541 94
540 51
539 57
538 4
537 40
536 16
535 29
534 15
533 5
532 70
531 2
530 63
529 40
528 46
527 93
526 10
525 42
524 21
523 24
522 75
521 9
520 31
519 84
518 31
517 2
516 45
515 72
514 25
513 75
512 93
511 98
510 9
509 77
508 81
507 6
506 65
505 53
504 71
503 93
502 76
501 56
500 22
499 48
498 95
497 13
496 75
495 1
494 91
493 87
492 60
491 43
490 12
489 100
488 94
487 40
486 45
485 33
484 66
483 17
482 89
481 4
480 92
479 55
478 72
477 96
476 20
475 47
474 37
473 97
472 84
471 97
470 66
469 92
468 78
467 5
466 29
465 61
464 88
463 7
462 46
461 15
460 3
459 51
458 93
457 76
456 58
455 18
454 85
453 70
452 33
451 60
450 89
449 23
448 93
447 42
446 42
445 24
444 14
443 16
442 21
441 87
440 2
439 95
438 13
437 68
436 11
435 87
434 97
433 32
432 4
431 44
430 31
429 49
428 14
427 33
426 35
425 50
424 35
423 34
422 66
421 25
420 43
419 2
418 74
417 50
416 14
415 48
414 60
413 86
412 72
411 30
410 57
409 68
408 14
407 34
406 26
405 100
404 64
403 86
402 2
401 44
400 95
399 68
398 5
397 57
396 42
395 54
394 25
393 36
392 1
391 72
390 25
389 91
388 6
387 48
386 30
385 27
384 12
383 51
382 29
381 21
380 31
379 65
378 30
377 24
376 95
375 15
374 93
373 12
372 11
371 61
370 63
369 91
368 12
367 11
366 51
365 16
364 25
363 56
362 78
361 95
360 54
359 35
358 4
357 96
356 94
355 61
354 16
353 21
352 33
351 57
350 35
349 70
348 10
347 96
346 83
345 88
344 66
343 66
342 6
341 72
340 84
339 65
338 87
337 10
336 27
335 17
334 26
333 35
332 61
331 71
330 31
329 75
328 59
327 97
326 94
325 23
324 1
323 39
322 68
321 63
320 61
319 10
318 15
317 60
316 78
315 6
314 65
313 65
312 26
311 96
310 97
309 78
308 16
307 84
306 48
305 39
304 90
303 40
302 39
301 21
300 18
299 26
298 44
297 26
296 31
295 94
294 92
293 29
292 11
291 41
290 18
289 40
288 90
287 34
286 6
285 53
284 24
283 28
282 21
281 74
280 87
279 94
278 7
277 41
276 23
275 57
274 38
273 29
272 29
271 33
270 78
269 9
268 91
267 70
266 43
265 42
264 44
263 90
262 18
261 96
260 56
259 0
258 23
257 30
256 17
255 74
254 51
253 90
252 66
251 83
250 19
249 22
248 35
247 46
246 46
245 36
244 11
243 6
242 38
241 77
240 54
239 72
238 68
237 75
236 25
235 100
234 20
233 81
232 33
231 74
230 88
229 13
228 15
227 59
226 71
225 95
224 74
223 77
222 73
221 24
220 81
219 14
218 49
217 60
216 89
215 93
214 65
213 20
212 0
211 81
210 41
209 50
208 51
207 52
206 20
205 36
204 46
203 64
202 74
201 43
200 65
199 38
198 90
197 68
196 23
195 53
194 87
193 38
192 94
191 33
190 81
189 31
188 10
187 96
186 97
185 84
184 31
183 37
182 25
181 74
180 59
179 0
178 65
177 37
176 86
175 38
174 32
173 7
172 37
171 34
170 95
169 28
168 0
167 56
166 71
165 26
164 0
163 20
162 2
161 28
160 100
159 27
158 84
157 96
156 89
155 32
154 84
153 41
152 75
151 99
150 65
149 65
148 86
147 98
146 7
145 47
144 33
143 44
142 90
141 45
140 48
139 93
138 7
137 88
136 91
135 59
134 57
133 17
132 0
131 24
130 42
129 56
128 23
127 11
126 51
125 10
124 5
123 62
122 27
121 24
120 74
119 82
118 66
117 73
116 62
115 51
114 27
113 73
112 17
111 100
110 83
109 74
108 81
107 19
106 22
105 47
104 28
103 2
102 74
101 89
100 14
99 2
98 80
97 13
96 5
95 25
94 96
93 96
92 5
91 17
90 17
89 90
88 61
87 22
86 2
85 44
84 58
83 10
82 3
81 68
80 42
79 84
78 81
77 37
76 50
75 24
74 26
73 66
72 75
71 51
70 12
69 19
68 88
67 94
66 79
65 54
64 7
63 44
62 5
61 17
60 43
59 99
58 51
57 45
56 4
55 48
54 32
53 57
52 68
51 55
50 55
49 56
48 61
47 11
46 44
45 39
44 13
43 50
42 69
41 98
40 70
39 83
38 89
37 73
36 97
35 27
34 2
33 59
32 17
31 25
30 83
29 65
28 47
27 99
26 33
25 87
24 87
23 21
22 8
21 58
20 9
19 10
18 100
17 26
16 42
15 48
14 41
13 33
12 13
11 51
10 50
9 50
8 14
7 22
6 80
5 81
4 36
3 25
2 37
1 67
0 19
