10000 37
9999 42
9998 18
9997 13
9996 5
9995 56
9994 99
9993 38
9992 6
9991 96
9990 31
9989 15
9988 4
9987 71
9986 66
9985 23
9984 80
9983 40
9982 93
9981 28
9980 10
9979 26
9978 62
9977 94
9976 84
9975 38
9974 100
9973 8
9972 4
9971 78
9970 99
9969 53
9968 27
9967 75
9966 39
9965 95
9964 28
9963 54
9962 99
9961 72
9960 47
9959 53
9958 92
9957 34
9956 46
9955 78
9954 34
9953 44
9952 65
9951 71
9950 30
9949 51
9948 75
9947 19
9946 26
9945 64
9944 12
9943 10
9942 23
9941 85
9940 32
9939 98
9938 90
9937 40
9936 38
9935 14
9934 74
9933 12
9932 40
9931 39
9930 90
9929 20
9928 62
9927 76
9926 73
9925 30
9924 24
9923 4
9922 27
9921 17
9920 58
9919 53
9918 59
9917 91
9916 4
9915 47
9914 84
9913 50
9912 22
9911 76
9910 65
9909 98
9908 89
9907 64
9906 15
9905 20
9904 9
9903 21
9902 22
9901 22
9900 0
9899 45
9898 77
9897 6
9896 29
9895 9
9894 25
9893 89
9892 75
9891 81
9890 52
9889 38
9888 46
9887 25
9886 59
9885 40
9884 97
9883 85
9882 81
9881 1
9880 81
9879 35
9878 52
9877 98
9876 88
9875 21
9874 84
9873 54
9872 35
9871 97
9870 4
9869 72
9868 72
9867 63
9866 54
9865 0
9864 5
9863 72
9862 34
9861 2
9860 94
9859 41
9858 47
9857 24
9856 29
9855 94
9854 1
9853 70
9852 24
9851 68
9850 36
9849 27
9848 91
9847 27
9846 46
9845 23
9844 10
9843 98
9842 73
9841 64
9840 43
9839 75
9838 55
9837 65
9836 82
9835 95
9834 75
9833 96
9832 65
9831 64
9830 99
9829 3
9828 79
9827 7
9826 6
9825 71
9824 31
9823 7
9822 7
9821 85
9820 12
9819 10
9818 71
9817 99
9816 86
9815 43
9814 32
9813 64
9812 44
9811 87
9810 3
9809 58
9808 48
9807 29
9806 24
9805 4
9804 54
9803 17
9802 21
9801 24
9800 10
9799 3
9798 11
9797 35
9796 94
9795 7
9794 87
9793 49
9792 36
9791 60
9790 33
9789 1
9788 87
9787 18
9786 79
9785 21
9784 82
9783 1
9782 50
9781 0
9780 29
9779 72
9778 96
9777 41
9776 88
9775 10
9774 64
9773 10
9772 2
9771 16
9770 18
9769 23
9768 31
9767 48
9766 52
9765 2
9764 70
9763 29
9762 51
9761 41
9760 38
9759 61
9758 36
9757 82
9756 9
9755 99
9754 40
9753 72
9752 9
9751 53
9750 46
9749 95
9748 21
9747 30
9746 49
9745 88
9744 62
9743 8
9742 79
9741 16
9740 34
9739 30
9738 3
9737 74
9736 30
9735 1
9734 81
9733 19
9732 7
9731 8
9730 3
9729 45
9728 88
9727 78
9726 61
9725 81
9724 82
9723 41
9722 44
9721 79
9720 23
9719 81
9718 0
9717 61
9716 42
9715 46
9714 44
9713 24
9712 62
9711 36
9710 37
9709 83
9708 81
9707 31
9706 99
9705 43
9704 25
9703 42
9702 73
9701 10
9700 61
9699 21
9698 31
9697 22
9696 81
9695 66
9694 14
9693 87
9692 90
9691 53
9690 86
9689 23
9688 36
9687 59
9686 79
9685 17
9684 86
9683 31
9682 64
9681 57
9680 71
9679 74
9678 13
9677 10
9676 67
9675 46
9674 92
9673 81
9672 99
9671 42
9670 36
9669 4
9668 36
9667 76
9666 59
9665 44
9664 75
9663 84
9662 92
9661 9
9660 72
9659 36
9658 37
9657 22
9656 30
9655 48
9654 53
9653 31
9652 18
9651 95
9650 35
9649 83
9648 44
9647 40
9646 14
9645 41
9644 83
9643 51
9642 4
9641 46
9640 9
9639 1
9638 50
9637 85
9636 45
9635 72
9634 51
9633 85
9632 25
9631 19
9630 17
9629 57
9628 12
9627 87
9626 67
9625 31
9624 86
9623 82
9622 81
9621 24
9620 92
9619 52
9618 30
9617 76
9616 33
9615 16
9614 44
9613 3
9612 19
9611 68
9610 42
9609 21
9608 21
9607 6
9606 62
9605 31
9604 91
9603 34
9602 27
9601 46
9600 2
9599 2
9598 77
9597 69
9596 26
9595 65
9594 26
9593 95
9592 91
9591 47
9590 97
9589 20
9588 55
9587 10
9586 50
9585 88
9584 95
9583 99
9582 23
9581 30
9580 43
9579 8
9578 94
9577 92
9576 41
9575 10
9574 83
9573 82
9572 15
9571 75
9570 89
9569 88
9568 3
9567 37
9566 68
9565 58
9564 74
9563 90
9562 84
9561 56
9560 38
9559 99
9558 50
9557 17
9556 14
9555 1
9554 100
9553 40
9552 66
9551 11
9550 4
9549 21
9548 35
9547 16
9546 85
9545 42
9544 21
9543 30
9542 21
9541 92
9540 87
9539 99
9538 59
9537 2
9536 13
9535 42
9534 66
9533 88
9532 66
9531 75
9530 97
9529 2
9528 64
9527 29
9526 93
9525 23
9524 90
9523 22
9522 45
9521 39
9520 2
9519 38
9518 15
9517 26
9516 68
9515 19
9514 79
9513 26
9512 42
9511 66
9510 59
9509 74
9508 66
9507 64
9506 72
9505 86
9504 17
9503 86
9502 48
9501 86
9500 100
9499 50
9498 66
9497 45
9496 47
9495 11
9494 80
9493 39
9492 14
9491 90
9490 3
9489 33
9488 10
9487 49
9486 98
9485 28
9484 51
9483 54
9482 95
9481 77
9480 9
9479 78
9478 37
9477 40
9476 95
9475 63
9474 3
9473 89
9472 76
9471 89
9470 64
9469 26
9468 12
9467 23
9466 89
9465 72
9464 11
9463 25
9462 90
9461 49
9460 74
9459 60
9458 5
9457 55
9456 34
9455 22
9454 97
9453 78
9452 41
9451 63
9450 79
9449 63
9448 43
9447 78
9446 8
9445 59
9444 20
9443 54
9442 15
9441 32
9440 37
9439 98
9438 64
9437 20
9436 41
9435 2
9434 65
9433 24
9432 89
9431 20
9430 57
9429 70
9428 85
9427 11
9426 62
9425 3
9424 19
9423 82
9422 32
9421 35
9420 85
9419 65
9418 52
9417 88
9416 56
9415 11
9414 37
9413 5
9412 12
9411 9
9410 19
9409 68
9408 24
9407 52
9406 8
9405 30
9404 59
9403 85
9402 0
9401 49
9400 87
9399 78
9398 79
9397 78
9396 5
9395 85
9394 72
9393 84
9392 90
9391 3
9390 39
9389 64
9388 10
9387 28
9386 54
9385 21
9384 65
9383 31
9382 64
9381 36
9380 85
9379 55
9378 77
9377 40
9376 20
9375 54
9374 1
9373 4
9372 89
9371 73
9370 99
9369 15
9368 55
9367 86
9366 90
9365 10
9364 64
9363 16
9362 21
9361 10
9360 99
9359 2
9358 88
9357 22
9356 66
9355 58
9354 92
9353 28
9352 43
9351 81
9350 86
9349 87
9348 100
9347 83
9346 20
9345 85
9344 96
9343 7
9342 72
9341 65
9340 94
9339 92
9338 80
9337 2
9336 80
9335 65
9334 59
9333 5
9332 46
9331 34
9330 81
9329 11
9328 66
9327 24
9326 57
9325 18
9324 45
9323 79
9322 12
9321 15
9320 52
9319 79
9318 69
9317 94
9316 27
9315 34
9314 80
9313 70
9312 31
9311 17
9310 10
9309 77
9308 42
9307 70
9306 57
9305 14
9304 48
9303 41
9302 95
9301 23
9300 69
9299 76
9298 5
9297 22
9296 14
9295 12
9294 1
9293 89
9292 2
9291 0
9290 20
9289 40
9288 43
9287 42
9286 75
9285 77
9284 1
9283 15
9282 98
9281 9
9280 54
9279 98
9278 24
9277 82
9276 19
9275 21
9274 74
9273 4
9272 51
9271 16
9270 40
9269 52
9268 9
9267 43
9266 72
9265 88
9264 37
9263 16
9262 45
9261 41
9260 75
9259 46
9258 57
9257 47
9256 35
9255 82
9254 18
9253 68
9252 82
9251 45
9250 84
9249 73
9248 39
9247 66
9246 43
9245 68
9244 44
9243 83
9242 64
9241 92
9240 33
9239 9
9238 4
9237 68
9236 91
9235 37
9234 99
9233 11
9232 53
9231 79
9230 80
9229 60
9228 35
9227 66
9226 46
9225 30
9224 99
9223 65
9222 8
9221 47
9220 0
9219 15
9218 84
9217 47
9216 10
9215 20
9214 15
9213 10
9212 1
9211 93
9210 72
9209 56
9208 68
9207 50
9206 96
9205 25
9204 60
9203 32
9202 47
9201 17
9200 30
9199 23
9198 3
9197 67
9196 88
9195 79
9194 40
9193 51
9192 82
9191 51
9190 86
9189 17
9188 13
9187 40
9186 60
9185 91
9184 54
9183 37
9182 53
9181 50
9180 42
9179 58
9178 31
9177 53
9176 75
9175 38
9174 39
9173 59
9172 44
9171 3
9170 58
9169 32
9168 5
9167 90
9166 76
9165 21
9164 84
9163 24
9162 41
9161 50
9160 81
9159 66
9158 43
9157 19
9156 85
9155 15
9154 59
9153 68
9152 61
9151 10
9150 27
9149 69
9148 3
9147 66
9146 72
9145 13
9144 88
9143 5
9142 13
9141 37
9140 47
9139 50
9138 60
9137 37
9136 22
9135 10
9134 17
9133 65
9132 93
9131 54
9130 3
9129 92
9128 8
9127 42
9126 11
9125 26
9124 98
9123 79
9122 11
9121 53
9120 46
9119 49
9118 55
9117 47
9116 28
9115 7
9114 75
9113 24
9112 8
9111 24
9110 31
9109 21
9108 80
9107 9
9106 11
9105 39
9104 15
9103 60
9102 46
9101 80
9100 53
9099 36
9098 97
9097 91
9096 15
9095 35
9094 89
9093 34
9092 91
9091 72
9090 95
9089 69
9088 28
9087 17
9086 35
9085 40
9084 42
9083 87
9082 37
9081 65
9080 70
9079 66
9078 68
9077 22
9076 63
9075 73
9074 90
9073 21
9072 100
9071 77
9070 71
9069 22
9068 38
9067 46
9066 73
9065 36
9064 78
9063 75
9062 45
9061 36
9060 5
9059 65
9058 93
9057 65
9056 26
9055 100
9054 36
9053 41
9052 54
9051 76
9050 12
9049 59
9048 94
9047 67
9046 9
9045 94
9044 47
9043 49
9042 43
9041 77
9040 47
9039 68
9038 45
9037 41
9036 24
9035 90
9034 64
9033 43
9032 30
9031 19
9030 30
9029 1
9028 18
9027 29
9026 83
9025 12
9024 47
9023 37
9022 74
9021 34
9020 49
9019 14
9018 19
9017 40
9016 15
9015 8
9014 13
9013 44
9012 53
9011 36
9010 51
9009 80
9008 2
9007 80
9006 82
9005 62
9004 16
9003 46
9002 17
9001 63
9000 68
8999 82
8998 56
8997 61
8996 40
8995 65
8994 22
8993 80
8992 19
8991 95
8990 0
8989 61
8988 54
8987 63
8986 35
8985 10
8984 71
8983 12
8982 14
8981 68
8980 64
8979 1
8978 18
8977 14
8976 48
8975 48
8974 100
8973 25
8972 52
8971 55
8970 91
8969 48
8968 29
8967 62
8966 50
8965 94
8964 53
8963 76
8962 24
8961 8
8960 22
8959 99
8958 23
8957 12
8956 41
8955 66
8954 26
8953 5
8952 62
8951 75
8950 48
8949 20
8948 21
8947 48
8946 50
8945 8
8944 7
8943 25
8942 90
8941 71
8940 68
8939 18
8938 96
8937 50
8936 16
8935 10
8934 56
8933 0
8932 30
8931 98
8930 45
8929 3
8928 94
8927 34
8926 31
8925 2
8924 79
8923 36
8922 55
8921 89
8920 100
8919 22
8918 94
8917 79
8916 58
8915 43
8914 50
8913 23
8912 2
8911 76
8910 17
8909 59
8908 69
8907 61
8906 85
8905 1
8904 22
8903 73
8902 30
8901 7
8900 4
8899 18
8898 11
8897 44
8896 32
8895 52
8894 86
8893 0
8892 27
8891 73
8890 61
8889 86
8888 38
8887 38
8886 21
8885 15
8884 66
8883 37
8882 74
8881 75
8880 51
8879 51
8878 10
8877 8
8876 2
8875 8
8874 66
8873 38
8872 67
8871 22
8870 89
8869 79
8868 84
8867 71
8866 100
8865 58
8864 47
8863 27
8862 84
8861 7
8860 37
8859 78
8858 54
8857 11
8856 56
8855 38
8854 67
8853 55
8852 16
8851 53
8850 2
8849 90
8848 7
8847 75
8846 83
8845 8
8844 27
8843 1
8842 26
8841 24
8840 13
8839 85
8838 22
8837 73
8836 41
8835 23
8834 63
8833 5
8832 67
8831 5
8830 89
8829 63
8828 0
8827 73
8826 11
8825 45
8824 44
8823 25
8822 43
8821 84
8820 99
8819 51
8818 70
8817 84
8816 25
8815 62
8814 45
8813 15
8812 57
8811 77
8810 80
8809 65
8808 9
8807 44
8806 13
8805 69
8804 34
8803 49
8802 30
8801 98
8800 94
8799 92
8798 32
8797 63
8796 37
8795 42
8794 22
8793 18
8792 96
8791 25
8790 9
8789 98
8788 86
8787 45
8786 81
8785 79
8784 13
8783 55
8782 80
8781 53
8780 65
8779 100
8778 55
8777 83
8776 88
8775 5
8774 4
8773 70
8772 81
8771 78
8770 93
8769 93
8768 88
8767 27
8766 81
8765 1
8764 94
8763 79
8762 35
8761 62
8760 54
8759 97
8758 14
8757 80
8756 56
8755 84
8754 13
8753 78
8752 93
8751 96
8750 78
8749 0
8748 66
8747 55
8746 44
8745 47
8744 30
8743 15
8742 99
8741 13
8740 43
8739 44
8738 99
8737 87
8736 28
8735 50
8734 46
8733 31
8732 86
8731 87
8730 87
8729 34
8728 35
8727 24
8726 96
8725 79
8724 32
8723 57
8722 48
8721 99
8720 79
8719 5
8718 68
8717 39
8716 21
8715 28
8714 97
8713 7
8712 10
8711 58
8710 99
8709 83
8708 71
8707 40
8706 62
8705 94
8704 74
8703 0
8702 51
8701 43
8700 18
8699 94
8698 0
8697 59
8696 78
8695 56
8694 51
8693 16
8692 80
8691 97
8690 39
8689 54
8688 93
8687 44
8686 6
8685 74
8684 27
8683 69
8682 64
8681 98
8680 75
8679 24
8678 27
8677 37
8676 35
8675 0
8674 18
8673 72
8672 62
8671 85
8670 51
8669 100
8668 79
8667 82
8666 67
8665 64
8664 61
8663 85
8662 36
8661 0
8660 94
8659 34
8658 97
8657 75
8656 66
8655 41
8654 27
8653 68
8652 21
8651 23
8650 95
8649 65
8648 32
8647 80
8646 79
8645 3
8644 2
8643 59
8642 60
8641 85
8640 6
8639 42
8638 3
8637 88
8636 7
8635 58
8634 22
8633 54
8632 19
8631 12
8630 30
8629 58
8628 39
8627 25
8626 93
8625 15
8624 76
8623 33
8622 89
8621 47
8620 68
8619 9
8618 86
8617 89
8616 86
8615 7
8614 47
8613 52
8612 39
8611 69
8610 15
8609 72
8608 75
8607 47
8606 25
8605 57
8604 16
8603 19
8602 17
8601 45
8600 28
8599 24
8598 100
8597 48
8596 19
8595 61
8594 85
8593 71
8592 44
8591 16
8590 82
8589 96
8588 43
8587 91
8586 66
8585 27
8584 39
8583 52
8582 34
8581 1
8580 37
8579 2
8578 45
8577 84
8576 27
8575 7
8574 33
8573 48
8572 6
8571 84
8570 82
8569 80
8568 18
8567 73
8566 95
8565 63
8564 25
8563 82
8562 75
8561 74
8560 93
8559 64
8558 90
8557 48
8556 87
8555 1
8554 61
8553 56
8552 74
8551 69
8550 84
8549 12
8548 12
8547 72
8546 46
8545 33
8544 31
8543 30
8542 10
8541 99
8540 76
8539 81
8538 72
8537 92
8536 88
8535 83
8534 5
8533 33
8532 79
8531 2
8530 60
8529 79
8528 65
8527 95
8526 24
8525 45
8524 53
8523 100
8522 5
8521 62
8520 38
8519 13
8518 1
8517 6
8516 67
8515 29
8514 40
8513 35
8512 7
8511 92
8510 82
8509 49
8508 58
8507 16
8506 86
8505 21
8504 22
8503 54
8502 56
8501 27
8500 30
8499 85
8498 46
8497 11
8496 42
8495 74
8494 10
8493 74
8492 35
8491 99
8490 71
8489 10
8488 77
8487 25
8486 8
8485 6
8484 72
8483 96
8482 5
8481 74
8480 52
8479 96
8478 53
8477 85
8476 10
8475 57
8474 33
8473 58
8472 36
8471 97
8470 94
8469 23
8468 13
8467 84
8466 72
8465 84
8464 88
8463 68
8462 66
8461 85
8460 88
8459 5
8458 90
8457 81
8456 29
8455 0
8454 38
8453 35
8452 66
8451 65
8450 89
8449 14
8448 23
8447 51
8446 93
8445 82
8444 14
8443 55
8442 100
8441 13
8440 87
8439 22
8438 79
8437 40
8436 88
8435 73
8434 58
8433 36
8432 50
8431 59
8430 85
8429 55
8428 50
8427 30
8426 6
8425 23
8424 79
8423 45
8422 71
8421 35
8420 25
8419 5
8418 64
8417 85
8416 74
8415 92
8414 5
8413 92
8412 41
8411 99
8410 99
8409 70
8408 87
8407 38
8406 32
8405 39
8404 97
8403 45
8402 16
8401 11
8400 67
8399 14
8398 1
8397 59
8396 6
8395 65
8394 8
8393 47
8392 67
8391 87
8390 41
8389 54
8388 28
8387 60
8386 3
8385 28
8384 5
8383 55
8382 56
8381 20
8380 41
8379 96
8378 54
8377 27
8376 20
8375 63
8374 30
8373 84
8372 100
8371 87
8370 35
8369 61
8368 61
8367 23
8366 62
8365 55
8364 46
8363 45
8362 43
8361 25
8360 21
8359 76
8358 53
8357 76
8356 88
8355 23
8354 26
8353 26
8352 78
8351 2
8350 47
8349 24
8348 33
8347 23
8346 71
8345 9
8344 77
8343 77
8342 7
8341 6
8340 36
8339 75
8338 34
8337 40
8336 99
8335 74
8334 45
8333 46
8332 24
8331 71
8330 14
8329 41
8328 90
8327 68
8326 71
8325 19
8324 3
8323 15
8322 67
8321 34
8320 3
8319 62
8318 79
8317 60
8316 77
8315 70
8314 67
8313 20
8312 73
8311 98
8310 53
8309 35
8308 66
8307 67
8306 90
8305 44
8304 37
8303 48
8302 49
8301 90
8300 63
8299 48
8298 36
8297 5
8296 41
8295 35
8294 78
8293 52
8292 65
8291 91
8290 81
8289 11
8288 30
8287 15
8286 34
8285 84
8284 45
8283 13
8282 29
8281 52
8280 53
8279 23
8278 9
8277 59
8276 13
8275 81
8274 68
8273 30
8272 86
8271 46
8270 80
8269 11
8268 45
8267 52
8266 32
8265 56
8264 27
8263 18
8262 14
8261 67
8260 54
8259 19
8258 36
8257 29
8256 12
8255 78
8254 78
8253 80
8252 53
8251 33
8250 62
8249 75
8248 36
8247 1
8246 30
8245 80
8244 90
8243 47
8242 91
8241 15
8240 68
8239 59
8238 81
8237 40
8236 15
8235 88
8234 49
8233 95
8232 60
8231 87
8230 85
8229 12
8228 19
8227 63
8226 47
8225 17
8224 95
8223 82
8222 75
8221 61
8220 52
8219 42
8218 94
8217 11
8216 24
8215 20
8214 44
8213 12
8212 43
8211 6
8210 79
8209 89
8208 6
8207 51
8206 45
8205 12
8204 14
8203 94
8202 63
8201 7
8200 48
8199 62
8198 36
8197 88
8196 71
8195 98
8194 93
8193 15
8192 60
8191 21
8190 32
8189 71
8188 39
8187 95
8186 10
8185 30
8184 40
8183 11
8182 7
8181 3
8180 59
8179 10
8178 61
8177 0
8176 80
8175 78
8174 39
8173 60
8172 84
8171 12
8170 63
8169 15
8168 2
8167 82
8166 86
8165 13
8164 6
8163 91
8162 6
8161 24
8160 88
8159 6
8158 91
8157 23
8156 7
8155 18
8154 79
8153 90
8152 37
8151 65
8150 34
8149 56
8148 58
8147 14
8146 89
8145 44
8144 26
8143 16
8142 0
8141 1
8140 0
8139 14
8138 14
8137 80
8136 83
8135 73
8134 80
8133 43
8132 79
8131 94
8130 24
8129 4
8128 43
8127 70
8126 100
8125 11
8124 42
8123 17
8122 32
8121 100
8120 39
8119 54
8118 40
8117 51
8116 3
8115 28
8114 26
8113 100
8112 33
8111 38
8110 13
8109 62
8108 84
8107 42
8106 53
8105 78
8104 13
8103 52
8102 60
8101 87
8100 84
8099 94
8098 30
8097 71
8096 40
8095 25
8094 80
8093 89
8092 90
8091 29
8090 74
8089 35
8088 75
8087 11
8086 10
8085 1
8084 83
8083 27
8082 7
8081 1
8080 18
8079 18
8078 63
8077 48
8076 66
8075 10
8074 80
8073 56
8072 53
8071 3
8070 76
8069 28
8068 10
8067 72
8066 99
8065 3
8064 37
8063 0
8062 78
8061 11
8060 39
8059 61
8058 17
8057 26
8056 58
8055 74
8054 68
8053 4
8052 88
8051 63
8050 33
8049 22
8048 17
8047 58
8046 1
8045 85
8044 40
8043 36
8042 20
8041 52
8040 88
8039 97
8038 29
8037 2
8036 66
8035 97
8034 31
8033 81
8032 75
8031 72
8030 60
8029 31
8028 44
8027 6
8026 10
8025 15
8024 16
8023 86
8022 2
8021 59
8020 7
8019 23
8018 33
8017 29
8016 92
8015 14
8014 89
8013 56
8012 63
8011 47
8010 55
8009 42
8008 50
8007 32
8006 97
8005 26
8004 21
8003 82
8002 93
8001 67
8000 15
7999 55
7998 73
7997 7
7996 25
7995 77
7994 16
7993 13
7992 35
7991 6
7990 9
7989 20
7988 90
7987 30
7986 80
7985 57
7984 98
7983 36
7982 81
7981 95
7980 3
7979 21
7978 47
7977 79
7976 31
7975 33
7974 59
7973 55
7972 58
7971 17
7970 73
7969 30
7968 81
7967 77
7966 45
7965 6
7964 12
7963 48
7962 97
7961 89
7960 88
7959 32
7958 76
7957 75
7956 10
7955 92
7954 25
7953 28
7952 91
7951 7
7950 24
7949 41
7948 21
7947 48
7946 5
7945 53
7944 42
7943 38
7942 71
7941 95
7940 13
7939 72
7938 48
7937 68
7936 69
7935 33
7934 83
7933 53
7932 63
7931 55
7930 43
7929 28
7928 9
7927 29
7926 20
7925 30
7924 42
7923 48
7922 50
7921 86
7920 53
7919 73
7918 1
7917 62
7916 12
7915 75
7914 12
7913 88
7912 47
7911 63
7910 61
7909 5
7908 85
7907 53
7906 38
7905 63
7904 72
7903 89
7902 78
7901 35
7900 93
7899 33
7898 4
7897 61
7896 65
7895 14
7894 40
7893 20
7892 9
7891 49
7890 17
7889 9
7888 15
7887 94
7886 44
7885 95
7884 28
7883 11
7882 57
7881 49
7880 73
7879 71
7878 60
7877 34
7876 72
7875 81
7874 88
7873 62
7872 87
7871 73
7870 8
7869 32
7868 80
7867 41
7866 44
7865 53
7864 82
7863 83
7862 44
7861 25
7860 97
7859 83
7858 96
7857 2
7856 78
7855 20
7854 35
7853 21
7852 57
7851 64
7850 97
7849 97
7848 83
7847 39
7846 74
7845 90
7844 9
7843 53
7842 54
7841 39
7840 16
7839 12
7838 18
7837 18
7836 16
7835 66
7834 12
7833 37
7832 16
7831 75
7830 3
7829 10
7828 77
7827 10
7826 17
7825 40
7824 62
7823 38
7822 79
7821 8
7820 37
7819 44
7818 89
7817 74
7816 14
7815 72
7814 59
7813 60
7812 67
7811 94
7810 82
7809 14
7808 51
7807 58
7806 57
7805 34
7804 100
7803 4
7802 91
7801 37
7800 24
7799 32
7798 11
7797 6
7796 8
7795 49
7794 84
7793 81
7792 76
7791 51
7790 87
7789 96
7788 90
7787 52
7786 18
7785 44
7784 94
7783 47
7782 45
7781 40
7780 82
7779 84
7778 46
7777 29
7776 8
7775 85
7774 62
7773 67
7772 28
7771 36
7770 13
7769 69
7768 20
7767 23
7766 96
7765 49
7764 69
7763 89
7762 63
7761 41
7760 65
7759 46
7758 5
7757 28
7756 58
7755 28
7754 69
7753 5
7752 21
7751 64
7750 54
7749 91
7748 46
7747 15
7746 19
7745 45
7744 30
7743 19
7742 37
7741 52
7740 58
7739 64
7738 63
7737 66
7736 17
7735 51
7734 9
7733 21
7732 58
7731 2
7730 33
7729 71
7728 69
7727 59
7726 59
7725 3
7724 76
7723 53
7722 84
7721 7
7720 6
7719 95
7718 70
7717 79
7716 72
7715 91
7714 11
7713 24
7712 16
7711 36
7710 77
7709 67
7708 12
7707 47
7706 10
7705 15
7704 85
7703 12
7702 42
7701 60
7700 19
7699 15
7698 68
7697 49
7696 23
7695 55
7694 62
7693 57
7692 48
7691 7
7690 100
7689 14
7688 30
7687 50
7686 38
7685 60
7684 45
7683 85
7682 92
7681 71
7680 2
7679 24
7678 12
7677 2
7676 53
7675 42
7674 57
7673 57
7672 83
7671 22
7670 38
7669 93
7668 16
7667 96
7666 44
7665 22
7664 43
7663 11
7662 82
7661 67
7660 53
7659 18
7658 9
7657 47
7656 2
7655 71
7654 51
7653 24
7652 6
7651 45
7650 55
7649 99
7648 4
7647 8
7646 73
7645 29
7644 86
7643 96
7642 34
7641 11
7640 22
7639 38
7638 69
7637 80
7636 96
7635 20
7634 3
7633 63
7632 51
7631 15
7630 46
7629 61
7628 26
7627 68
7626 69
7625 97
7624 31
7623 26
7622 20
7621 28
7620 71
7619 57
7618 75
7617 36
7616 95
7615 91
7614 75
7613 76
7612 43
7611 78
7610 21
7609 88
7608 32
7607 73
7606 19
7605 44
7604 47
7603 16
7602 13
7601 97
7600 46
7599 63
7598 93
7597 74
7596 30
7595 11
7594 55
7593 13
7592 66
7591 51
7590 52
7589 62
7588 43
7587 52
7586 52
7585 11
7584 59
7583 0
7582 21
7581 99
7580 12
7579 10
7578 96
7577 12
7576 50
7575 39
7574 57
7573 46
7572 73
7571 9
7570 27
7569 56
7568 92
7567 38
7566 89
7565 86
7564 44
7563 7
7562 8
7561 77
7560 18
7559 94
7558 25
7557 82
7556 93
7555 72
7554 69
7553 35
7552 47
7551 66
7550 22
7549 6
7548 40
7547 26
7546 77
7545 4
7544 87
7543 62
7542 43
7541 44
7540 27
7539 25
7538 89
7537 2
7536 76
7535 98
7534 47
7533 64
7532 100
7531 7
7530 26
7529 4
7528 83
7527 84
7526 81
7525 38
7524 61
7523 52
7522 61
7521 57
7520 1
7519 37
7518 40
7517 94
7516 44
7515 22
7514 53
7513 73
7512 16
7511 9
7510 70
7509 68
7508 66
7507 56
7506 72
7505 7
7504 88
7503 63
7502 66
7501 85
7500 45
7499 69
7498 3
7497 2
7496 7
7495 88
7494 83
7493 19
7492 72
7491 85
7490 27
7489 30
7488 81
7487 20
7486 79
7485 76
7484 35
7483 88
7482 76
7481 63
7480 74
7479 99
7478 97
7477 11
7476 28
7475 84
7474 29
7473 64
7472 68
7471 90
7470 57
7469 74
7468 48
7467 56
7466 97
7465 58
7464 67
7463 29
7462 54
7461 19
7460 25
7459 11
7458 1
7457 42
7456 29
7455 1
7454 66
7453 96
7452 85
7451 84
7450 41
7449 84
7448 12
7447 81
7446 21
7445 32
7444 63
7443 96
7442 100
7441 63
7440 8
7439 45
7438 51
7437 49
7436 60
7435 95
7434 27
7433 51
7432 9
7431 43
7430 49
7429 5
7428 77
7427 51
7426 47
7425 90
7424 41
7423 77
7422 19
7421 96
7420 69
7419 63
7418 34
7417 27
7416 29
7415 78
7414 16
7413 13
7412 22
7411 3
7410 5
7409 3
7408 63
7407 58
7406 43
7405 45
7404 24
7403 26
7402 88
7401 59
7400 47
7399 73
7398 33
7397 61
7396 86
7395 3
7394 93
7393 19
7392 39
7391 16
7390 24
7389 35
7388 15
7387 51
7386 94
7385 29
7384 55
7383 22
7382 52
7381 59
7380 36
7379 37
7378 4
7377 53
7376 36
7375 80
7374 19
7373 15
7372 80
7371 37
7370 71
7369 83
7368 24
7367 34
7366 76
7365 6
7364 24
7363 8
7362 84
7361 17
7360 44
7359 90
7358 11
7357 62
7356 72
7355 94
7354 73
7353 90
7352 81
7351 83
7350 6
7349 86
7348 46
7347 91
7346 55
7345 91
7344 47
7343 51
7342 92
7341 15
7340 31
7339 23
7338 11
7337 44
7336 47
7335 17
7334 38
7333 84
7332 25
7331 19
7330 76
7329 54
7328 25
7327 27
7326 77
7325 5
7324 73
7323 62
7322 90
7321 72
7320 79
7319 0
7318 49
7317 87
7316 91
7315 35
7314 16
7313 63
7312 45
7311 77
7310 76
7309 89
7308 64
7307 33
7306 24
7305 29
7304 71
7303 98
7302 81
7301 27
7300 11
7299 9
7298 84
7297 49
7296 11
7295 52
7294 20
7293 56
7292 25
7291 34
7290 72
7289 20
7288 29
7287 71
7286 45
7285 82
7284 21
7283 14
7282 89
7281 81
7280 68
7279 81
7278 57
7277 43
7276 10
7275 80
7274 36
7273 33
7272 15
7271 37
7270 31
7269 100
7268 78
7267 69
7266 99
7265 35
7264 51
7263 69
7262 46
7261 94
7260 28
7259 62
7258 24
7257 65
7256 2
7255 1
7254 70
7253 50
7252 30
7251 55
7250 55
7249 72
7248 39
7247 27
7246 46
7245 24
7244 69
7243 98
7242 95
7241 25
7240 30
7239 47
7238 4
7237 1
7236 8
7235 89
7234 93
7233 27
7232 95
7231 99
7230 3
7229 11
7228 12
7227 46
7226 57
7225 72
7224 54
7223 23
7222 46
7221 9
7220 41
7219 3
7218 65
7217 8
7216 55
7215 23
7214 4
7213 84
7212 81
7211 25
7210 71
7209 46
7208 92
7207 57
7206 52
7205 30
7204 27
7203 66
7202 97
7201 62
7200 95
7199 98
7198 87
7197 45
7196 14
7195 33
7194 38
7193 51
7192 72
7191 5
7190 18
7189 79
7188 51
7187 63
7186 49
7185 45
7184 41
7183 29
7182 56
7181 4
7180 40
7179 15
7178 0
7177 88
7176 85
7175 53
7174 94
7173 34
7172 41
7171 15
7170 0
7169 13
7168 96
7167 93
7166 93
7165 38
7164 65
7163 52
7162 74
7161 75
7160 71
7159 53
7158 17
7157 94
7156 69
7155 91
7154 15
7153 12
7152 60
7151 73
7150 30
7149 27
7148 79
7147 95
7146 19
7145 82
7144 85
7143 59
7142 15
7141 21
7140 10
7139 84
7138 54
7137 7
7136 74
7135 4
7134 49
7133 45
7132 85
7131 6
7130 39
7129 23
7128 5
7127 21
7126 42
7125 94
7124 27
7123 42
7122 6
7121 14
7120 22
7119 8
7118 0
7117 36
7116 84
7115 51
7114 72
7113 59
7112 18
7111 76
7110 10
7109 87
7108 29
7107 69
7106 61
7105 83
7104 71
7103 43
7102 79
7101 67
7100 61
7099 9
7098 86
7097 65
7096 26
7095 33
7094 9
7093 68
7092 6
7091 29
7090 68
7089 80
7088 89
7087 20
7086 11
7085 31
7084 79
7083 76
7082 50
7081 25
7080 92
7079 76
7078 61
7077 77
7076 93
7075 29
7074 36
7073 47
7072 71
7071 67
7070 3
7069 64
7068 95
7067 35
7066 15
7065 9
7064 27
7063 86
7062 67
7061 83
7060 55
7059 57
7058 85
7057 22
7056 37
7055 26
7054 9
7053 12
7052 79
7051 91
7050 33
7049 5
7048 73
7047 51
7046 61
7045 98
7044 93
7043 79
7042 96
7041 48
7040 74
7039 12
7038 43
7037 94
7036 94
7035 84
7034 72
7033 93
7032 37
7031 57
7030 49
7029 52
7028 18
7027 27
7026 92
7025 16
7024 22
7023 63
7022 88
7021 37
7020 79
7019 75
7018 63
7017 38
7016 96
7015 46
7014 4
7013 21
7012 56
7011 72
7010 4
7009 10
7008 46
7007 85
7006 24
7005 27
7004 8
7003 29
7002 71
7001 19
7000 26
6999 9
6998 44
6997 91
6996 83
6995 30
6994 14
6993 21
6992 67
6991 12
6990 72
6989 26
6988 72
6987 34
6986 15
6985 74
6984 61
6983 48
6982 95
6981 47
6980 1
6979 22
6978 25
6977 44
6976 73
6975 18
6974 18
6973 70
6972 83
6971 44
6970 3
6969 96
6968 66
6967 84
6966 46
6965 24
6964 8
6963 5
6962 63
6961 12
6960 73
6959 65
6958 90
6957 16
6956 77
6955 10
6954 45
6953 83
6952 92
6951 96
6950 73
6949 53
6948 100
6947 72
6946 94
6945 96
6944 9
6943 4
6942 60
6941 42
6940 67
6939 78
6938 23
6937 4
6936 69
6935 93
6934 26
6933 39
6932 46
6931 20
6930 78
6929 68
6928 78
6927 62
6926 77
6925 48
6924 61
6923 23
6922 24
6921 77
6920 75
6919 41
6918 80
6917 37
6916 31
6915 41
6914 24
6913 99
6912 8
6911 18
6910 48
6909 2
6908 58
6907 44
6906 27
6905 67
6904 81
6903 44
6902 7
6901 19
6900 93
6899 84
6898 99
6897 28
6896 18
6895 46
6894 34
6893 78
6892 3
6891 28
6890 19
6889 32
6888 40
6887 73
6886 63
6885 88
6884 36
6883 31
6882 14
6881 34
6880 82
6879 42
6878 73
6877 12
6876 37
6875 62
6874 95
6873 25
6872 14
6871 24
6870 38
6869 28
6868 45
6867 9
6866 88
6865 74
6864 43
6863 17
6862 56
6861 23
6860 50
6859 79
6858 35
6857 32
6856 48
6855 10
6854 15
6853 100
6852 69
6851 21
6850 3
6849 29
6848 100
6847 98
6846 23
6845 59
6844 25
6843 37
6842 58
6841 39
6840 78
6839 76
6838 59
6837 82
6836 33
6835 90
6834 73
6833 9
6832 3
6831 65
6830 8
6829 96
6828 15
6827 14
6826 52
6825 73
6824 14
6823 10
6822 1
6821 63
6820 43
6819 31
6818 8
6817 22
6816 56
6815 29
6814 85
6813 56
6812 71
6811 67
6810 19
6809 35
6808 7
6807 10
6806 39
6805 88
6804 58
6803 40
6802 85
6801 43
6800 53
6799 10
6798 12
6797 67
6796 45
6795 13
6794 43
6793 62
6792 83
6791 100
6790 67
6789 26
6788 11
6787 64
6786 77
6785 73
6784 79
6783 41
6782 54
6781 44
6780 96
6779 13
6778 42
6777 2
6776 60
6775 43
6774 79
6773 49
6772 94
6771 64
6770 34
6769 90
6768 30
6767 20
6766 46
6765 60
6764 13
6763 58
6762 80
6761 3
6760 63
6759 51
6758 87
6757 65
6756 10
6755 67
6754 75
6753 4
6752 36
6751 13
6750 36
6749 33
6748 2
6747 76
6746 17
6745 85
6744 10
6743 60
6742 70
6741 45
6740 76
6739 14
6738 63
6737 44
6736 50
6735 66
6734 77
6733 75
6732 23
6731 94
6730 45
6729 18
6728 58
6727 33
6726 51
6725 28
6724 94
6723 48
6722 0
6721 60
6720 86
6719 34
6718 35
6717 1
6716 72
6715 24
6714 6
6713 74
6712 8
6711 17
6710 32
6709 20
6708 16
6707 83
6706 0
6705 86
6704 75
6703 53
6702 92
6701 28
6700 46
6699 13
6698 74
6697 18
6696 9
6695 55
6694 27
6693 17
6692 76
6691 74
6690 36
6689 17
6688 52
6687 88
6686 21
6685 12
6684 21
6683 30
6682 59
6681 99
6680 81
6679 63
6678 33
6677 1
6676 96
6675 48
6674 84
6673 1
6672 62
6671 29
6670 50
6669 38
6668 86
6667 58
6666 71
6665 68
6664 75
6663 93
6662 59
6661 85
6660 99
6659 53
6658 54
6657 26
6656 51
6655 17
6654 96
6653 94
6652 91
6651 70
6650 35
6649 28
6648 45
6647 56
6646 24
6645 20
6644 97
6643 47
6642 95
6641 23
6640 94
6639 31
6638 65
6637 91
6636 19
6635 83
6634 82
6633 87
6632 98
6631 42
6630 71
6629 57
6628 59
6627 8
6626 17
6625 62
6624 13
6623 13
6622 90
6621 19
6620 90
6619 44
6618 47
6617 61
6616 49
6615 22
6614 59
6613 22
6612 73
6611 18
6610 87
6609 78
6608 82
6607 44
6606 15
6605 74
6604 2
6603 66
6602 46
6601 94
6600 54
6599 85
6598 24
6597 83
6596 6
6595 31
6594 58
6593 76
6592 74
6591 39
6590 41
6589 95
6588 29
6587 45
6586 99
6585 24
6584 85
6583 61
6582 53
6581 24
6580 18
6579 89
6578 97
6577 47
6576 22
6575 97
6574 77
6573 71
6572 47
6571 25
6570 70
6569 92
6568 44
6567 51
6566 26
6565 36
6564 38
6563 56
6562 63
6561 28
6560 38
6559 93
6558 100
6557 81
6556 27
6555 42
6554 5
6553 4
6552 20
6551 54
6550 70
6549 53
6548 94
6547 39
6546 84
6545 49
6544 87
6543 36
6542 27
6541 83
6540 89
6539 37
6538 11
6537 67
6536 56
6535 61
6534 65
6533 15
6532 20
6531 85
6530 12
6529 74
6528 17
6527 61
6526 64
6525 19
6524 27
6523 7
6522 87
6521 46
6520 83
6519 71
6518 11
6517 68
6516 68
6515 10
6514 51
6513 23
6512 2
6511 8
6510 0
6509 76
6508 73
6507 28
6506 22
6505 56
6504 1
6503 95
6502 71
6501 21
6500 6
6499 0
6498 26
6497 81
6496 98
6495 79
6494 2
6493 95
6492 85
6491 96
6490 74
6489 52
6488 61
6487 100
6486 29
6485 28
6484 18
6483 90
6482 23
6481 6
6480 68
6479 80
6478 6
6477 99
6476 60
6475 79
6474 33
6473 35
6472 64
6471 74
6470 99
6469 8
6468 62
6467 93
6466 27
6465 56
6464 45
6463 23
6462 29
6461 63
6460 44
6459 37
6458 17
6457 15
6456 76
6455 77
6454 50
6453 19
6452 55
6451 38
6450 44
6449 41
6448 58
6447 1
6446 46
6445 12
6444 78
6443 59
6442 63
6441 100
6440 85
6439 8
6438 29
6437 9
6436 2
6435 11
6434 47
6433 72
6432 22
6431 99
6430 53
6429 90
6428 43
6427 10
6426 79
6425 87
6424 55
6423 9
6422 85
6421 43
6420 99
6419 69
6418 68
6417 48
6416 62
6415 85
6414 83
6413 0
6412 29
6411 8
6410 72
6409 41
6408 91
6407 84
6406 34
6405 66
6404 19
6403 63
6402 78
6401 7
6400 96
6399 36
6398 34
6397 84
6396 37
6395 27
6394 53
6393 14
6392 4
6391 63
6390 74
6389 46
6388 83
6387 17
6386 60
6385 64
6384 10
6383 10
6382 48
6381 55
6380 82
6379 88
6378 71
6377 13
6376 28
6375 85
6374 95
6373 39
6372 75
6371 65
6370 81
6369 46
6368 62
6367 75
6366 35
6365 9
6364 33
6363 41
6362 49
6361 43
6360 76
6359 7
6358 3
6357 42
6356 37
6355 81
6354 35
6353 99
6352 4
6351 89
6350 67
6349 41
6348 12
6347 69
6346 77
6345 26
6344 43
6343 91
6342 7
6341 14
6340 56
6339 13
6338 52
6337 60
6336 63
6335 97
6334 83
6333 23
6332 94
6331 24
6330 61
6329 51
6328 39
6327 100
6326 48
6325 34
6324 77
6323 78
6322 36
6321 75
6320 4
6319 19
6318 18
6317 8
6316 0
6315 63
6314 55
6313 32
6312 92
6311 38
6310 20
6309 98
6308 68
6307 78
6306 31
6305 60
6304 14
6303 73
6302 58
6301 60
6300 57
6299 69
6298 65
6297 58
6296 52
6295 52
6294 71
6293 3
6292 25
6291 36
6290 3
6289 11
6288 42
6287 64
6286 84
6285 7
6284 73
6283 96
6282 73
6281 35
6280 42
6279 28
6278 84
6277 32
6276 76
6275 40
6274 91
6273 47
6272 65
6271 64
6270 91
6269 76
6268 95
6267 99
6266 9
6265 97
6264 25
6263 5
6262 76
6261 33
6260 80
6259 78
6258 42
6257 84
6256 36
6255 62
6254 56
6253 96
6252 67
6251 43
6250 82
6249 65
6248 98
6247 25
6246 65
6245 77
6244 34
6243 52
6242 100
6241 43
6240 33
6239 68
6238 32
6237 40
6236 88
6235 28
6234 28
6233 17
6232 61
6231 92
6230 68
6229 53
6228 47
6227 88
6226 96
6225 42
6224 31
6223 50
6222 21
6221 38
6220 12
6219 18
6218 68
6217 36
6216 44
6215 11
6214 14
6213 40
6212 82
6211 49
6210 13
6209 19
6208 2
6207 86
6206 46
6205 53
6204 35
6203 40
6202 16
6201 32
6200 51
6199 95
6198 96
6197 66
6196 91
6195 59
6194 50
6193 25
6192 67
6191 58
6190 47
6189 4
6188 33
6187 91
6186 1
6185 44
6184 92
6183 24
6182 61
6181 33
6180 38
6179 53
6178 92
6177 36
6176 34
6175 40
6174 17
6173 73
6172 76
6171 69
6170 26
6169 87
6168 78
6167 38
6166 85
6165 94
6164 7
6163 82
6162 62
6161 73
6160 73
6159 15
6158 51
6157 97
6156 29
6155 13
6154 92
6153 38
6152 40
6151 83
6150 22
6149 53
6148 93
6147 43
6146 46
6145 85
6144 7
6143 32
6142 59
6141 76
6140 30
6139 77
6138 27
6137 8
6136 49
6135 78
6134 2
6133 24
6132 47
6131 2
6130 28
6129 40
6128 64
6127 30
6126 21
6125 27
6124 80
6123 22
6122 99
6121 7
6120 63
6119 38
6118 14
6117 56
6116 89
6115 69
6114 56
6113 32
6112 97
6111 99
6110 50
6109 21
6108 66
6107 34
6106 52
6105 8
6104 55
6103 40
6102 92
6101 99
6100 79
6099 7
6098 94
6097 61
6096 27
6095 8
6094 30
6093 73
6092 31
6091 14
6090 91
6089 34
6088 58
6087 40
6086 75
6085 51
6084 14
6083 30
6082 0
6081 9
6080 57
6079 35
6078 47
6077 52
6076 93
6075 20
6074 9
6073 37
6072 77
6071 70
6070 31
6069 19
6068 81
6067 68
6066 30
6065 27
6064 1
6063 20
6062 10
6061 15
6060 0
6059 19
6058 26
6057 68
6056 83
6055 94
6054 55
6053 83
6052 17
6051 49
6050 42
6049 32
6048 79
6047 87
6046 33
6045 100
6044 82
6043 36
6042 82
6041 17
6040 12
6039 36
6038 63
6037 32
6036 84
6035 5
6034 85
6033 82
6032 27
6031 34
6030 96
6029 74
6028 70
6027 23
6026 77
6025 98
6024 51
6023 1
6022 18
6021 79
6020 46
6019 65
6018 78
6017 3
6016 73
6015 70
6014 64
6013 21
6012 51
6011 34
6010 19
6009 36
6008 4
6007 70
6006 92
6005 34
6004 11
6003 64
6002 70
6001 15
6000 16
5999 63
5998 82
5997 41
5996 57
5995 25
5994 42
5993 41
5992 48
5991 28
5990 49
5989 15
5988 100
5987 70
5986 52
5985 70
5984 70
5983 93
5982 87
5981 10
5980 33
5979 89
5978 19
5977 16
5976 73
5975 18
5974 99
5973 22
5972 95
5971 60
5970 21
5969 28
5968 51
5967 53
5966 22
5965 6
5964 43
5963 35
5962 76
5961 41
5960 12
5959 16
5958 100
5957 72
5956 31
5955 9
5954 0
5953 40
5952 11
5951 48
5950 30
5949 45
5948 12
5947 27
5946 44
5945 4
5944 10
5943 16
5942 6
5941 95
5940 26
5939 9
5938 29
5937 20
5936 55
5935 79
5934 45
5933 76
5932 20
5931 8
5930 97
5929 0
5928 67
5927 65
5926 74
5925 14
5924 20
5923 59
5922 50
5921 17
5920 24
5919 2
5918 91
5917 69
5916 82
5915 62
5914 50
5913 15
5912 41
5911 31
5910 29
5909 99
5908 57
5907 62
5906 70
5905 39
5904 45
5903 44
5902 2
5901 21
5900 81
5899 61
5898 91
5897 34
5896 82
5895 80
5894 21
5893 35
5892 44
5891 20
5890 32
5889 59
5888 18
5887 49
5886 57
5885 39
5884 98
5883 10
5882 52
5881 18
5880 50
5879 56
5878 27
5877 30
5876 19
5875 83
5874 84
5873 5
5872 87
5871 32
5870 43
5869 57
5868 4
5867 45
5866 49
5865 55
5864 86
5863 92
5862 74
5861 77
5860 4
5859 11
5858 99
5857 91
5856 64
5855 98
5854 44
5853 89
5852 26
5851 65
5850 4
5849 20
5848 43
5847 49
5846 56
5845 81
5844 44
5843 47
5842 46
5841 83
5840 46
5839 88
5838 17
5837 10
5836 88
5835 76
5834 2
5833 43
5832 10
5831 91
5830 12
5829 54
5828 30
5827 95
5826 64
5825 35
5824 3
5823 63
5822 85
5821 79
5820 49
5819 37
5818 19
5817 19
5816 40
5815 46
5814 52
5813 31
5812 91
5811 1
5810 56
5809 94
5808 30
5807 46
5806 36
5805 53
5804 59
5803 25
5802 37
5801 51
5800 58
5799 15
5798 87
5797 65
5796 35
5795 1
5794 83
5793 9
5792 30
5791 89
5790 29
5789 62
5788 94
5787 90
5786 63
5785 53
5784 99
5783 99
5782 77
5781 31
5780 36
5779 47
5778 83
5777 60
5776 28
5775 40
5774 33
5773 99
5772 19
5771 56
5770 53
5769 28
5768 51
5767 56
5766 96
5765 57
5764 40
5763 38
5762 14
5761 29
5760 8
5759 100
5758 52
5757 78
5756 92
5755 42
5754 25
5753 61
5752 40
5751 6
5750 32
5749 95
5748 63
5747 22
5746 29
5745 2
5744 46
5743 72
5742 44
5741 85
5740 54
5739 93
5738 49
5737 72
5736 53
5735 23
5734 19
5733 80
5732 34
5731 43
5730 95
5729 84
5728 30
5727 93
5726 87
5725 91
5724 36
5723 70
5722 66
5721 62
5720 75
5719 47
5718 70
5717 68
5716 17
5715 76
5714 89
5713 11
5712 38
5711 38
5710 91
5709 97
5708 78
5707 7
5706 19
5705 74
5704 2
5703 96
5702 47
5701 40
5700 53
5699 98
5698 96
5697 46
5696 0
5695 91
5694 31
5693 87
5692 16
5691 1
5690 69
5689 18
5688 22
5687 36
5686 1
5685 63
5684 38
5683 67
5682 16
5681 76
5680 24
5679 21
5678 48
5677 3
5676 18
5675 99
5674 6
5673 21
5672 46
5671 24
5670 20
5669 2
5668 66
5667 54
5666 81
5665 26
5664 9
5663 61
5662 96
5661 50
5660 35
5659 78
5658 41
5657 22
5656 4
5655 79
5654 72
5653 92
5652 36
5651 59
5650 64
5649 75
5648 87
5647 59
5646 18
5645 73
5644 64
5643 23
5642 90
5641 98
5640 89
5639 25
5638 44
5637 18
5636 58
5635 82
5634 33
5633 63
5632 55
5631 10
5630 76
5629 75
5628 28
5627 52
5626 46
5625 51
5624 99
5623 22
5622 67
5621 91
5620 95
5619 43
5618 89
5617 39
5616 47
5615 21
5614 16
5613 61
5612 80
5611 90
5610 48
5609 35
5608 7
5607 90
5606 7
5605 47
5604 68
5603 34
5602 3
5601 16
5600 86
5599 63
5598 3
5597 6
5596 94
5595 69
5594 57
5593 29
5592 62
5591 64
5590 47
5589 88
5588 60
5587 48
5586 38
5585 67
5584 76
5583 66
5582 1
5581 20
5580 94
5579 31
5578 50
5577 31
5576 51
5575 53
5574 9
5573 97
5572 67
5571 100
5570 87
5569 38
5568 1
5567 93
5566 63
5565 23
5564 43
5563 1
5562 44
5561 20
5560 81
5559 33
5558 22
5557 60
5556 57
5555 87
5554 63
5553 45
5552 66
5551 94
5550 20
5549 7
5548 52
5547 14
5546 74
5545 89
5544 73
5543 81
5542 22
5541 59
5540 98
5539 75
5538 6
5537 69
5536 32
5535 100
5534 47
5533 25
5532 78
5531 90
5530 73
5529 50
5528 96
5527 87
5526 47
5525 32
5524 18
5523 21
5522 75
5521 60
5520 69
5519 23
5518 85
5517 16
5516 68
5515 93
5514 75
5513 83
5512 8
5511 41
5510 6
5509 35
5508 8
5507 43
5506 13
5505 60
5504 53
5503 73
5502 3
5501 19
5500 57
5499 34
5498 42
5497 76
5496 19
5495 81
5494 56
5493 65
5492 15
5491 62
5490 44
5489 43
5488 19
5487 63
5486 78
5485 45
5484 87
5483 91
5482 70
5481 20
5480 89
5479 3
5478 78
5477 80
5476 19
5475 94
5474 63
5473 45
5472 62
5471 38
5470 37
5469 44
5468 30
5467 75
5466 4
5465 3
5464 20
5463 29
5462 26
5461 14
5460 100
5459 53
5458 93
5457 47
5456 67
5455 99
5454 20
5453 75
5452 2
5451 72
5450 37
5449 61
5448 70
5447 86
5446 3
5445 10
5444 56
5443 3
5442 5
5441 1
5440 70
5439 17
5438 97
5437 30
5436 24
5435 4
5434 20
5433 26
5432 13
5431 63
5430 45
5429 86
5428 42
5427 59
5426 68
5425 12
5424 52
5423 51
5422 23
5421 71
5420 19
5419 34
5418 37
5417 90
5416 63
5415 56
5414 57
5413 65
5412 37
5411 23
5410 53
5409 3
5408 28
5407 11
5406 2
5405 30
5404 97
5403 44
5402 94
5401 87
5400 1
5399 16
5398 93
5397 26
5396 52
5395 35
5394 14
5393 72
5392 32
5391 49
5390 86
5389 13
5388 14
5387 23
5386 77
5385 27
5384 76
5383 94
5382 52
5381 26
5380 43
5379 34
5378 39
5377 57
5376 45
5375 87
5374 86
5373 86
5372 6
5371 88
5370 8
5369 3
5368 36
5367 74
5366 81
5365 10
5364 96
5363 74
5362 22
5361 47
5360 51
5359 100
5358 63
5357 52
5356 99
5355 40
5354 34
5353 20
5352 25
5351 31
5350 80
5349 95
5348 58
5347 98
5346 0
5345 98
5344 95
5343 100
5342 48
5341 32
5340 20
5339 75
5338 22
5337 76
5336 59
5335 85
5334 1
5333 62
5332 28
5331 58
5330 8
5329 10
5328 12
5327 11
5326 88
5325 61
5324 74
5323 0
5322 59
5321 68
5320 96
5319 18
5318 28
5317 58
5316 37
5315 91
5314 63
5313 39
5312 42
5311 45
5310 37
5309 32
5308 74
5307 27
5306 81
5305 16
5304 25
5303 68
5302 18
5301 1
5300 19
5299 91
5298 73
5297 73
5296 48
5295 52
5294 61
5293 18
5292 44
5291 92
5290 92
5289 69
5288 31
5287 12
5286 25
5285 80
5284 78
5283 23
5282 26
5281 41
5280 88
5279 79
5278 84
5277 59
5276 57
5275 83
5274 30
5273 78
5272 42
5271 13
5270 55
5269 1
5268 32
5267 46
5266 56
5265 43
5264 48
5263 46
5262 93
5261 48
5260 1
5259 35
5258 100
5257 28
5256 81
5255 47
5254 39
5253 83
5252 41
5251 73
5250 99
5249 40
5248 67
5247 71
5246 41
5245 0
5244 33
5243 0
5242 51
5241 66
5240 27
5239 49
5238 11
5237 32
5236 95
5235 46
5234 38
5233 10
5232 80
5231 57
5230 16
5229 86
5228 3
5227 63
5226 68
5225 92
5224 69
5223 64
5222 39
5221 86
5220 94
5219 80
5218 75
5217 58
5216 40
5215 56
5214 70
5213 47
5212 78
5211 84
5210 18
5209 65
5208 13
5207 35
5206 51
5205 49
5204 21
5203 29
5202 40
5201 94
5200 80
5199 67
5198 47
5197 51
5196 37
5195 59
5194 1
5193 70
5192 87
5191 23
5190 40
5189 70
5188 15
5187 49
5186 3
5185 42
5184 60
5183 57
5182 8
5181 5
5180 80
5179 85
5178 22
5177 18
5176 1
5175 18
5174 46
5173 99
5172 27
5171 56
5170 96
5169 84
5168 29
5167 1
5166 60
5165 66
5164 58
5163 77
5162 48
5161 60
5160 83
5159 76
5158 74
5157 91
5156 8
5155 47
5154 51
5153 58
5152 34
5151 32
5150 62
5149 22
5148 71
5147 54
5146 78
5145 89
5144 70
5143 87
5142 62
5141 72
5140 64
5139 26
5138 30
5137 19
5136 72
5135 2
5134 27
5133 10
5132 26
5131 31
5130 32
5129 53
5128 4
5127 50
5126 18
5125 31
5124 98
5123 79
5122 29
5121 96
5120 10
5119 32
5118 87
5117 38
5116 77
5115 73
5114 30
5113 4
5112 18
5111 49
5110 99
5109 79
5108 80
5107 71
5106 9
5105 63
5104 7
5103 64
5102 87
5101 38
5100 53
5099 56
5098 18
5097 74
5096 30
5095 32
5094 15
5093 26
5092 62
5091 86
5090 57
5089 45
5088 32
5087 18
5086 41
5085 17
5084 33
5083 5
5082 79
5081 28
5080 83
5079 44
5078 1
5077 93
5076 94
5075 27
5074 56
5073 61
5072 69
5071 51
5070 38
5069 54
5068 32
5067 48
5066 9
5065 10
5064 97
5063 26
5062 7
5061 28
5060 71
5059 59
5058 3
5057 46
5056 6
5055 14
5054 10
5053 8
5052 91
5051 20
5050 72
5049 1
5048 77
5047 84
5046 77
5045 93
5044 6
5043 83
5042 13
5041 85
5040 12
5039 94
5038 32
5037 47
5036 95
5035 100
5034 77
5033 0
5032 52
5031 10
5030 7
5029 14
5028 10
5027 45
5026 85
5025 6
5024 62
5023 88
5022 68
5021 82
5020 49
5019 37
5018 13
5017 50
5016 100
5015 47
5014 88
5013 72
5012 85
5011 35
5010 37
5009 86
5008 41
5007 85
5006 18
5005 96
5004 43
5003 85
5002 93
5001 82
5000 21
4999 73
4998 49
4997 35
4996 5
4995 27
4994 65
4993 60
4992 61
4991 10
4990 64
4989 58
4988 15
4987 80
4986 5
4985 24
4984 51
4983 55
4982 0
4981 77
4980 10
4979 27
4978 98
4977 56
4976 59
4975 20
4974 90
4973 54
4972 68
4971 80
4970 29
4969 67
4968 83
4967 71
4966 97
4965 31
4964 13
4963 32
4962 38
4961 100
4960 99
4959 71
4958 67
4957 86
4956 63
4955 20
4954 6
4953 80
4952 0
4951 53
4950 89
4949 50
4948 52
4947 94
4946 13
4945 18
4944 18
4943 87
4942 22
4941 47
4940 30
4939 22
4938 92
4937 40
4936 78
4935 13
4934 49
4933 0
4932 76
4931 55
4930 28
4929 74
4928 46
4927 27
4926 50
4925 49
4924 32
4923 28
4922 26
4921 87
4920 100
4919 38
4918 30
4917 96
4916 88
4915 12
4914 35
4913 78
4912 60
4911 14
4910 38
4909 16
4908 41
4907 75
4906 15
4905 51
4904 36
4903 96
4902 65
4901 25
4900 67
4899 0
4898 67
4897 99
4896 69
4895 58
4894 4
4893 12
4892 83
4891 2
4890 71
4889 73
4888 85
4887 80
4886 9
4885 52
4884 49
4883 44
4882 54
4881 4
4880 53
4879 79
4878 69
4877 98
4876 11
4875 2
4874 2
4873 100
4872 43
4871 51
4870 1
4869 91
4868 47
4867 40
4866 43
4865 66
4864 37
4863 50
4862 70
4861 65
4860 81
4859 90
4858 83
4857 74
4856 88
4855 57
4854 52
4853 97
4852 32
4851 68
4850 55
4849 78
4848 28
4847 76
4846 4
4845 95
4844 71
4843 79
4842 20
4841 52
4840 100
4839 32
4838 97
4837 27
4836 67
4835 66
4834 77
4833 95
4832 84
4831 46
4830 47
4829 43
4828 67
4827 78
4826 70
4825 7
4824 74
4823 43
4822 17
4821 77
4820 81
4819 8
4818 72
4817 61
4816 6
4815 3
4814 13
4813 44
4812 54
4811 77
4810 37
4809 35
4808 11
4807 70
4806 55
4805 3
4804 83
4803 12
4802 35
4801 21
4800 60
4799 100
4798 37
4797 48
4796 65
4795 42
4794 70
4793 26
4792 12
4791 9
4790 98
4789 76
4788 38
4787 91
4786 52
4785 10
4784 52
4783 16
4782 80
4781 78
4780 90
4779 51
4778 52
4777 6
4776 69
4775 57
4774 0
4773 23
4772 60
4771 85
4770 88
4769 24
4768 94
4767 90
4766 91
4765 36
4764 71
4763 35
4762 23
4761 100
4760 15
4759 86
4758 41
4757 82
4756 50
4755 25
4754 84
4753 43
4752 62
4751 0
4750 44
4749 82
4748 19
4747 42
4746 70
4745 4
4744 78
4743 57
4742 18
4741 96
4740 10
4739 78
4738 52
4737 92
4736 23
4735 73
4734 15
4733 11
4732 13
4731 58
4730 92
4729 25
4728 46
4727 64
4726 48
4725 82
4724 20
4723 46
4722 38
4721 4
4720 76
4719 100
4718 97
4717 74
4716 28
4715 76
4714 100
4713 36
4712 57
4711 59
4710 16
4709 81
4708 93
4707 83
4706 79
4705 56
4704 65
4703 33
4702 3
4701 93
4700 94
4699 87
4698 83
4697 52
4696 78
4695 21
4694 89
4693 61
4692 26
4691 84
4690 5
4689 92
4688 23
4687 77
4686 5
4685 58
4684 94
4683 40
4682 57
4681 46
4680 53
4679 57
4678 49
4677 6
4676 11
4675 75
4674 20
4673 5
4672 46
4671 36
4670 42
4669 72
4668 0
4667 29
4666 45
4665 94
4664 43
4663 7
4662 65
4661 61
4660 92
4659 94
4658 10
4657 21
4656 22
4655 99
4654 97
4653 88
4652 90
4651 98
4650 99
4649 15
4648 52
4647 20
4646 91
4645 67
4644 79
4643 85
4642 7
4641 65
4640 22
4639 7
4638 7
4637 54
4636 69
4635 57
4634 57
4633 16
4632 93
4631 57
4630 23
4629 44
4628 3
4627 44
4626 98
4625 46
4624 50
4623 67
4622 6
4621 77
4620 38
4619 76
4618 98
4617 58
4616 7
4615 10
4614 5
4613 11
4612 75
4611 64
4610 42
4609 46
4608 9
4607 89
4606 54
4605 30
4604 18
4603 53
4602 62
4601 95
4600 2
4599 12
4598 80
4597 16
4596 72
4595 72
4594 48
4593 45
4592 65
4591 25
4590 52
4589 23
4588 46
4587 28
4586 5
4585 4
4584 3
4583 90
4582 37
4581 64
4580 0
4579 25
4578 3
4577 74
4576 77
4575 17
4574 6
4573 51
4572 94
4571 69
4570 6
4569 25
4568 36
4567 52
4566 99
4565 23
4564 55
4563 52
4562 9
4561 3
4560 4
4559 10
4558 67
4557 35
4556 69
4555 99
4554 99
4553 43
4552 30
4551 87
4550 19
4549 91
4548 68
4547 75
4546 0
4545 47
4544 61
4543 10
4542 59
4541 100
4540 54
4539 78
4538 72
4537 91
4536 18
4535 7
4534 10
4533 0
4532 22
4531 10
4530 95
4529 28
4528 60
4527 38
4526 58
4525 50
4524 71
4523 64
4522 40
4521 95
4520 30
4519 76
4518 21
4517 69
4516 52
4515 94
4514 100
4513 75
4512 53
4511 51
4510 41
4509 47
4508 41
4507 16
4506 18
4505 6
4504 60
4503 51
4502 54
4501 71
4500 4
4499 47
4498 12
4497 55
4496 99
4495 71
4494 38
4493 80
4492 33
4491 8
4490 94
4489 71
4488 56
4487 81
4486 31
4485 67
4484 3
4483 74
4482 4
4481 50
4480 91
4479 1
4478 45
4477 65
4476 80
4475 5
4474 35
4473 87
4472 98
4471 100
4470 62
4469 25
4468 60
4467 32
4466 10
4465 95
4464 35
4463 20
4462 34
4461 87
4460 17
4459 15
4458 52
4457 33
4456 28
4455 35
4454 47
4453 57
4452 95
4451 33
4450 46
4449 55
4448 93
4447 20
4446 6
4445 78
4444 35
4443 25
4442 8
4441 60
4440 51
4439 67
4438 97
4437 48
4436 35
4435 23
4434 52
4433 26
4432 34
4431 66
4430 1
4429 89
4428 3
4427 18
4426 53
4425 70
4424 11
4423 25
4422 46
4421 20
4420 65
4419 27
4418 85
4417 51
4416 17
4415 15
4414 2
4413 90
4412 37
4411 55
4410 52
4409 37
4408 94
4407 21
4406 65
4405 34
4404 44
4403 78
4402 69
4401 5
4400 45
4399 71
4398 63
4397 18
4396 29
4395 69
4394 8
4393 77
4392 23
4391 88
4390 51
4389 100
4388 89
4387 31
4386 92
4385 32
4384 70
4383 86
4382 29
4381 6
4380 49
4379 15
4378 92
4377 95
4376 11
4375 27
4374 83
4373 7
4372 42
4371 23
4370 38
4369 93
4368 93
4367 58
4366 73
4365 17
4364 96
4363 40
4362 87
4361 80
4360 90
4359 67
4358 84
4357 51
4356 22
4355 91
4354 82
4353 81
4352 74
4351 15
4350 14
4349 34
4348 86
4347 42
4346 45
4345 45
4344 37
4343 1
4342 57
4341 36
4340 49
4339 92
4338 88
4337 45
4336 69
4335 32
4334 47
4333 59
4332 76
4331 68
4330 44
4329 72
4328 100
4327 51
4326 40
4325 79
4324 25
4323 4
4322 82
4321 1
4320 84
4319 10
4318 61
4317 11
4316 96
4315 15
4314 96
4313 88
4312 6
4311 75
4310 48
4309 17
4308 59
4307 11
4306 47
4305 76
4304 88
4303 43
4302 46
4301 95
4300 55
4299 2
4298 72
4297 55
4296 47
4295 35
4294 24
4293 72
4292 6
4291 51
4290 25
4289 93
4288 89
4287 26
4286 66
4285 74
4284 69
4283 66
4282 87
4281 48
4280 24
4279 36
4278 73
4277 89
4276 22
4275 98
4274 87
4273 70
4272 54
4271 97
4270 62
4269 25
4268 10
4267 25
4266 31
4265 93
4264 33
4263 71
4262 40
4261 18
4260 76
4259 5
4258 16
4257 87
4256 11
4255 74
4254 4
4253 31
4252 73
4251 67
4250 11
4249 67
4248 57
4247 94
4246 39
4245 46
4244 93
4243 57
4242 22
4241 6
4240 16
4239 93
4238 55
4237 14
4236 21
4235 85
4234 69
4233 2
4232 58
4231 99
4230 69
4229 18
4228 77
4227 0
4226 11
4225 62
4224 47
4223 42
4222 48
4221 69
4220 44
4219 3
4218 95
4217 69
4216 95
4215 39
4214 75
4213 83
4212 50
4211 70
4210 92
4209 40
4208 97
4207 22
4206 97
4205 13
4204 18
4203 22
4202 84
4201 98
4200 69
4199 10
4198 9
4197 84
4196 75
4195 54
4194 75
4193 64
4192 62
4191 6
4190 95
4189 64
4188 77
4187 59
4186 30
4185 24
4184 6
4183 65
4182 95
4181 74
4180 30
4179 55
4178 67
4177 71
4176 92
4175 88
4174 96
4173 57
4172 97
4171 85
4170 39
4169 31
4168 34
4167 51
4166 68
4165 66
4164 77
4163 63
4162 25
4161 29
4160 18
4159 52
4158 86
4157 96
4156 34
4155 77
4154 15
4153 86
4152 4
4151 25
4150 23
4149 79
4148 61
4147 94
4146 44
4145 93
4144 30
4143 19
4142 91
4141 17
4140 99
4139 33
4138 73
4137 55
4136 9
4135 27
4134 78
4133 67
4132 54
4131 66
4130 50
4129 75
4128 40
4127 17
4126 75
4125 97
4124 27
4123 49
4122 39
4121 83
4120 97
4119 8
4118 93
4117 90
4116 66
4115 21
4114 92
4113 91
4112 34
4111 9
4110 3
4109 91
4108 31
4107 33
4106 40
4105 47
4104 59
4103 50
4102 70
4101 16
4100 20
4099 81
4098 39
4097 74
4096 44
4095 9
4094 89
4093 39
4092 73
4091 69
4090 33
4089 62
4088 51
4087 87
4086 98
4085 69
4084 75
4083 45
4082 58
4081 52
4080 64
4079 80
4078 54
4077 68
4076 22
4075 44
4074 84
4073 88
4072 38
4071 47
4070 74
4069 30
4068 77
4067 100
4066 93
4065 55
4064 16
4063 85
4062 61
4061 23
4060 28
4059 15
4058 43
4057 87
4056 80
4055 85
4054 16
4053 55
4052 48
4051 8
4050 90
4049 16
4048 67
4047 62
4046 98
4045 44
4044 37
4043 16
4042 89
4041 82
4040 57
4039 86
4038 64
4037 35
4036 95
4035 97
4034 52
4033 15
4032 12
4031 35
4030 67
4029 38
4028 37
4027 71
4026 33
4025 5
4024 67
4023 18
4022 41
4021 36
4020 59
4019 39
4018 12
4017 17
4016 83
4015 87
4014 60
4013 88
4012 35
4011 29
4010 49
4009 75
4008 23
4007 24
4006 11
4005 43
4004 15
4003 98
4002 29
4001 36
4000 11
3999 63
3998 64
3997 87
3996 49
3995 97
3994 42
3993 24
3992 53
3991 91
3990 17
3989 86
3988 95
3987 71
3986 0
3985 97
3984 52
3983 45
3982 71
3981 28
3980 60
3979 39
3978 18
3977 100
3976 80
3975 74
3974 77
3973 88
3972 29
3971 22
3970 32
3969 36
3968 22
3967 35
3966 28
3965 24
3964 15
3963 83
3962 34
3961 80
3960 94
3959 48
3958 74
3957 32
3956 89
3955 32
3954 60
3953 66
3952 72
3951 57
3950 47
3949 19
3948 33
3947 19
3946 49
3945 81
3944 95
3943 63
3942 73
3941 78
3940 72
3939 89
3938 18
3937 28
3936 12
3935 90
3934 72
3933 17
3932 98
3931 19
3930 74
3929 71
3928 79
3927 43
3926 96
3925 61
3924 60
3923 35
3922 73
3921 83
3920 99
3919 55
3918 82
3917 87
3916 76
3915 93
3914 13
3913 22
3912 89
3911 37
3910 2
3909 90
3908 58
3907 99
3906 13
3905 59
3904 84
3903 94
3902 46
3901 56
3900 19
3899 7
3898 64
3897 76
3896 89
3895 12
3894 15
3893 47
3892 26
3891 12
3890 62
3889 10
3888 62
3887 67
3886 55
3885 2
3884 8
3883 22
3882 37
3881 75
3880 67
3879 31
3878 73
3877 62
3876 78
3875 43
3874 93
3873 98
3872 44
3871 12
3870 96
3869 24
3868 86
3867 94
3866 38
3865 51
3864 75
3863 59
3862 16
3861 58
3860 58
3859 57
3858 7
3857 18
3856 56
3855 82
3854 37
3853 70
3852 10
3851 77
3850 54
3849 5
3848 30
3847 81
3846 47
3845 66
3844 27
3843 55
3842 19
3841 92
3840 61
3839 33
3838 39
3837 75
3836 98
3835 41
3834 76
3833 12
3832 88
3831 99
3830 16
3829 78
3828 95
3827 53
3826 19
3825 30
3824 9
3823 81
3822 89
3821 9
3820 16
3819 79
3818 83
3817 79
3816 56
3815 31
3814 29
3813 21
3812 59
3811 23
3810 92
3809 68
3808 33
3807 7
3806 93
3805 81
3804 87
3803 94
3802 53
3801 72
3800 18
3799 22
3798 40
3797 79
3796 17
3795 30
3794 36
3793 57
3792 68
3791 88
3790 58
3789 37
3788 53
3787 10
3786 39
3785 19
3784 27
3783 28
3782 5
3781 81
3780 43
3779 48
3778 5
3777 25
3776 54
3775 98
3774 20
3773 48
3772 43
3771 45
3770 76
3769 22
3768 25
3767 42
3766 31
3765 45
3764 41
3763 54
3762 62
3761 74
3760 91
3759 55
3758 96
3757 9
3756 69
3755 4
3754 85
3753 71
3752 94
3751 64
3750 76
3749 54
3748 17
3747 25
3746 25
3745 18
3744 93
3743 60
3742 99
3741 70
3740 81
3739 97
3738 38
3737 6
3736 79
3735 9
3734 19
3733 3
3732 93
3731 63
3730 86
3729 73
3728 50
3727 57
3726 11
3725 82
3724 66
3723 71
3722 7
3721 46
3720 12
3719 43
3718 99
3717 11
3716 2
3715 5
3714 5
3713 56
3712 30
3711 22
3710 33
3709 47
3708 47
3707 21
3706 85
3705 35
3704 81
3703 51
3702 97
3701 78
3700 91
3699 48
3698 55
3697 38
3696 94
3695 56
3694 10
3693 21
3692 13
3691 56
3690 66
3689 9
3688 61
3687 77
3686 79
3685 20
3684 15
3683 14
3682 21
3681 32
3680 10
3679 67
3678 1
3677 51
3676 68
3675 16
3674 81
3673 65
3672 45
3671 47
3670 82
3669 92
3668 63
3667 8
3666 69
3665 92
3664 61
3663 89
3662 35
3661 45
3660 40
3659 90
3658 45
3657 71
3656 31
3655 83
3654 24
3653 33
3652 15
3651 50
3650 87
3649 100
3648 53
3647 40
3646 41
3645 12
3644 54
3643 66
3642 21
3641 48
3640 50
3639 21
3638 26
3637 15
3636 32
3635 56
3634 3
3633 60
3632 2
3631 79
3630 93
3629 94
3628 50
3627 88
3626 96
3625 58
3624 84
3623 21
3622 74
3621 68
3620 42
3619 77
3618 39
3617 42
3616 13
3615 33
3614 91
3613 56
3612 60
3611 24
3610 31
3609 39
3608 10
3607 51
3606 42
3605 28
3604 23
3603 54
3602 69
3601 17
3600 93
3599 67
3598 50
3597 60
3596 54
3595 10
3594 91
3593 63
3592 93
3591 4
3590 10
3589 40
3588 59
3587 55
3586 82
3585 65
3584 31
3583 32
3582 56
3581 3
3580 75
3579 66
3578 46
3577 56
3576 72
3575 7
3574 2
3573 4
3572 86
3571 42
3570 85
3569 41
3568 2
3567 44
3566 83
3565 10
3564 23
3563 8
3562 5
3561 63
3560 83
3559 11
3558 61
3557 35
3556 15
3555 75
3554 0
3553 69
3552 34
3551 90
3550 17
3549 5
3548 7
3547 35
3546 64
3545 53
3544 10
3543 30
3542 37
3541 72
3540 43
3539 33
3538 45
3537 85
3536 32
3535 0
3534 27
3533 49
3532 88
3531 65
3530 31
3529 88
3528 92
3527 32
3526 59
3525 13
3524 84
3523 24
3522 27
3521 89
3520 94
3519 14
3518 6
3517 53
3516 56
3515 32
3514 55
3513 78
3512 54
3511 22
3510 23
3509 57
3508 69
3507 55
3506 100
3505 92
3504 13
3503 73
3502 85
3501 51
3500 23
3499 52
3498 98
3497 57
3496 86
3495 62
3494 93
3493 65
3492 24
3491 56
3490 51
3489 11
3488 34
3487 73
3486 85
3485 19
3484 15
3483 47
3482 19
3481 53
3480 23
3479 82
3478 16
3477 46
3476 72
3475 36
3474 31
3473 97
3472 99
3471 8
3470 59
3469 19
3468 59
3467 48
3466 50
3465 1
3464 4
3463 18
3462 77
3461 59
3460 10
3459 28
3458 40
3457 55
3456 62
3455 10
3454 84
3453 38
3452 2
3451 11
3450 15
3449 98
3448 47
3447 59
3446 72
3445 94
3444 53
3443 66
3442 14
3441 1
3440 48
3439 31
3438 81
3437 45
3436 62
3435 79
3434 7
3433 19
3432 27
3431 75
3430 84
3429 22
3428 86
3427 78
3426 79
3425 1
3424 49
3423 25
3422 98
3421 55
3420 48
3419 35
3418 73
3417 15
3416 66
3415 41
3414 0
3413 79
3412 38
3411 70
3410 31
3409 98
3408 82
3407 86
3406 74
3405 11
3404 51
3403 45
3402 40
3401 45
3400 67
3399 90
3398 98
3397 27
3396 91
3395 65
3394 15
3393 47
3392 4
3391 84
3390 95
3389 44
3388 72
3387 10
3386 72
3385 45
3384 51
3383 7
3382 21
3381 50
3380 77
3379 56
3378 38
3377 6
3376 57
3375 54
3374 94
3373 84
3372 52
3371 38
3370 28
3369 30
3368 81
3367 79
3366 20
3365 54
3364 75
3363 10
3362 91
3361 15
3360 27
3359 96
3358 39
3357 65
3356 63
3355 81
3354 3
3353 84
3352 74
3351 63
3350 16
3349 73
3348 17
3347 48
3346 62
3345 61
3344 74
3343 90
3342 53
3341 70
3340 75
3339 54
3338 41
3337 60
3336 15
3335 91
3334 39
3333 31
3332 23
3331 84
3330 80
3329 50
3328 24
3327 64
3326 52
3325 52
3324 44
3323 12
3322 99
3321 82
3320 14
3319 93
3318 16
3317 9
3316 86
3315 78
3314 77
3313 38
3312 9
3311 75
3310 81
3309 61
3308 42
3307 49
3306 59
3305 18
3304 4
3303 11
3302 84
3301 34
3300 24
3299 43
3298 79
3297 7
3296 63
3295 57
3294 65
3293 48
3292 67
3291 52
3290 77
3289 60
3288 8
3287 86
3286 41
3285 29
3284 8
3283 9
3282 34
3281 39
3280 51
3279 36
3278 69
3277 83
3276 73
3275 33
3274 62
3273 96
3272 86
3271 20
3270 3
3269 51
3268 61
3267 27
3266 7
3265 55
3264 0
3263 60
3262 19
3261 59
3260 29
3259 29
3258 91
3257 3
3256 16
3255 8
3254 26
3253 87
3252 97
3251 55
3250 92
3249 8
3248 87
3247 29
3246 87
3245 98
3244 6
3243 76
3242 45
3241 30
3240 57
3239 4
3238 40
3237 93
3236 7
3235 66
3234 84
3233 7
3232 45
3231 14
3230 96
3229 98
3228 61
3227 43
3226 93
3225 21
3224 96
3223 95
3222 89
3221 99
3220 15
3219 84
3218 80
3217 44
3216 57
3215 99
3214 48
3213 5
3212 30
3211 72
3210 74
3209 41
3208 1
3207 52
3206 49
3205 70
3204 10
3203 39
3202 56
3201 42
3200 23
3199 68
3198 80
3197 45
3196 93
3195 29
3194 96
3193 8
3192 13
3191 38
3190 16
3189 13
3188 16
3187 92
3186 76
3185 78
3184 7
3183 73
3182 51
3181 0
3180 66
3179 65
3178 39
3177 21
3176 63
3175 11
3174 87
3173 20
3172 87
3171 31
3170 74
3169 37
3168 80
3167 13
3166 0
3165 65
3164 22
3163 6
3162 58
3161 1
3160 11
3159 41
3158 65
3157 59
3156 48
3155 96
3154 80
3153 77
3152 99
3151 82
3150 93
3149 71
3148 2
3147 54
3146 80
3145 52
3144 88
3143 56
3142 79
3141 98
3140 24
3139 23
3138 69
3137 0
3136 20
3135 6
3134 31
3133 74
3132 76
3131 71
3130 95
3129 46
3128 82
3127 2
3126 78
3125 73
3124 64
3123 28
3122 25
3121 52
3120 79
3119 67
3118 74
3117 72
3116 90
3115 34
3114 66
3113 15
3112 76
3111 51
3110 88
3109 47
3108 15
3107 15
3106 59
3105 21
3104 88
3103 1
3102 34
3101 91
3100 95
3099 9
3098 13
3097 87
3096 70
3095 53
3094 78
3093 82
3092 14
3091 84
3090 76
3089 86
3088 50
3087 12
3086 95
3085 76
3084 70
3083 46
3082 92
3081 98
3080 45
3079 0
3078 59
3077 47
3076 50
3075 30
3074 91
3073 2
3072 6
3071 36
3070 36
3069 16
3068 8
3067 52
3066 45
3065 40
3064 43
3063 35
3062 52
3061 63
3060 68
3059 30
3058 67
3057 36
3056 1
3055 75
3054 81
3053 79
3052 39
3051 94
3050 96
3049 14
3048 28
3047 13
3046 37
3045 25
3044 4
3043 67
3042 26
3041 26
3040 39
3039 41
3038 40
3037 54
3036 48
3035 17
3034 92
3033 47
3032 96
3031 68
3030 40
3029 91
3028 40
3027 14
3026 17
3025 54
3024 32
3023 93
3022 71
3021 2
3020 18
3019 43
3018 17
3017 37
3016 17
3015 28
3014 93
3013 49
3012 70
3011 74
3010 54
3009 98
3008 97
3007 49
3006 73
3005 30
3004 5
3003 92
3002 46
3001 17
3000 16
2999 46
2998 44
2997 56
2996 68
2995 61
2994 13
2993 16
2992 3
2991 38
2990 66
2989 20
2988 52
2987 18
2986 54
2985 1
2984 45
2983 21
2982 15
2981 62
2980 0
2979 12
2978 63
2977 85
2976 74
2975 0
2974 36
2973 84
2972 29
2971 2
2970 58
2969 51
2968 25
2967 99
2966 58
2965 15
2964 46
2963 92
2962 58
2961 5
2960 93
2959 74
2958 33
2957 86
2956 77
2955 76
2954 84
2953 52
2952 9
2951 73
2950 88
2949 14
2948 1
2947 64
2946 14
2945 72
2944 67
2943 32
2942 97
2941 32
2940 3
2939 96
2938 34
2937 50
2936 37
2935 11
2934 30
2933 7
2932 74
2931 86
2930 70
2929 31
2928 98
2927 52
2926 43
2925 11
2924 97
2923 16
2922 55
2921 36
2920 74
2919 50
2918 28
2917 18
2916 40
2915 95
2914 76
2913 48
2912 15
2911 44
2910 2
2909 95
2908 32
2907 3
2906 89
2905 10
2904 32
2903 47
2902 25
2901 98
2900 78
2899 16
2898 76
2897 7
2896 80
2895 25
2894 2
2893 90
2892 14
2891 38
2890 80
2889 34
2888 38
2887 47
2886 45
2885 58
2884 93
2883 37
2882 16
2881 98
2880 23
2879 13
2878 10
2877 99
2876 39
2875 51
2874 96
2873 99
2872 89
2871 56
2870 52
2869 29
2868 3
2867 66
2866 46
2865 66
2864 63
2863 59
2862 73
2861 28
2860 80
2859 23
2858 56
2857 7
2856 52
2855 44
2854 19
2853 25
2852 17
2851 92
2850 35
2849 67
2848 10
2847 2
2846 15
2845 47
2844 33
2843 20
2842 60
2841 49
2840 78
2839 86
2838 57
2837 28
2836 7
2835 81
2834 98
2833 60
2832 64
2831 28
2830 27
2829 89
2828 59
2827 42
2826 61
2825 7
2824 39
2823 52
2822 78
2821 13
2820 64
2819 11
2818 48
2817 37
2816 78
2815 6
2814 76
2813 55
2812 98
2811 17
2810 80
2809 6
2808 0
2807 90
2806 11
2805 89
2804 66
2803 41
2802 43
2801 40
2800 18
2799 42
2798 58
2797 49
2796 49
2795 50
2794 5
2793 82
2792 54
2791 18
2790 25
2789 97
2788 8
2787 5
2786 43
2785 93
2784 25
2783 90
2782 17
2781 98
2780 76
2779 30
2778 75
2777 61
2776 15
2775 57
2774 67
2773 5
2772 12
2771 76
2770 66
2769 48
2768 30
2767 25
2766 87
2765 30
2764 16
2763 0
2762 3
2761 98
2760 61
2759 41
2758 21
2757 8
2756 55
2755 63
2754 90
2753 9
2752 96
2751 68
2750 63
2749 52
2748 13
2747 65
2746 96
2745 91
2744 37
2743 44
2742 46
2741 94
2740 86
2739 10
2738 79
2737 23
2736 22
2735 31
2734 28
2733 13
2732 83
2731 26
2730 52
2729 3
2728 3
2727 54
2726 68
2725 100
2724 100
2723 63
2722 90
2721 68
2720 99
2719 82
2718 74
2717 13
2716 27
2715 58
2714 5
2713 63
2712 64
2711 1
2710 21
2709 84
2708 53
2707 6
2706 75
2705 18
2704 17
2703 67
2702 21
2701 93
2700 1
2699 95
2698 100
2697 34
2696 95
2695 13
2694 28
2693 30
2692 24
2691 32
2690 14
2689 81
2688 62
2687 38
2686 19
2685 11
2684 67
2683 47
2682 5
2681 19
2680 43
2679 93
2678 39
2677 7
2676 28
2675 30
2674 97
2673 4
2672 100
2671 86
2670 82
2669 11
2668 9
2667 70
2666 5
2665 60
2664 76
2663 22
2662 97
2661 47
2660 25
2659 92
2658 10
2657 85
2656 27
2655 20
2654 20
2653 36
2652 76
2651 10
2650 0
2649 38
2648 27
2647 78
2646 27
2645 54
2644 43
2643 13
2642 61
2641 44
2640 28
2639 72
2638 89
2637 5
2636 6
2635 8
2634 96
2633 41
2632 50
2631 63
2630 63
2629 85
2628 69
2627 85
2626 61
2625 11
2624 43
2623 33
2622 61
2621 22
2620 1
2619 62
2618 77
2617 56
2616 44
2615 30
2614 49
2613 55
2612 79
2611 8
2610 38
2609 55
2608 86
2607 81
2606 88
2605 29
2604 80
2603 8
2602 63
2601 98
2600 92
2599 60
2598 28
2597 21
2596 10
2595 0
2594 23
2593 58
2592 100
2591 6
2590 2
2589 13
2588 73
2587 64
2586 80
2585 71
2584 47
2583 72
2582 42
2581 41
2580 75
2579 1
2578 19
2577 50
2576 17
2575 65
2574 39
2573 87
2572 86
2571 13
2570 94
2569 18
2568 63
2567 89
2566 51
2565 5
2564 46
2563 65
2562 13
2561 31
2560 99
2559 77
2558 98
2557 60
2556 35
2555 73
2554 19
2553 55
2552 15
2551 85
2550 0
2549 88
2548 81
2547 92
2546 37
2545 52
2544 71
2543 71
2542 7
2541 51
2540 40
2539 2
2538 25
2537 6
2536 35
2535 79
2534 75
2533 82
2532 63
2531 4
2530 34
2529 31
2528 95
2527 57
2526 12
2525 81
2524 14
2523 17
2522 89
2521 3
2520 10
2519 35
2518 43
2517 100
2516 72
2515 54
2514 78
2513 33
2512 85
2511 83
2510 62
2509 13
2508 38
2507 16
2506 83
2505 16
2504 27
2503 63
2502 89
2501 69
2500 13
2499 9
2498 54
2497 3
2496 32
2495 47
2494 41
2493 4
2492 32
2491 14
2490 92
2489 80
2488 33
2487 77
2486 95
2485 99
2484 5
2483 40
2482 40
2481 22
2480 96
2479 99
2478 20
2477 60
2476 85
2475 83
2474 66
2473 15
2472 0
2471 91
2470 65
2469 69
2468 29
2467 30
2466 95
2465 0
2464 4
2463 11
2462 5
2461 39
2460 27
2459 98
2458 12
2457 26
2456 17
2455 39
2454 51
2453 28
2452 28
2451 33
2450 94
2449 1
2448 80
2447 58
2446 74
2445 10
2444 11
2443 63
2442 89
2441 71
2440 85
2439 51
2438 4
2437 22
2436 25
2435 17
2434 0
2433 13
2432 89
2431 50
2430 40
2429 48
2428 93
2427 34
2426 57
2425 55
2424 86
2423 48
2422 20
2421 9
2420 68
2419 63
2418 82
2417 13
2416 80
2415 3
2414 23
2413 52
2412 78
2411 52
2410 66
2409 98
2408 55
2407 28
2406 53
2405 34
2404 4
2403 81
2402 88
2401 4
2400 81
2399 7
2398 57
2397 27
2396 76
2395 88
2394 10
2393 86
2392 4
2391 37
2390 21
2389 48
2388 85
2387 50
2386 84
2385 10
2384 77
2383 54
2382 48
2381 68
2380 95
2379 37
2378 53
2377 27
2376 5
2375 66
2374 58
2373 76
2372 27
2371 43
2370 3
2369 87
2368 44
2367 84
2366 44
2365 89
2364 8
2363 87
2362 99
2361 72
2360 12
2359 1
2358 50
2357 8
2356 10
2355 79
2354 95
2353 26
2352 69
2351 16
2350 73
2349 90
2348 93
2347 80
2346 69
2345 82
2344 74
2343 97
2342 63
2341 92
2340 5
2339 96
2338 70
2337 99
2336 40
2335 5
2334 97
2333 77
2332 26
2331 55
2330 86
2329 82
2328 31
2327 32
2326 47
2325 68
2324 80
2323 20
2322 34
2321 52
2320 1
2319 16
2318 55
2317 50
2316 13
2315 82
2314 68
2313 54
2312 63
2311 78
2310 50
2309 82
2308 71
2307 89
2306 1
2305 94
2304 95
2303 35
2302 89
2301 89
2300 77
2299 14
2298 63
2297 50
2296 33
2295 19
2294 94
2293 43
2292 44
2291 0
2290 99
2289 66
2288 40
2287 18
2286 6
2285 97
2284 82
2283 17
2282 31
2281 70
2280 52
2279 3
2278 10
2277 61
2276 96
2275 98
2274 74
2273 93
2272 62
2271 76
2270 76
2269 0
2268 69
2267 67
2266 65
2265 100
2264 16
2263 86
2262 35
2261 80
2260 43
2259 8
2258 12
2257 40
2256 17
2255 36
2254 3
2253 29
2252 69
2251 77
2250 71
2249 19
2248 62
2247 10
2246 34
2245 82
2244 22
2243 78
2242 70
2241 14
2240 99
2239 53
2238 73
2237 23
2236 63
2235 31
2234 64
2233 62
2232 70
2231 15
2230 83
2229 46
2228 40
2227 47
2226 90
2225 25
2224 2
2223 81
2222 29
2221 65
2220 67
2219 9
2218 58
2217 3
2216 19
2215 62
2214 60
2213 8
2212 10
2211 72
2210 1
2209 43
2208 39
2207 79
2206 93
2205 37
2204 4
2203 25
2202 16
2201 27
2200 79
2199 41
2198 94
2197 77
2196 65
2195 35
2194 97
2193 55
2192 3
2191 49
2190 4
2189 74
2188 84
2187 46
2186 28
2185 89
2184 66
2183 36
2182 14
2181 96
2180 28
2179 97
2178 55
2177 64
2176 8
2175 33
2174 30
2173 52
2172 0
2171 91
2170 1
2169 43
2168 91
2167 67
2166 7
2165 45
2164 94
2163 76
2162 53
2161 88
2160 24
2159 15
2158 88
2157 98
2156 25
2155 90
2154 7
2153 64
2152 7
2151 41
2150 74
2149 4
2148 31
2147 95
2146 38
2145 42
2144 67
2143 67
2142 74
2141 16
2140 78
2139 7
2138 87
2137 27
2136 89
2135 80
2134 87
2133 93
2132 2
2131 43
2130 37
2129 73
2128 60
2127 9
2126 93
2125 3
2124 24
2123 18
2122 17
2121 86
2120 39
2119 22
2118 9
2117 23
2116 7
2115 54
2114 80
2113 72
2112 33
2111 76
2110 22
2109 84
2108 76
2107 12
2106 51
2105 36
2104 50
2103 27
2102 16
2101 71
2100 63
2099 43
2098 31
2097 20
2096 9
2095 59
2094 39
2093 97
2092 27
2091 48
2090 41
2089 53
2088 10
2087 46
2086 7
2085 44
2084 59
2083 62
2082 70
2081 28
2080 73
2079 78
2078 78
2077 57
2076 17
2075 81
2074 97
2073 80
2072 22
2071 94
2070 11
2069 72
2068 72
2067 85
2066 35
2065 94
2064 98
2063 80
2062 70
2061 60
2060 93
2059 86
2058 91
2057 38
2056 61
2055 11
2054 91
2053 53
2052 34
2051 34
2050 57
2049 93
2048 21
2047 14
2046 93
2045 33
2044 68
2043 1
2042 100
2041 21
2040 47
2039 31
2038 5
2037 90
2036 84
2035 59
2034 21
2033 69
2032 76
2031 38
2030 11
2029 95
2028 44
2027 39
2026 8
2025 45
2024 71
2023 88
2022 47
2021 93
2020 41
2019 36
2018 77
2017 16
2016 19
2015 26
2014 68
2013 16
2012 85
2011 24
2010 30
2009 33
2008 69
2007 94
2006 31
2005 60
2004 30
2003 36
2002 88
2001 93
2000 66
1999 86
1998 16
1997 78
1996 41
1995 46
1994 73
1993 56
1992 49
1991 20
1990 2
1989 70
1988 43
1987 13
1986 76
1985 29
1984 4
1983 61
1982 9
1981 2
1980 94
1979 28
1978 87
1977 31
1976 53
1975 60
1974 99
1973 84
1972 25
1971 95
1970 25
1969 65
1968 54
1967 78
1966 16
1965 22
1964 33
1963 65
1962 23
1961 83
1960 58
1959 15
1958 60
1957 57
1956 26
1955 21
1954 65
1953 2
1952 23
1951 43
1950 61
1949 66
1948 61
1947 100
1946 43
1945 64
1944 30
1943 61
1942 72
1941 25
1940 59
1939 72
1938 14
1937 59
1936 90
1935 22
1934 47
1933 68
1932 4
1931 12
1930 79
1929 95
1928 88
1927 94
1926 56
1925 89
1924 31
1923 25
1922 4
1921 36
1920 30
1919 85
1918 69
1917 52
1916 92
1915 63
1914 59
1913 10
1912 16
1911 30
1910 18
1909 72
1908 86
1907 50
1906 66
1905 99
1904 40
1903 77
1902 29
1901 91
1900 94
1899 38
1898 56
1897 82
1896 65
1895 3
1894 41
1893 42
1892 77
1891 98
1890 49
1889 4
1888 70
1887 84
1886 84
1885 98
1884 53
1883 51
1882 42
1881 80
1880 48
1879 12
1878 74
1877 64
1876 60
1875 60
1874 57
1873 34
1872 44
1871 89
1870 75
1869 47
1868 4
1867 72
1866 24
1865 45
1864 74
1863 60
1862 53
1861 79
1860 86
1859 93
1858 23
1857 20
1856 55
1855 7
1854 95
1853 67
1852 52
1851 36
1850 18
1849 76
1848 72
1847 46
1846 56
1845 82
1844 2
1843 51
1842 86
1841 84
1840 20
1839 35
1838 58
1837 75
1836 72
1835 78
1834 27
1833 75
1832 44
1831 29
1830 81
1829 75
1828 5
1827 78
1826 62
1825 50
1824 86
1823 20
1822 7
1821 14
1820 56
1819 60
1818 39
1817 26
1816 16
1815 31
1814 31
1813 38
1812 16
1811 86
1810 52
1809 34
1808 48
1807 17
1806 48
1805 100
1804 100
1803 45
1802 30
1801 55
1800 57
1799 40
1798 7
1797 11
1796 60
1795 81
1794 10
1793 92
1792 33
1791 65
1790 83
1789 83
1788 85
1787 95
1786 68
1785 89
1784 72
1783 67
1782 20
1781 72
1780 26
1779 97
1778 14
1777 77
1776 68
1775 13
1774 64
1773 15
1772 65
1771 56
1770 20
1769 98
1768 18
1767 45
1766 63
1765 16
1764 68
1763 92
1762 58
1761 4
1760 2
1759 96
1758 50
1757 82
1756 14
1755 99
1754 78
1753 78
1752 29
1751 44
1750 65
1749 32
1748 79
1747 0
1746 82
1745 100
1744 84
1743 89
1742 29
1741 52
1740 64
1739 94
1738 14
1737 64
1736 73
1735 74
1734 48
1733 35
1732 19
1731 11
1730 26
1729 57
1728 87
1727 18
1726 52
1725 92
1724 28
1723 9
1722 12
1721 73
1720 99
1719 77
1718 26
1717 65
1716 53
1715 75
1714 50
1713 56
1712 86
1711 39
1710 16
1709 48
1708 78
1707 78
1706 93
1705 88
1704 29
1703 73
1702 56
1701 60
1700 22
1699 26
1698 68
1697 4
1696 41
1695 65
1694 65
1693 75
1692 35
1691 62
1690 78
1689 87
1688 7
1687 49
1686 16
1685 37
1684 74
1683 25
1682 32
1681 8
1680 10
1679 78
1678 23
1677 98
1676 28
1675 29
1674 77
1673 9
1672 93
1671 90
1670 55
1669 40
1668 41
1667 62
1666 47
1665 45
1664 9
1663 98
1662 13
1661 90
1660 8
1659 12
1658 81
1657 32
1656 19
1655 72
1654 28
1653 51
1652 8
1651 22
1650 40
1649 63
1648 21
1647 91
1646 35
1645 24
1644 8
1643 46
1642 67
1641 17
1640 37
1639 62
1638 17
1637 30
1636 36
1635 25
1634 58
1633 41
1632 34
1631 76
1630 25
1629 77
1628 60
1627 44
1626 7
1625 32
1624 64
1623 60
1622 96
1621 97
1620 11
1619 84
1618 56
1617 5
1616 28
1615 49
1614 96
1613 76
1612 76
1611 11
1610 82
1609 75
1608 82
1607 10
1606 50
1605 49
1604 34
1603 66
1602 1
1601 19
1600 95
1599 68
1598 59
1597 74
1596 25
1595 60
1594 12
1593 87
1592 53
1591 41
1590 54
1589 33
1588 70
1587 97
1586 86
1585 95
1584 89
1583 14
1582 88
1581 91
1580 54
1579 55
1578 29
1577 9
1576 50
1575 65
1574 4
1573 70
1572 93
1571 83
1570 32
1569 35
1568 89
1567 84
1566 94
1565 8
1564 64
1563 51
1562 44
1561 16
1560 14
1559 25
1558 29
1557 72
1556 33
1555 57
1554 16
1553 29
1552 83
1551 92
1550 58
1549 17
1548 96
1547 66
1546 53
1545 52
1544 97
1543 36
1542 81
1541 33
1540 96
1539 97
1538 89
1537 19
1536 81
1535 52
1534 23
1533 93
1532 64
1531 15
1530 95
1529 36
1528 0
1527 8
1526 95
1525 87
1524 98
1523 15
1522 70
1521 28
1520 6
1519 91
1518 55
1517 63
1516 16
1515 5
1514 70
1513 52
1512 41
1511 11
1510 97
1509 82
1508 52
1507 57
1506 70
1505 12
1504 22
1503 49
1502 93
1501 46
1500 51
1499 24
1498 65
1497 28
1496 90
1495 95
1494 91
1493 100
1492 9
1491 31
1490 1
1489 64
1488 7
1487 96
1486 71
1485 8
1484 64
1483 30
1482 42
1481 2
1480 20
1479 74
1478 28
1477 87
1476 14
1475 49
1474 60
1473 60
1472 70
1471 47
1470 90
1469 33
1468 61
1467 31
1466 37
1465 87
1464 63
1463 29
1462 48
1461 50
1460 3
1459 75
1458 74
1457 66
1456 32
1455 7
1454 74
1453 46
1452 90
1451 50
1450 94
1449 35
1448 95
1447 2
1446 24
1445 65
1444 39
1443 11
1442 89
1441 59
1440 83
1439 76
1438 91
1437 97
1436 95
1435 8
1434 92
1433 59
1432 34
1431 78
1430 66
1429 13
1428 77
1427 38
1426 87
1425 80
1424 79
1423 66
1422 38
1421 85
1420 48
1419 30
1418 76
1417 66
1416 86
1415 65
1414 71
1413 90
1412 3
1411 41
1410 92
1409 89
1408 85
1407 100
1406 26
1405 60
1404 39
1403 48
1402 93
1401 94
1400 93
1399 48
1398 67
1397 37
1396 73
1395 84
1394 29
1393 37
1392 14
1391 38
1390 56
1389 1
1388 79
1387 28
1386 52
1385 45
1384 2
1383 98
1382 9
1381 81
1380 88
1379 18
1378 57
1377 42
1376 97
1375 84
1374 56
1373 71
1372 50
1371 22
1370 93
1369 12
1368 66
1367 99
1366 36
1365 53
1364 4
1363 84
1362 90
1361 68
1360 78
1359 92
1358 99
1357 46
1356 38
1355 40
1354 35
1353 50
1352 90
1351 0
1350 49
1349 2
1348 60
1347 46
1346 82
1345 30
1344 72
1343 35
1342 15
1341 77
1340 53
1339 56
1338 5
1337 34
1336 59
1335 79
1334 45
1333 78
1332 11
1331 20
1330 14
1329 0
1328 50
1327 66
1326 80
1325 13
1324 13
1323 53
1322 31
1321 53
1320 0
1319 30
1318 68
1317 34
1316 13
1315 80
1314 8
1313 90
1312 5
1311 3
1310 91
1309 73
1308 49
1307 10
1306 52
1305 8
1304 55
1303 70
1302 87
1301 26
1300 61
1299 8
1298 26
1297 100
1296 90
1295 66
1294 4
1293 100
1292 97
1291 69
1290 56
1289 6
1288 99
1287 66
1286 6
1285 79
1284 14
1283 5
1282 5
1281 30
1280 11
1279 54
1278 73
1277 50
1276 36
1275 18
1274 91
1273 43
1272 14
1271 78
1270 19
1269 76
1268 17
1267 87
1266 23
1265 93
1264 53
1263 79
1262 21
1261 68
1260 4
1259 0
1258 35
1257 92
1256 12
1255 76
1254 78
1253 87
1252 37
1251 43
1250 4
1249 90
1248 33
1247 100
1246 1
1245 53
1244 28
1243 97
1242 84
1241 7
1240 7
1239 100
1238 43
1237 76
1236 92
1235 27
1234 45
1233 40
1232 90
1231 80
1230 94
1229 58
1228 79
1227 11
1226 94
1225 50
1224 47
1223 0
1222 74
1221 40
1220 4
1219 19
1218 64
1217 88
1216 31
1215 42
1214 93
1213 94
1212 4
1211 77
1210 1
1209 61
1208 81
1207 44
1206 73
1205 73
1204 14
1203 50
1202 11
1201 80
1200 19
1199 42
1198 38
1197 45
1196 14
1195 18
1194 92
1193 59
1192 30
1191 18
1190 61
1189 95
1188 47
1187 14
1186 1
1185 55
1184 69
1183 74
1182 88
1181 20
1180 75
1179 85
1178 83
1177 95
1176 57
1175 51
1174 35
1173 58
1172 0
1171 12
1170 64
1169 29
1168 18
1167 22
1166 86
1165 68
1164 65
1163 16
1162 7
1161 13
1160 29
1159 68
1158 95
1157 76
1156 75
1155 73
1154 86
1153 39
1152 5
1151 81
1150 84
1149 37
1148 50
1147 26
1146 51
1145 55
1144 96
1143 6
1142 14
1141 20
1140 36
1139 81
1138 13
1137 24
1136 54
1135 14
1134 43
1133 76
1132 34
1131 24
1130 82
1129 83
1128 84
1127 31
1126 31
1125 1
1124 1
1123 18
1122 95
1121 39
1120 54
1119 10
1118 58
1117 76
1116 31
1115 66
1114 27
1113 26
1112 26
1111 56
1110 42
1109 56
1108 84
1107 14
1106 93
1105 79
1104 23
1103 90
1102 72
1101 54
1100 59
1099 18
1098 0
1097 47
1096 41
1095 61
1094 88
1093 64
1092 69
1091 38
1090 63
1089 50
1088 83
1087 80
1086 30
1085 93
1084 26
1083 6
1082 99
1081 54
1080 14
1079 6
1078 7
1077 56
1076 13
1075 46
1074 45
1073 50
1072 52
1071 68
1070 75
1069 85
1068 29
1067 31
1066 69
1065 38
1064 34
1063 100
1062 66
1061 61
1060 6
1059 96
1058 34
1057 81
1056 83
1055 2
1054 68
1053 7
1052 31
1051 67
1050 43
1049 96
1048 14
1047 32
1046 9
1045 44
1044 55
1043 58
1042 16
1041 97
1040 84
1039 72
1038 94
1037 32
1036 10
1035 59
1034 29
1033 28
1032 63
1031 52
1030 96
1029 58
1028 79
1027 25
1026 2
1025 10
1024 37
1023 100
1022 46
1021 78
1020 94
1019 54
1018 22
1017 12
1016 44
1015 38
1014 60
1013 32
1012 75
1011 90
1010 28
1009 31
1008 39
1007 50
1006 19
1005 28
1004 70
1003 70
1002 40
1001 93
1000 58
999 15
998 0
997 41
996 41
995 14
994 89
993 76
992 33
991 66
990 24
989 75
988 87
987 38
986 89
985 25
984 99
983 17
982 77
981 17
980 66
979 56
978 37
977 42
976 64
975 9
974 46
973 76
972 27
971 98
970 92
969 9
968 81
967 55
966 58
965 57
964 17
963 64
962 8
961 76
960 40
959 72
958 16
957 64
956 56
955 84
954 24
953 36
952 93
951 80
950 73
949 6
948 11
947 81
946 17
945 71
944 38
943 27
942 33
941 26
940 59
939 25
938 51
937 80
936 27
935 79
934 13
933 39
932 11
931 13
930 74
929 68
928 92
927 28
926 35
925 52
924 75
923 91
922 38
921 88
920 73
919 95
918 80
917 74
916 49
915 9
914 3
913 62
912 92
911 32
910 13
909 5
908 48
907 54
906 82
905 11
904 15
903 88
902 48
901 72
900 19
899 70
898 54
897 52
896 70
895 31
894 70
893 12
892 18
891 88
890 87
889 59
888 19
887 82
886 76
885 86
884 73
883 16
882 41
881 3
880 94
879 61
878 14
877 47
876 18
875 73
874 55
873 90
872 73
871 54
870 11
869 64
868 98
867 3
866 2
865 72
864 30
863 89
862 66
861 32
860 69
859 98
858 18
857 83
856 68
855 78
854 98
853 56
852 83
851 45
850 73
849 30
848 63
847 96
846 85
845 39
844 67
843 69
842 35
841 84
840 36
839 18
838 97
837 86
836 2
835 12
834 45
833 46
832 61
831 26
830 41
829 45
828 42
827 65
826 19
825 84
824 69
823 84
822 65
821 99
820 1
819 7
818 37
817 63
816 50
815 100
814 5
813 86
812 59
811 40
810 61
809 95
808 53
807 8
806 59
805 97
804 90
803 22
802 97
801 13
800 14
799 53
798 7
797 19
796 80
795 81
794 2
793 66
792 74
791 25
790 95
789 53
788 91
787 70
786 23
785 70
784 35
783 74
782 37
781 2
780 30
779 24
778 64
777 21
776 66
775 76
774 38
773 31
772 11
771 61
770 77
769 39
768 32
767 100
766 54
765 95
764 59
763 75
762 38
761 13
760 68
759 22
758 52
757 28
756 18
755 75
754 83
753 33
752 100
751 6
750 53
749 72
748 20
747 20
746 82
745 23
744 65
743 57
742 15
741 1
740 14
739 88
738 19
737 2
736 63
735 83
734 10
733 46
732 8
731 65
730 33
729 49
728 80
727 74
726 60
725 28
724 21
723 83
722 30
721 36
720 48
719 44
718 74
717 60
716 76
715 27
714 81
713 72
712 14
711 18
710 91
709 2
708 29
707 6
706 46
705 15
704 54
703 77
702 0
701 90
700 34
699 47
698 1
697 39
696 82
695 23
694 16
693 30
692 12
691 49
690 86
689 95
688 41
687 66
686 24
685 61
684 23
683 83
682 71
681 99
680 25
679 90
678 82
677 60
676 61
675 69
674 37
673 90
672 76
671 11
670 43
669 88
668 59
667 9
666 70
665 50
664 37
663 64
662 99
661 2
660 27
659 15
658 98
657 63
656 34
655 98
654 54
653 40
652 39
651 79
650 92
649 67
648 64
647 21
646 18
645 17
644 43
643 57
642 26
641 24
640 56
639 7
638 12
637 93
636 99
635 51
634 96
633 55
632 24
631 64
630 77
629 84
628 1
627 12
626 88
625 30
624 75
623 65
622 84
621 94
620 27
619 42
618 27
617 1
616 5
615 58
614 51
613 66
612 20
611 21
610 69
609 56
608 41
607 43
606 73
605 93
604 18
603 85
602 91
601 98
600 90
599 63
598 16
597 97
596 100
595 65
594 84
593 92
592 58
591 1
590 81
589 20
588 21
587 2
586 65
585 82
584 23
583 32
582 60
581 76
580 100
579 37
578 60
577 91
576 13
575 92
574 17
573 30
572 33
571 92
570 57
569 30
568 31
567 20
566 55
565 93
564 40
563 55
562 42
561 92
560 50
559 82
558 61
557 36
556 70
555 47
554 10
553 91
552 59
551 54
550 77
549 79
548 26
547 12
546 96
545 25
544 13
543 16
542 38
541 83
540 82
539 52
538 91
537 42
536 87
535 5
534 66
533 98
532 28
531 13
530 50
529 66
528 38
527 3
526 83
525 33
524 72
523 2
522 43
521 53
520 29
519 76
518 75
517 9
516 26
515 78
514 86
513 24
512 72
511 10
510 66
509 19
508 46
507 94
506 10
505 72
504 51
503 2
502 100
501 84
500 98
499 64
498 69
497 11
496 6
495 46
494 40
493 54
492 31
491 36
490 31
489 11
488 39
487 52
486 37
485 37
484 16
483 35
482 100
481 59
480 39
479 59
478 18
477 96
476 80
475 53
474 2
473 38
472 27
471 97
470 79
469 86
468 88
467 77
466 68
465 83
464 9
463 36
462 14
461 69
460 67
459 45
458 95
457 47
456 11
455 20
454 21
453 89
452 69
451 54
450 48
449 51
448 87
447 7
446 38
445 10
444 11
443 49
442 40
441 83
440 7
439 95
438 67
437 98
436 89
435 62
434 82
433 58
432 73
431 51
430 50
429 42
428 97
427 75
426 16
425 4
424 45
423 100
422 18
421 25
420 52
419 85
418 52
417 92
416 47
415 97
414 18
413 40
412 26
411 79
410 77
409 72
408 59
407 41
406 96
405 89
404 76
403 12
402 87
401 99
400 60
399 70
398 95
397 31
396 88
395 55
394 5
393 32
392 88
391 41
390 55
389 19
388 24
387 29
386 76
385 67
384 89
383 94
382 12
381 66
380 93
379 50
378 13
377 40
376 38
375 34
374 94
373 32
372 92
371 48
370 97
369 72
368 92
367 94
366 34
365 77
364 41
363 93
362 45
361 63
360 87
359 41
358 66
357 4
356 98
355 25
354 100
353 81
352 63
351 25
350 91
349 88
348 59
347 4
346 83
345 31
344 3
343 60
342 47
341 85
340 57
339 14
338 21
337 34
336 4
335 11
334 19
333 21
332 80
331 21
330 21
329 69
328 5
327 99
326 51
325 37
324 33
323 83
322 73
321 59
320 49
319 13
318 63
317 87
316 67
315 17
314 62
313 38
312 69
311 2
310 93
309 82
308 33
307 84
306 33
305 91
304 65
303 69
302 54
301 61
300 68
299 76
298 39
297 91
296 84
295 31
294 86
293 63
292 25
291 13
290 77
289 50
288 13
287 5
286 70
285 41
284 36
283 46
282 8
281 45
280 7
279 69
278 37
277 43
276 80
275 36
274 36
273 96
272 13
271 25
270 81
269 47
268 4
267 16
266 49
265 88
264 82
263 48
262 26
261 20
260 96
259 28
258 41
257 73
256 92
255 6
254 78
253 2
252 65
251 90
250 26
249 44
248 8
247 93
246 47
245 3
244 94
243 51
242 46
241 42
240 35
239 30
238 51
237 65
236 45
235 50
234 6
233 77
232 13
231 71
230 38
229 28
228 73
227 47
226 34
225 59
224 22
223 14
222 75
221 47
220 30
219 6
218 16
217 7
216 13
215 14
214 71
213 80
212 71
211 75
210 58
209 93
208 30
207 95
206 70
205 56
204 94
203 70
202 55
201 2
200 73
199 44
198 76
197 65
196 46
195 61
194 66
193 47
192 4
191 85
190 71
189 56
188 77
187 97
186 25
185 33
184 37
183 43
182 19
181 34
180 68
179 96
178 79
177 90
176 10
175 28
174 91
173 52
172 65
171 22
170 21
169 67
168 23
167 37
166 61
165 73
164 71
163 9
162 73
161 99
160 2
159 27
158 31
157 77
156 4
155 19
154 51
153 28
152 34
151 99
150 20
149 75
148 70
147 72
146 100
145 50
144 53
143 21
142 41
141 58
140 45
139 85
138 76
137 9
136 62
135 93
134 41
133 17
132 19
131 25
130 51
129 4
128 43
127 76
126 17
125 6
124 44
123 100
122 75
121 22
120 19
119 61
118 61
117 77
116 27
115 24
114 5
113 35
112 24
111 27
110 45
109 2
108 24
107 85
106 18
105 61
104 32
103 5
102 48
101 38
100 15
99 69
98 25
97 9
96 31
95 17
94 56
93 26
92 94
91 45
90 82
89 80
88 37
87 2
86 7
85 18
84 70
83 49
82 23
81 5
80 65
79 33
78 68
77 13
76 59
75 90
74 40
73 75
72 2
71 7
70 36
69 62
68 75
67 82
66 15
65 30
64 87
63 57
62 83
61 94
60 48
59 49
58 79
57 53
56 40
55 34
54 76
53 100
52 93
51 1
50 39
49 49
48 57
47 25
46 91
45 57
44 6
43 36
42 15
41 64
40 93
39 94
38 20
37 25
36 75
35 32
34 96
33 92
32 96
31 86
30 25
29 12
28 95
27 64
26 30
25 61
24 65
23 93
22 48
21 7
20 77
19 28
18 91
17 68
16 4
15 40
14 18
13 3
12 23
11 68
10 95
9 52
8 100
7 47
6 28
5 41
4 48
3 60
2 50
1 16
0 25
