5000 72
4999 66
4998 19
4997 57
4996 33
4995 87
4994 58
4993 68
4992 23
4991 45
4990 89
4989 41
4988 1
4987 29
4986 6
4985 22
4984 85
4983 91
4982 53
4981 29
4980 11
4979 78
4978 50
4977 19
4976 53
4975 2
4974 53
4973 95
4972 27
4971 46
4970 35
4969 75
4968 54
4967 64
4966 53
4965 37
4964 79
4963 86
4962 60
4961 43
4960 71
4959 63
4958 40
4957 96
4956 51
4955 83
4954 42
4953 67
4952 64
4951 73
4950 4
4949 56
4948 81
4947 3
4946 13
4945 12
4944 54
4943 35
4942 39
4941 49
4940 90
4939 79
4938 63
4937 65
4936 20
4935 21
4934 97
4933 36
4932 28
4931 67
4930 65
4929 100
4928 61
4927 22
4926 8
4925 2
4924 44
4923 90
4922 67
4921 51
4920 53
4919 80
4918 3
4917 66
4916 47
4915 99
4914 72
4913 23
4912 46
4911 77
4910 52
4909 80
4908 35
4907 34
4906 73
4905 37
4904 53
4903 3
4902 2
4901 27
4900 27
4899 68
4898 7
4897 38
4896 87
4895 63
4894 63
4893 10
4892 55
4891 46
4890 25
4889 24
4888 63
4887 33
4886 8
4885 81
4884 41
4883 51
4882 69
4881 62
4880 91
4879 4
4878 88
4877 8
4876 30
4875 58
4874 74
4873 93
4872 58
4871 68
4870 69
4869 70
4868 85
4867 72
4866 71
4865 93
4864 66
4863 46
4862 70
4861 64
4860 97
4859 29
4858 50
4857 56
4856 89
4855 69
4854 89
4853 32
4852 83
4851 0
4850 18
4849 86
4848 82
4847 85
4846 79
4845 28
4844 100
4843 95
4842 53
4841 46
4840 76
4839 32
4838 65
4837 63
4836 75
4835 31
4834 38
4833 68
4832 54
4831 18
4830 38
4829 66
4828 15
4827 84
4826 8
4825 28
4824 100
4823 33
4822 28
4821 32
4820 5
4819 92
4818 33
4817 1
4816 4
4815 39
4814 8
4813 32
4812 14
4811 63
4810 59
4809 49
4808 99
4807 19
4806 28
4805 14
4804 35
4803 15
4802 85
4801 88
4800 27
4799 59
4798 10
4797 14
4796 100
4795 36
4794 82
4793 0
4792 23
4791 87
4790 59
4789 20
4788 71
4787 11
4786 72
4785 29
4784 77
4783 94
4782 6
4781 29
4780 17
4779 58
4778 99
4777 96
4776 94
4775 94
4774 82
4773 75
4772 8
4771 74
4770 9
4769 24
4768 27
4767 0
4766 14
4765 76
4764 82
4763 52
4762 86
4761 16
4760 63
4759 82
4758 37
4757 69
4756 47
4755 79
4754 57
4753 87
4752 26
4751 83
4750 61
4749 88
4748 64
4747 80
4746 45
4745 72
4744 99
4743 0
4742 13
4741 91
4740 9
4739 100
4738 75
4737 7
4736 17
4735 69
4734 99
4733 54
4732 51
4731 26
4730 85
4729 66
4728 10
4727 53
4726 43
4725 21
4724 20
4723 42
4722 56
4721 33
4720 56
4719 70
4718 31
4717 48
4716 58
4715 54
4714 57
4713 65
4712 28
4711 73
4710 76
4709 87
4708 83
4707 39
4706 90
4705 56
4704 34
4703 32
4702 66
4701 12
4700 15
4699 43
4698 18
4697 4
4696 57
4695 9
4694 60
4693 35
4692 64
4691 28
4690 35
4689 58
4688 40
4687 3
4686 61
4685 91
4684 49
4683 86
4682 9
4681 85
4680 78
4679 42
4678 92
4677 98
4676 40
4675 64
4674 23
4673 5
4672 44
4671 65
4670 78
4669 44
4668 43
4667 69
4666 28
4665 33
4664 6
4663 15
4662 12
4661 18
4660 71
4659 9
4658 99
4657 43
4656 7
4655 6
4654 86
4653 2
4652 15
4651 34
4650 69
4649 9
4648 41
4647 40
4646 99
4645 69
4644 92
4643 72
4642 74
4641 37
4640 33
4639 90
4638 33
4637 35
4636 2
4635 89
4634 86
4633 79
4632 46
4631 92
4630 39
4629 2
4628 85
4627 82
4626 73
4625 94
4624 97
4623 6
4622 66
4621 0
4620 75
4619 19
4618 49
4617 11
4616 64
4615 79
4614 73
4613 36
4612 63
4611 95
4610 29
4609 38
4608 68
4607 2
4606 23
4605 15
4604 33
4603 63
4602 87
4601 51
4600 86
4599 54
4598 73
4597 45
4596 56
4595 90
4594 15
4593 71
4592 56
4591 42
4590 25
4589 59
4588 89
4587 21
4586 2
4585 29
4584 39
4583 92
4582 62
4581 10
4580 30
4579 80
4578 82
4577 17
4576 53
4575 0
4574 47
4573 17
4572 44
4571 10
4570 60
4569 12
4568 62
4567 96
4566 47
4565 68
4564 95
4563 73
4562 95
4561 47
4560 22
4559 63
4558 81
4557 91
4556 21
4555 9
4554 4
4553 10
4552 35
4551 38
4550 32
4549 37
4548 11
4547 54
4546 74
4545 67
4544 66
4543 7
4542 10
4541 73
4540 25
4539 70
4538 34
4537 25
4536 73
4535 6
4534 77
4533 95
4532 26
4531 20
4530 96
4529 43
4528 3
4527 44
4526 0
4525 25
4524 57
4523 90
4522 2
4521 45
4520 76
4519 16
4518 76
4517 28
4516 81
4515 42
4514 56
4513 3
4512 19
4511 90
4510 51
4509 84
4508 47
4507 44
4506 46
4505 37
4504 72
4503 47
4502 99
4501 81
4500 24
4499 43
4498 64
4497 92
4496 14
4495 100
4494 62
4493 90
4492 13
4491 64
4490 80
4489 43
4488 46
4487 75
4486 79
4485 6
4484 98
4483 79
4482 15
4481 52
4480 99
4479 73
4478 85
4477 17
4476 100
4475 45
4474 18
4473 80
4472 39
4471 14
4470 94
4469 92
4468 65
4467 63
4466 40
4465 55
4464 81
4463 40
4462 44
4461 67
4460 7
4459 61
4458 37
4457 45
4456 80
4455 50
4454 91
4453 20
4452 28
4451 45
4450 14
4449 92
4448 91
4447 56
4446 39
4445 91
4444 28
4443 4
4442 5
4441 43
4440 33
4439 98
4438 20
4437 25
4436 54
4435 50
4434 8
4433 3
4432 97
4431 20
4430 40
4429 74
4428 48
4427 51
4426 44
4425 60
4424 84
4423 84
4422 99
4421 34
4420 54
4419 22
4418 100
4417 29
4416 97
4415 48
4414 43
4413 68
4412 71
4411 91
4410 10
4409 60
4408 90
4407 68
4406 45
4405 23
4404 97
4403 32
4402 55
4401 41
4400 76
4399 82
4398 5
4397 78
4396 57
4395 33
4394 5
4393 17
4392 34
4391 59
4390 53
4389 25
4388 30
4387 46
4386 92
4385 3
4384 64
4383 78
4382 2
4381 20
4380 63
4379 23
4378 41
4377 33
4376 41
4375 46
4374 42
4373 61
4372 89
4371 5
4370 17
4369 56
4368 2
4367 41
4366 71
4365 90
4364 8
4363 37
4362 71
4361 77
4360 49
4359 88
4358 29
4357 24
4356 36
4355 36
4354 37
4353 56
4352 70
4351 55
4350 98
4349 34
4348 38
4347 31
4346 25
4345 40
4344 6
4343 76
4342 23
4341 91
4340 79
4339 36
4338 9
4337 2
4336 69
4335 68
4334 85
4333 14
4332 35
4331 65
4330 28
4329 10
4328 59
4327 13
4326 35
4325 26
4324 45
4323 64
4322 15
4321 65
4320 23
4319 37
4318 79
4317 71
4316 66
4315 71
4314 11
4313 10
4312 73
4311 14
4310 81
4309 94
4308 48
4307 67
4306 27
4305 22
4304 79
4303 25
4302 80
4301 30
4300 46
4299 16
4298 96
4297 17
4296 27
4295 61
4294 61
4293 15
4292 79
4291 99
4290 69
4289 43
4288 83
4287 88
4286 97
4285 20
4284 90
4283 20
4282 22
4281 16
4280 17
4279 18
4278 8
4277 23
4276 31
4275 54
4274 80
4273 70
4272 40
4271 85
4270 46
4269 57
4268 54
4267 51
4266 74
4265 12
4264 35
4263 81
4262 1
4261 57
4260 56
4259 86
4258 94
4257 26
4256 35
4255 68
4254 79
4253 32
4252 60
4251 73
4250 61
4249 43
4248 82
4247 21
4246 20
4245 95
4244 89
4243 28
4242 91
4241 81
4240 52
4239 76
4238 25
4237 70
4236 9
4235 32
4234 29
4233 41
4232 83
4231 0
4230 95
4229 1
4228 82
4227 7
4226 53
4225 9
4224 80
4223 51
4222 7
4221 13
4220 5
4219 31
4218 39
4217 27
4216 92
4215 2
4214 4
4213 51
4212 50
4211 66
4210 93
4209 43
4208 92
4207 12
4206 8
4205 18
4204 40
4203 53
4202 67
4201 1
4200 77
4199 25
4198 93
4197 61
4196 46
4195 7
4194 75
4193 59
4192 77
4191 39
4190 30
4189 63
4188 3
4187 47
4186 18
4185 6
4184 59
4183 46
4182 9
4181 90
4180 45
4179 19
4178 55
4177 76
4176 16
4175 49
4174 94
4173 98
4172 73
4171 93
4170 69
4169 32
4168 50
4167 67
4166 90
4165 99
4164 16
4163 65
4162 19
4161 4
4160 39
4159 8
4158 23
4157 7
4156 47
4155 47
4154 15
4153 26
4152 28
4151 32
4150 71
4149 62
4148 76
4147 8
4146 84
4145 38
4144 37
4143 85
4142 72
4141 91
4140 22
4139 65
4138 59
4137 71
4136 35
4135 12
4134 7
4133 12
4132 41
4131 30
4130 88
4129 55
4128 83
4127 83
4126 76
4125 51
4124 47
4123 9
4122 80
4121 65
4120 11
4119 79
4118 59
4117 97
4116 69
4115 52
4114 44
4113 98
4112 13
4111 96
4110 49
4109 64
4108 23
4107 71
4106 30
4105 11
4104 82
4103 79
4102 74
4101 46
4100 92
4099 15
4098 39
4097 45
4096 54
4095 35
4094 95
4093 77
4092 71
4091 68
4090 72
4089 93
4088 28
4087 81
4086 13
4085 97
4084 67
4083 57
4082 56
4081 44
4080 43
4079 45
4078 59
4077 5
4076 44
4075 27
4074 28
4073 63
4072 84
4071 23
4070 33
4069 88
4068 69
4067 77
4066 45
4065 13
4064 88
4063 91
4062 38
4061 72
4060 74
4059 89
4058 51
4057 57
4056 36
4055 5
4054 56
4053 28
4052 83
4051 76
4050 50
4049 100
4048 42
4047 62
4046 8
4045 100
4044 66
4043 42
4042 6
4041 9
4040 47
4039 95
4038 7
4037 96
4036 84
4035 83
4034 58
4033 48
4032 69
4031 87
4030 90
4029 6
4028 6
4027 83
4026 87
4025 54
4024 1
4023 48
4022 28
4021 21
4020 13
4019 96
4018 24
4017 84
4016 62
4015 92
4014 89
4013 97
4012 74
4011 35
4010 97
4009 79
4008 85
4007 48
4006 18
4005 9
4004 46
4003 78
4002 75
4001 53
4000 26
3999 66
3998 72
3997 65
3996 75
3995 17
3994 53
3993 36
3992 56
3991 43
3990 43
3989 84
3988 77
3987 60
3986 38
3985 28
3984 85
3983 81
3982 43
3981 79
3980 60
3979 99
3978 85
3977 29
3976 68
3975 60
3974 75
3973 60
3972 49
3971 27
3970 56
3969 57
3968 72
3967 98
3966 35
3965 94
3964 86
3963 100
3962 53
3961 5
3960 97
3959 75
3958 13
3957 35
3956 25
3955 19
3954 25
3953 92
3952 30
3951 10
3950 74
3949 14
3948 63
3947 74
3946 76
3945 25
3944 41
3943 12
3942 81
3941 65
3940 96
3939 67
3938 3
3937 11
3936 91
3935 30
3934 40
3933 76
3932 73
3931 65
3930 13
3929 70
3928 5
3927 68
3926 50
3925 28
3924 74
3923 79
3922 52
3921 51
3920 35
3919 85
3918 36
3917 51
3916 48
3915 33
3914 88
3913 30
3912 73
3911 43
3910 35
3909 18
3908 32
3907 60
3906 59
3905 24
3904 21
3903 71
3902 62
3901 57
3900 3
3899 61
3898 79
3897 90
3896 13
3895 53
3894 90
3893 69
3892 35
3891 86
3890 71
3889 57
3888 15
3887 75
3886 72
3885 63
3884 37
3883 79
3882 7
3881 48
3880 55
3879 25
3878 96
3877 100
3876 45
3875 86
3874 67
3873 49
3872 82
3871 97
3870 16
3869 86
3868 10
3867 75
3866 85
3865 24
3864 80
3863 72
3862 58
3861 42
3860 74
3859 4
3858 36
3857 41
3856 72
3855 83
3854 100
3853 61
3852 70
3851 78
3850 74
3849 84
3848 72
3847 92
3846 28
3845 14
3844 37
3843 19
3842 83
3841 18
3840 86
3839 58
3838 72
3837 17
3836 97
3835 57
3834 24
3833 30
3832 53
3831 60
3830 1
3829 100
3828 33
3827 66
3826 84
3825 82
3824 98
3823 95
3822 3
3821 1
3820 45
3819 85
3818 89
3817 23
3816 69
3815 48
3814 27
3813 88
3812 63
3811 63
3810 85
3809 94
3808 79
3807 88
3806 50
3805 97
3804 97
3803 86
3802 57
3801 56
3800 12
3799 8
3798 83
3797 12
3796 12
3795 6
3794 20
3793 21
3792 7
3791 25
3790 18
3789 57
3788 6
3787 65
3786 27
3785 68
3784 37
3783 60
3782 44
3781 14
3780 14
3779 38
3778 30
3777 58
3776 18
3775 28
3774 86
3773 65
3772 87
3771 97
3770 15
3769 63
3768 88
3767 54
3766 88
3765 66
3764 87
3763 48
3762 65
3761 42
3760 67
3759 36
3758 50
3757 5
3756 27
3755 3
3754 64
3753 9
3752 29
3751 0
3750 94
3749 4
3748 3
3747 31
3746 16
3745 94
3744 15
3743 64
3742 9
3741 51
3740 76
3739 49
3738 57
3737 8
3736 2
3735 30
3734 49
3733 100
3732 43
3731 34
3730 32
3729 66
3728 43
3727 63
3726 16
3725 32
3724 50
3723 18
3722 44
3721 71
3720 23
3719 77
3718 74
3717 84
3716 82
3715 0
3714 14
3713 36
3712 17
3711 40
3710 4
3709 85
3708 13
3707 98
3706 74
3705 85
3704 19
3703 81
3702 26
3701 41
3700 90
3699 38
3698 41
3697 35
3696 52
3695 80
3694 92
3693 9
3692 50
3691 58
3690 66
3689 19
3688 49
3687 9
3686 86
3685 53
3684 99
3683 31
3682 16
3681 83
3680 93
3679 24
3678 4
3677 99
3676 87
3675 65
3674 12
3673 86
3672 76
3671 52
3670 62
3669 47
3668 51
3667 29
3666 62
3665 94
3664 98
3663 61
3662 47
3661 51
3660 95
3659 32
3658 4
3657 76
3656 29
3655 57
3654 35
3653 68
3652 64
3651 59
3650 78
3649 70
3648 79
3647 88
3646 2
3645 76
3644 90
3643 12
3642 0
3641 1
3640 65
3639 27
3638 29
3637 28
3636 3
3635 80
3634 89
3633 14
3632 40
3631 26
3630 20
3629 51
3628 91
3627 3
3626 89
3625 27
3624 56
3623 30
3622 78
3621 50
3620 50
3619 39
3618 47
3617 78
3616 71
3615 48
3614 14
3613 96
3612 55
3611 22
3610 67
3609 70
3608 30
3607 38
3606 29
3605 61
3604 23
3603 59
3602 88
3601 52
3600 54
3599 43
3598 47
3597 66
3596 89
3595 74
3594 42
3593 75
3592 74
3591 21
3590 38
3589 82
3588 59
3587 43
3586 27
3585 39
3584 78
3583 53
3582 3
3581 23
3580 55
3579 36
3578 1
3577 26
3576 72
3575 15
3574 67
3573 44
3572 87
3571 3
3570 95
3569 23
3568 85
3567 12
3566 58
3565 37
3564 86
3563 88
3562 86
3561 20
3560 37
3559 15
3558 1
3557 67
3556 33
3555 86
3554 82
3553 66
3552 75
3551 83
3550 52
3549 94
3548 66
3547 13
3546 91
3545 73
3544 43
3543 17
3542 86
3541 8
3540 40
3539 44
3538 98
3537 29
3536 62
3535 85
3534 75
3533 33
3532 44
3531 16
3530 0
3529 42
3528 38
3527 20
3526 56
3525 39
3524 66
3523 59
3522 74
3521 90
3520 38
3519 49
3518 97
3517 40
3516 8
3515 41
3514 15
3513 80
3512 16
3511 97
3510 12
3509 71
3508 88
3507 0
3506 32
3505 85
3504 41
3503 20
3502 29
3501 31
3500 6
3499 84
3498 86
3497 55
3496 41
3495 14
3494 71
3493 71
3492 84
3491 41
3490 61
3489 84
3488 26
3487 98
3486 13
3485 53
3484 71
3483 91
3482 53
3481 42
3480 73
3479 50
3478 30
3477 44
3476 61
3475 76
3474 60
3473 86
3472 5
3471 12
3470 49
3469 47
3468 3
3467 62
3466 48
3465 25
3464 25
3463 9
3462 18
3461 64
3460 100
3459 79
3458 80
3457 58
3456 26
3455 4
3454 23
3453 86
3452 52
3451 41
3450 53
3449 2
3448 0
3447 100
3446 85
3445 21
3444 22
3443 84
3442 100
3441 14
3440 62
3439 21
3438 15
3437 7
3436 17
3435 97
3434 78
3433 30
3432 30
3431 66
3430 72
3429 44
3428 38
3427 44
3426 52
3425 85
3424 69
3423 28
3422 26
3421 13
3420 49
3419 35
3418 45
3417 27
3416 46
3415 60
3414 65
3413 56
3412 34
3411 30
3410 63
3409 52
3408 93
3407 45
3406 36
3405 36
3404 35
3403 85
3402 92
3401 41
3400 82
3399 20
3398 52
3397 31
3396 32
3395 95
3394 19
3393 84
3392 8
3391 32
3390 14
3389 53
3388 4
3387 43
3386 50
3385 7
3384 72
3383 75
3382 76
3381 6
3380 49
3379 12
3378 21
3377 94
3376 79
3375 30
3374 90
3373 53
3372 34
3371 55
3370 7
3369 88
3368 7
3367 40
3366 39
3365 46
3364 82
3363 74
3362 26
3361 40
3360 16
3359 73
3358 49
3357 94
3356 25
3355 57
3354 33
3353 33
3352 40
3351 25
3350 86
3349 48
3348 3
3347 31
3346 71
3345 43
3344 68
3343 42
3342 69
3341 49
3340 82
3339 3
3338 38
3337 14
3336 14
3335 17
3334 33
3333 33
3332 64
3331 23
3330 8
3329 20
3328 26
3327 3
3326 21
3325 17
3324 91
3323 59
3322 49
3321 75
3320 66
3319 60
3318 7
3317 19
3316 35
3315 10
3314 64
3313 67
3312 50
3311 29
3310 16
3309 73
3308 5
3307 27
3306 16
3305 39
3304 84
3303 19
3302 93
3301 48
3300 0
3299 95
3298 90
3297 86
3296 32
3295 59
3294 34
3293 9
3292 83
3291 20
3290 71
3289 75
3288 59
3287 19
3286 3
3285 100
3284 66
3283 15
3282 7
3281 70
3280 51
3279 97
3278 91
3277 66
3276 39
3275 47
3274 54
3273 87
3272 58
3271 89
3270 78
3269 30
3268 8
3267 74
3266 79
3265 69
3264 70
3263 55
3262 43
3261 92
3260 14
3259 8
3258 73
3257 52
3256 10
3255 9
3254 78
3253 17
3252 44
3251 31
3250 88
3249 62
3248 59
3247 13
3246 32
3245 7
3244 48
3243 99
3242 19
3241 83
3240 51
3239 60
3238 36
3237 73
3236 9
3235 7
3234 17
3233 8
3232 90
3231 58
3230 80
3229 26
3228 67
3227 58
3226 99
3225 44
3224 28
3223 17
3222 15
3221 94
3220 21
3219 81
3218 36
3217 42
3216 3
3215 64
3214 53
3213 2
3212 56
3211 42
3210 17
3209 82
3208 8
3207 22
3206 71
3205 74
3204 85
3203 6
3202 28
3201 31
3200 5
3199 17
3198 3
3197 98
3196 88
3195 46
3194 20
3193 68
3192 54
3191 3
3190 36
3189 22
3188 84
3187 96
3186 50
3185 43
3184 7
3183 93
3182 2
3181 19
3180 49
3179 38
3178 23
3177 43
3176 71
3175 45
3174 7
3173 56
3172 28
3171 52
3170 72
3169 76
3168 69
3167 25
3166 72
3165 25
3164 49
3163 43
3162 6
3161 45
3160 23
3159 28
3158 11
3157 69
3156 54
3155 66
3154 23
3153 60
3152 84
3151 40
3150 78
3149 2
3148 93
3147 56
3146 90
3145 88
3144 42
3143 37
3142 81
3141 72
3140 82
3139 14
3138 77
3137 66
3136 61
3135 73
3134 96
3133 78
3132 58
3131 84
3130 59
3129 50
3128 50
3127 30
3126 47
3125 55
3124 49
3123 11
3122 67
3121 77
3120 4
3119 21
3118 82
3117 100
3116 83
3115 60
3114 65
3113 10
3112 96
3111 39
3110 24
3109 64
3108 89
3107 36
3106 12
3105 36
3104 69
3103 74
3102 24
3101 70
3100 42
3099 93
3098 85
3097 87
3096 81
3095 77
3094 67
3093 24
3092 1
3091 18
3090 0
3089 100
3088 59
3087 8
3086 68
3085 96
3084 42
3083 42
3082 87
3081 8
3080 95
3079 84
3078 69
3077 56
3076 4
3075 34
3074 100
3073 60
3072 76
3071 4
3070 77
3069 7
3068 24
3067 30
3066 3
3065 91
3064 37
3063 18
3062 74
3061 20
3060 84
3059 53
3058 39
3057 67
3056 39
3055 52
3054 89
3053 67
3052 94
3051 69
3050 0
3049 95
3048 41
3047 57
3046 90
3045 1
3044 28
3043 24
3042 66
3041 72
3040 50
3039 97
3038 70
3037 62
3036 82
3035 86
3034 32
3033 92
3032 39
3031 58
3030 25
3029 89
3028 12
3027 54
3026 48
3025 57
3024 49
3023 69
3022 60
3021 3
3020 37
3019 96
3018 66
3017 98
3016 71
3015 25
3014 87
3013 9
3012 87
3011 41
3010 67
3009 26
3008 68
3007 30
3006 59
3005 92
3004 44
3003 65
3002 25
3001 38
3000 40
2999 92
2998 32
2997 51
2996 37
2995 74
2994 62
2993 43
2992 50
2991 44
2990 45
2989 56
2988 36
2987 74
2986 33
2985 44
2984 88
2983 30
2982 51
2981 87
2980 10
2979 45
2978 56
2977 77
2976 70
2975 20
2974 13
2973 87
2972 95
2971 85
2970 64
2969 43
2968 75
2967 99
2966 41
2965 42
2964 100
2963 74
2962 70
2961 82
2960 88
2959 94
2958 13
2957 47
2956 17
2955 16
2954 78
2953 94
2952 2
2951 51
2950 0
2949 41
2948 19
2947 48
2946 93
2945 98
2944 62
2943 71
2942 27
2941 98
2940 97
2939 100
2938 44
2937 23
2936 30
2935 93
2934 61
2933 48
2932 81
2931 28
2930 98
2929 74
2928 88
2927 73
2926 76
2925 38
2924 70
2923 58
2922 90
2921 90
2920 8
2919 99
2918 58
2917 71
2916 42
2915 36
2914 89
2913 25
2912 3
2911 81
2910 43
2909 53
2908 62
2907 37
2906 33
2905 43
2904 54
2903 30
2902 18
2901 72
2900 88
2899 46
2898 28
2897 3
2896 77
2895 48
2894 10
2893 73
2892 59
2891 82
2890 40
2889 1
2888 5
2887 45
2886 10
2885 26
2884 82
2883 46
2882 94
2881 8
2880 13
2879 68
2878 76
2877 33
2876 12
2875 61
2874 60
2873 98
2872 15
2871 18
2870 18
2869 43
2868 83
2867 71
2866 42
2865 40
2864 96
2863 86
2862 57
2861 59
2860 14
2859 64
2858 91
2857 43
2856 51
2855 88
2854 3
2853 66
2852 73
2851 67
2850 96
2849 40
2848 64
2847 91
2846 36
2845 23
2844 7
2843 78
2842 51
2841 43
2840 16
2839 35
2838 0
2837 10
2836 74
2835 36
2834 38
2833 88
2832 6
2831 95
2830 70
2829 6
2828 23
2827 56
2826 43
2825 13
2824 61
2823 46
2822 88
2821 43
2820 17
2819 22
2818 87
2817 37
2816 20
2815 36
2814 7
2813 61
2812 82
2811 5
2810 25
2809 72
2808 46
2807 24
2806 36
2805 18
2804 32
2803 62
2802 8
2801 66
2800 93
2799 93
2798 69
2797 2
2796 100
2795 84
2794 12
2793 23
2792 79
2791 21
2790 62
2789 80
2788 59
2787 28
2786 74
2785 71
2784 7
2783 34
2782 79
2781 100
2780 3
2779 18
2778 100
2777 22
2776 52
2775 98
2774 55
2773 1
2772 100
2771 3
2770 18
2769 73
2768 88
2767 93
2766 24
2765 100
2764 66
2763 87
2762 32
2761 73
2760 18
2759 66
2758 76
2757 26
2756 54
2755 51
2754 61
2753 4
2752 89
2751 0
2750 93
2749 96
2748 71
2747 21
2746 91
2745 10
2744 90
2743 82
2742 73
2741 87
2740 3
2739 12
2738 45
2737 7
2736 33
2735 77
2734 30
2733 85
2732 34
2731 0
2730 12
2729 8
2728 9
2727 45
2726 53
2725 90
2724 20
2723 45
2722 77
2721 49
2720 33
2719 48
2718 93
2717 76
2716 12
2715 63
2714 97
2713 94
2712 61
2711 5
2710 87
2709 60
2708 59
2707 51
2706 62
2705 43
2704 89
2703 24
2702 85
2701 27
2700 41
2699 56
2698 100
2697 75
2696 25
2695 3
2694 48
2693 10
2692 88
2691 58
2690 34
2689 99
2688 68
2687 57
2686 47
2685 33
2684 14
2683 19
2682 1
2681 84
2680 22
2679 29
2678 10
2677 96
2676 36
2675 47
2674 4
2673 66
2672 11
2671 64
2670 61
2669 35
2668 6
2667 85
2666 32
2665 41
2664 36
2663 59
2662 26
2661 36
2660 16
2659 81
2658 72
2657 16
2656 78
2655 71
2654 42
2653 4
2652 50
2651 46
2650 60
2649 36
2648 49
2647 83
2646 68
2645 22
2644 18
2643 72
2642 81
2641 53
2640 21
2639 9
2638 37
2637 92
2636 24
2635 33
2634 53
2633 88
2632 84
2631 77
2630 27
2629 12
2628 93
2627 68
2626 98
2625 59
2624 67
2623 31
2622 10
2621 68
2620 76
2619 94
2618 16
2617 13
2616 13
2615 13
2614 28
2613 88
2612 69
2611 26
2610 7
2609 61
2608 36
2607 53
2606 4
2605 71
2604 36
2603 62
2602 80
2601 34
2600 48
2599 92
2598 40
2597 75
2596 54
2595 30
2594 11
2593 93
2592 61
2591 37
2590 5
2589 30
2588 30
2587 71
2586 91
2585 89
2584 6
2583 42
2582 3
2581 88
2580 78
2579 82
2578 87
2577 14
2576 21
2575 47
2574 53
2573 66
2572 67
2571 77
2570 19
2569 98
2568 31
2567 86
2566 18
2565 87
2564 57
2563 77
2562 95
2561 48
2560 69
2559 61
2558 73
2557 32
2556 62
2555 27
2554 98
2553 5
2552 8
2551 24
2550 86
2549 27
2548 81
2547 29
2546 100
2545 65
2544 13
2543 1
2542 7
2541 95
2540 22
2539 21
2538 51
2537 25
2536 4
2535 77
2534 68
2533 50
2532 47
2531 79
2530 80
2529 26
2528 28
2527 9
2526 33
2525 77
2524 22
2523 58
2522 14
2521 95
2520 14
2519 29
2518 45
2517 85
2516 3
2515 48
2514 18
2513 69
2512 91
2511 12
2510 39
2509 14
2508 37
2507 63
2506 1
2505 15
2504 40
2503 98
2502 49
2501 21
2500 35
2499 58
2498 52
2497 19
2496 67
2495 29
2494 34
2493 37
2492 66
2491 95
2490 39
2489 83
2488 61
2487 17
2486 37
2485 6
2484 38
2483 89
2482 30
2481 18
2480 48
2479 35
2478 59
2477 89
2476 52
2475 66
2474 19
2473 29
2472 68
2471 85
2470 55
2469 71
2468 5
2467 74
2466 9
2465 9
2464 87
2463 94
2462 4
2461 28
2460 9
2459 37
2458 23
2457 6
2456 47
2455 33
2454 35
2453 30
2452 10
2451 38
2450 45
2449 29
2448 59
2447 53
2446 65
2445 22
2444 53
2443 42
2442 31
2441 39
2440 87
2439 58
2438 26
2437 16
2436 36
2435 83
2434 69
2433 11
2432 28
2431 34
2430 87
2429 59
2428 97
2427 60
2426 8
2425 100
2424 61
2423 35
2422 38
2421 53
2420 83
2419 63
2418 56
2417 50
2416 35
2415 24
2414 18
2413 91
2412 94
2411 74
2410 47
2409 47
2408 0
2407 11
2406 12
2405 64
2404 15
2403 4
2402 9
2401 10
2400 93
2399 16
2398 34
2397 1
2396 58
2395 45
2394 30
2393 25
2392 60
2391 75
2390 42
2389 80
2388 76
2387 70
2386 4
2385 33
2384 42
2383 99
2382 25
2381 61
2380 13
2379 19
2378 4
2377 6
2376 72
2375 93
2374 14
2373 24
2372 32
2371 35
2370 66
2369 93
2368 77
2367 5
2366 87
2365 94
2364 6
2363 27
2362 95
2361 56
2360 57
2359 45
2358 78
2357 93
2356 68
2355 16
2354 76
2353 14
2352 80
2351 4
2350 3
2349 77
2348 52
2347 62
2346 59
2345 0
2344 44
2343 29
2342 22
2341 66
2340 41
2339 22
2338 41
2337 76
2336 69
2335 94
2334 44
2333 42
2332 0
2331 64
2330 90
2329 51
2328 2
2327 36
2326 20
2325 100
2324 39
2323 4
2322 94
2321 64
2320 52
2319 73
2318 89
2317 40
2316 44
2315 96
2314 87
2313 43
2312 65
2311 3
2310 47
2309 83
2308 91
2307 24
2306 60
2305 4
2304 80
2303 24
2302 86
2301 33
2300 4
2299 19
2298 96
2297 65
2296 64
2295 9
2294 31
2293 69
2292 93
2291 43
2290 47
2289 86
2288 38
2287 2
2286 69
2285 53
2284 87
2283 34
2282 1
2281 22
2280 29
2279 54
2278 78
2277 95
2276 59
2275 0
2274 87
2273 9
2272 48
2271 87
2270 56
2269 11
2268 83
2267 75
2266 76
2265 35
2264 65
2263 33
2262 30
2261 73
2260 96
2259 14
2258 52
2257 31
2256 9
2255 92
2254 8
2253 87
2252 12
2251 22
2250 73
2249 3
2248 44
2247 83
2246 61
2245 100
2244 32
2243 49
2242 97
2241 29
2240 43
2239 25
2238 23
2237 31
2236 64
2235 48
2234 88
2233 82
2232 0
2231 42
2230 10
2229 57
2228 56
2227 31
2226 71
2225 88
2224 23
2223 46
2222 82
2221 15
2220 12
2219 59
2218 33
2217 9
2216 47
2215 53
2214 46
2213 21
2212 6
2211 78
2210 78
2209 93
2208 70
2207 94
2206 79
2205 5
2204 66
2203 44
2202 49
2201 50
2200 36
2199 57
2198 11
2197 18
2196 18
2195 65
2194 75
2193 99
2192 34
2191 87
2190 54
2189 11
2188 91
2187 33
2186 27
2185 29
2184 24
2183 31
2182 84
2181 8
2180 48
2179 22
2178 8
2177 44
2176 80
2175 93
2174 73
2173 32
2172 57
2171 75
2170 23
2169 56
2168 86
2167 27
2166 34
2165 67
2164 38
2163 0
2162 60
2161 100
2160 31
2159 0
2158 46
2157 0
2156 100
2155 3
2154 69
2153 64
2152 36
2151 91
2150 54
2149 31
2148 66
2147 29
2146 14
2145 48
2144 41
2143 86
2142 21
2141 54
2140 20
2139 91
2138 19
2137 24
2136 68
2135 3
2134 86
2133 78
2132 66
2131 24
2130 43
2129 83
2128 6
2127 90
2126 73
2125 44
2124 17
2123 52
2122 40
2121 73
2120 83
2119 19
2118 50
2117 33
2116 77
2115 55
2114 26
2113 8
2112 60
2111 54
2110 18
2109 19
2108 44
2107 30
2106 56
2105 43
2104 88
2103 26
2102 25
2101 8
2100 10
2099 52
2098 37
2097 36
2096 88
2095 99
2094 29
2093 57
2092 28
2091 56
2090 82
2089 59
2088 4
2087 54
2086 98
2085 7
2084 31
2083 62
2082 80
2081 5
2080 51
2079 11
2078 21
2077 55
2076 16
2075 25
2074 63
2073 65
2072 51
2071 58
2070 83
2069 22
2068 52
2067 1
2066 51
2065 33
2064 81
2063 72
2062 68
2061 46
2060 50
2059 64
2058 80
2057 78
2056 67
2055 56
2054 47
2053 95
2052 38
2051 64
2050 91
2049 71
2048 94
2047 21
2046 79
2045 27
2044 89
2043 24
2042 20
2041 6
2040 39
2039 81
2038 35
2037 74
2036 62
2035 23
2034 58
2033 6
2032 97
2031 91
2030 71
2029 80
2028 34
2027 84
2026 38
2025 33
2024 2
2023 17
2022 85
2021 10
2020 41
2019 3
2018 5
2017 88
2016 11
2015 60
2014 49
2013 61
2012 31
2011 35
2010 31
2009 73
2008 24
2007 81
2006 95
2005 55
2004 41
2003 71
2002 59
2001 82
2000 87
1999 42
1998 50
1997 24
1996 40
1995 16
1994 95
1993 50
1992 38
1991 0
1990 42
1989 25
1988 54
1987 6
1986 17
1985 31
1984 63
1983 35
1982 42
1981 40
1980 0
1979 53
1978 70
1977 78
1976 37
1975 33
1974 22
1973 54
1972 61
1971 23
1970 56
1969 71
1968 44
1967 62
1966 21
1965 34
1964 17
1963 1
1962 80
1961 6
1960 90
1959 79
1958 58
1957 42
1956 67
1955 10
1954 37
1953 91
1952 60
1951 73
1950 85
1949 28
1948 90
1947 72
1946 23
1945 83
1944 42
1943 71
1942 82
1941 66
1940 65
1939 90
1938 2
1937 41
1936 66
1935 77
1934 28
1933 5
1932 100
1931 2
1930 90
1929 51
1928 31
1927 45
1926 76
1925 90
1924 69
1923 67
1922 53
1921 71
1920 24
1919 58
1918 4
1917 85
1916 100
1915 89
1914 79
1913 43
1912 38
1911 50
1910 92
1909 79
1908 32
1907 28
1906 82
1905 57
1904 82
1903 96
1902 7
1901 1
1900 2
1899 43
1898 37
1897 93
1896 31
1895 82
1894 19
1893 81
1892 56
1891 79
1890 51
1889 82
1888 47
1887 89
1886 35
1885 20
1884 22
1883 85
1882 77
1881 29
1880 28
1879 70
1878 44
1877 53
1876 35
1875 46
1874 89
1873 97
1872 26
1871 94
1870 8
1869 92
1868 30
1867 11
1866 74
1865 60
1864 76
1863 46
1862 46
1861 90
1860 60
1859 14
1858 90
1857 65
1856 19
1855 34
1854 14
1853 53
1852 8
1851 68
1850 97
1849 58
1848 12
1847 59
1846 61
1845 73
1844 100
1843 11
1842 0
1841 99
1840 92
1839 76
1838 84
1837 60
1836 62
1835 87
1834 70
1833 95
1832 44
1831 99
1830 73
1829 92
1828 37
1827 66
1826 32
1825 72
1824 90
1823 82
1822 33
1821 6
1820 88
1819 59
1818 54
1817 36
1816 92
1815 77
1814 79
1813 58
1812 79
1811 90
1810 95
1809 26
1808 89
1807 36
1806 40
1805 47
1804 73
1803 65
1802 22
1801 45
1800 80
1799 90
1798 48
1797 92
1796 33
1795 71
1794 74
1793 25
1792 66
1791 30
1790 39
1789 4
1788 34
1787 4
1786 26
1785 10
1784 19
1783 51
1782 79
1781 81
1780 81
1779 49
1778 46
1777 28
1776 86
1775 1
1774 49
1773 76
1772 66
1771 39
1770 92
1769 65
1768 77
1767 65
1766 61
1765 77
1764 50
1763 49
1762 82
1761 92
1760 10
1759 19
1758 34
1757 80
1756 51
1755 3
1754 19
1753 64
1752 36
1751 30
1750 1
1749 7
1748 29
1747 27
1746 48
1745 11
1744 58
1743 64
1742 96
1741 48
1740 16
1739 48
1738 2
1737 7
1736 63
1735 76
1734 38
1733 58
1732 51
1731 80
1730 39
1729 0
1728 50
1727 83
1726 52
1725 5
1724 74
1723 57
1722 34
1721 19
1720 80
1719 73
1718 10
1717 48
1716 82
1715 100
1714 3
1713 8
1712 13
1711 34
1710 48
1709 32
1708 49
1707 78
1706 29
1705 59
1704 71
1703 87
1702 30
1701 7
1700 0
1699 6
1698 38
1697 12
1696 3
1695 9
1694 33
1693 44
1692 86
1691 34
1690 7
1689 20
1688 89
1687 81
1686 17
1685 64
1684 17
1683 42
1682 74
1681 37
1680 59
1679 50
1678 100
1677 16
1676 1
1675 31
1674 93
1673 8
1672 92
1671 25
1670 64
1669 51
1668 14
1667 32
1666 31
1665 66
1664 64
1663 87
1662 14
1661 21
1660 51
1659 24
1658 15
1657 88
1656 2
1655 9
1654 73
1653 52
1652 76
1651 65
1650 42
1649 73
1648 86
1647 1
1646 68
1645 47
1644 80
1643 19
1642 98
1641 77
1640 96
1639 22
1638 14
1637 86
1636 38
1635 45
1634 37
1633 10
1632 95
1631 85
1630 43
1629 13
1628 69
1627 78
1626 18
1625 20
1624 61
1623 85
1622 28
1621 81
1620 10
1619 36
1618 22
1617 87
1616 88
1615 24
1614 93
1613 45
1612 44
1611 83
1610 87
1609 59
1608 30
1607 56
1606 7
1605 17
1604 7
1603 49
1602 50
1601 8
1600 87
1599 59
1598 83
1597 31
1596 70
1595 97
1594 78
1593 75
1592 2
1591 95
1590 32
1589 73
1588 43
1587 47
1586 20
1585 66
1584 97
1583 93
1582 62
1581 5
1580 79
1579 42
1578 37
1577 26
1576 90
1575 67
1574 47
1573 30
1572 30
1571 41
1570 86
1569 99
1568 56
1567 30
1566 32
1565 11
1564 37
1563 77
1562 0
1561 48
1560 91
1559 61
1558 57
1557 75
1556 83
1555 100
1554 2
1553 92
1552 60
1551 21
1550 8
1549 92
1548 23
1547 6
1546 65
1545 65
1544 21
1543 70
1542 98
1541 43
1540 61
1539 23
1538 1
1537 30
1536 69
1535 79
1534 8
1533 41
1532 34
1531 4
1530 96
1529 8
1528 46
1527 10
1526 64
1525 40
1524 2
1523 98
1522 100
1521 42
1520 29
1519 42
1518 94
1517 0
1516 100
1515 77
1514 81
1513 19
1512 42
1511 96
1510 34
1509 20
1508 55
1507 20
1506 65
1505 80
1504 14
1503 81
1502 83
1501 94
1500 94
1499 6
1498 96
1497 1
1496 59
1495 0
1494 32
1493 62
1492 79
1491 69
1490 95
1489 10
1488 87
1487 42
1486 25
1485 15
1484 21
1483 42
1482 83
1481 32
1480 93
1479 44
1478 7
1477 48
1476 81
1475 49
1474 86
1473 52
1472 98
1471 98
1470 62
1469 86
1468 15
1467 51
1466 47
1465 35
1464 89
1463 9
1462 61
1461 19
1460 67
1459 19
1458 29
1457 21
1456 94
1455 14
1454 75
1453 87
1452 36
1451 42
1450 69
1449 23
1448 27
1447 91
1446 80
1445 95
1444 22
1443 40
1442 61
1441 59
1440 52
1439 37
1438 44
1437 60
1436 16
1435 63
1434 8
1433 35
1432 10
1431 76
1430 30
1429 47
1428 27
1427 16
1426 27
1425 27
1424 69
1423 77
1422 90
1421 52
1420 24
1419 82
1418 20
1417 32
1416 52
1415 4
1414 11
1413 67
1412 28
1411 88
1410 94
1409 73
1408 64
1407 1
1406 42
1405 83
1404 96
1403 40
1402 79
1401 83
1400 69
1399 72
1398 76
1397 43
1396 61
1395 71
1394 52
1393 70
1392 54
1391 100
1390 64
1389 31
1388 52
1387 15
1386 68
1385 100
1384 59
1383 30
1382 76
1381 18
1380 91
1379 57
1378 83
1377 11
1376 30
1375 9
1374 79
1373 27
1372 17
1371 66
1370 100
1369 24
1368 22
1367 32
1366 13
1365 40
1364 91
1363 21
1362 78
1361 50
1360 86
1359 94
1358 16
1357 7
1356 19
1355 88
1354 61
1353 50
1352 75
1351 99
1350 70
1349 55
1348 33
1347 8
1346 21
1345 47
1344 12
1343 1
1342 56
1341 21
1340 13
1339 66
1338 93
1337 64
1336 26
1335 41
1334 86
1333 10
1332 58
1331 15
1330 99
1329 38
1328 44
1327 16
1326 86
1325 50
1324 68
1323 62
1322 66
1321 74
1320 44
1319 9
1318 45
1317 96
1316 66
1315 24
1314 73
1313 84
1312 38
1311 87
1310 62
1309 28
1308 95
1307 26
1306 2
1305 22
1304 76
1303 78
1302 87
1301 1
1300 63
1299 46
1298 68
1297 90
1296 47
1295 73
1294 68
1293 44
1292 41
1291 95
1290 87
1289 40
1288 88
1287 85
1286 69
1285 19
1284 53
1283 73
1282 10
1281 97
1280 56
1279 77
1278 49
1277 38
1276 54
1275 54
1274 67
1273 16
1272 48
1271 94
1270 44
1269 7
1268 81
1267 74
1266 43
1265 95
1264 15
1263 26
1262 43
1261 44
1260 11
1259 80
1258 13
1257 92
1256 95
1255 10
1254 11
1253 50
1252 70
1251 83
1250 46
1249 73
1248 70
1247 59
1246 80
1245 27
1244 13
1243 69
1242 4
1241 6
1240 71
1239 99
1238 83
1237 37
1236 65
1235 89
1234 79
1233 7
1232 94
1231 77
1230 66
1229 93
1228 52
1227 75
1226 39
1225 90
1224 68
1223 91
1222 88
1221 77
1220 76
1219 59
1218 81
1217 10
1216 77
1215 19
1214 57
1213 51
1212 90
1211 100
1210 90
1209 62
1208 68
1207 65
1206 34
1205 86
1204 20
1203 28
1202 16
1201 9
1200 34
1199 14
1198 58
1197 26
1196 53
1195 43
1194 32
1193 41
1192 23
1191 63
1190 31
1189 59
1188 54
1187 66
1186 16
1185 47
1184 58
1183 75
1182 44
1181 9
1180 42
1179 50
1178 78
1177 24
1176 52
1175 60
1174 75
1173 63
1172 99
1171 72
1170 62
1169 15
1168 33
1167 6
1166 89
1165 56
1164 7
1163 26
1162 3
1161 19
1160 80
1159 51
1158 55
1157 65
1156 25
1155 92
1154 86
1153 65
1152 93
1151 59
1150 98
1149 17
1148 74
1147 28
1146 24
1145 95
1144 67
1143 65
1142 2
1141 68
1140 25
1139 54
1138 80
1137 43
1136 43
1135 61
1134 65
1133 29
1132 6
1131 75
1130 36
1129 24
1128 5
1127 10
1126 44
1125 49
1124 21
1123 10
1122 48
1121 75
1120 93
1119 79
1118 39
1117 11
1116 78
1115 94
1114 77
1113 52
1112 73
1111 34
1110 7
1109 82
1108 22
1107 54
1106 4
1105 36
1104 26
1103 85
1102 0
1101 35
1100 82
1099 50
1098 47
1097 4
1096 54
1095 84
1094 100
1093 84
1092 79
1091 92
1090 64
1089 80
1088 9
1087 24
1086 32
1085 22
1084 37
1083 50
1082 36
1081 90
1080 87
1079 88
1078 57
1077 41
1076 64
1075 8
1074 22
1073 45
1072 16
1071 32
1070 2
1069 53
1068 14
1067 69
1066 67
1065 57
1064 61
1063 83
1062 51
1061 80
1060 55
1059 46
1058 4
1057 59
1056 44
1055 17
1054 25
1053 57
1052 38
1051 97
1050 55
1049 55
1048 68
1047 61
1046 27
1045 63
1044 86
1043 97
1042 90
1041 89
1040 0
1039 98
1038 66
1037 50
1036 90
1035 61
1034 24
1033 19
1032 80
1031 43
1030 89
1029 98
1028 95
1027 81
1026 12
1025 89
1024 30
1023 85
1022 7
1021 82
1020 35
1019 100
1018 37
1017 39
1016 12
1015 46
1014 94
1013 82
1012 99
1011 12
1010 78
1009 21
1008 31
1007 39
1006 22
1005 93
1004 29
1003 72
1002 86
1001 0
1000 66
999 40
998 55
997 22
996 54
995 55
994 84
993 55
992 37
991 62
990 96
989 76
988 69
987 45
986 75
985 2
984 71
983 57
982 98
981 7
980 26
979 22
978 84
977 31
976 93
975 90
974 93
973 22
972 59
971 43
970 27
969 12
968 30
967 78
966 99
965 18
964 76
963 87
962 16
961 5
960 96
959 26
958 4
957 18
956 22
955 13
954 58
953 16
952 72
951 93
950 4
949 98
948 5
947 58
946 76
945 90
944 5
943 13
942 28
941 66
940 88
939 66
938 31
937 37
936 55
935 72
934 19
933 92
932 20
931 83
930 7
929 18
928 77
927 95
926 2
925 52
924 47
923 71
922 11
921 75
920 3
919 18
918 77
917 41
916 53
915 73
914 40
913 62
912 77
911 96
910 30
909 3
908 65
907 48
906 79
905 97
904 68
903 73
902 3
901 57
900 83
899 29
898 10
897 50
896 13
895 14
894 94
893 12
892 15
891 51
890 14
889 92
888 64
887 10
886 23
885 0
884 89
883 35
882 82
881 28
880 60
879 77
878 76
877 62
876 39
875 96
874 33
873 19
872 39
871 85
870 57
869 80
868 67
867 4
866 82
865 2
864 18
863 20
862 58
861 29
860 12
859 51
858 12
857 27
856 72
855 55
854 85
853 61
852 92
851 44
850 40
849 12
848 57
847 83
846 67
845 43
844 95
843 65
842 65
841 12
840 63
839 19
838 24
837 63
836 42
835 9
834 91
833 97
832 77
831 83
830 3
829 28
828 90
827 51
826 33
825 11
824 81
823 82
822 14
821 36
820 19
819 91
818 22
817 79
816 99
815 69
814 21
813 44
812 67
811 65
810 13
809 100
808 0
807 52
806 41
805 1
804 26
803 95
802 40
801 64
800 38
799 28
798 82
797 42
796 88
795 80
794 48
793 83
792 14
791 7
790 65
789 49
788 19
787 31
786 47
785 36
784 7
783 62
782 10
781 73
780 93
779 99
778 40
777 99
776 7
775 42
774 37
773 20
772 17
771 44
770 92
769 84
768 77
767 12
766 54
765 50
764 57
763 8
762 92
761 34
760 15
759 92
758 72
757 37
756 71
755 46
754 43
753 47
752 91
751 39
750 7
749 23
748 72
747 20
746 83
745 26
744 59
743 54
742 7
741 9
740 81
739 8
738 75
737 5
736 17
735 62
734 85
733 0
732 84
731 54
730 92
729 8
728 40
727 62
726 70
725 0
724 92
723 47
722 24
721 13
720 57
719 20
718 95
717 86
716 73
715 98
714 53
713 39
712 86
711 83
710 4
709 41
708 29
707 4
706 50
705 11
704 6
703 75
702 47
701 52
700 74
699 78
698 98
697 59
696 0
695 87
694 57
693 3
692 71
691 63
690 21
689 24
688 1
687 87
686 97
685 8
684 74
683 94
682 95
681 55
680 78
679 40
678 54
677 94
676 14
675 63
674 37
673 31
672 70
671 59
670 95
669 41
668 44
667 27
666 18
665 64
664 28
663 54
662 35
661 54
660 97
659 78
658 49
657 22
656 8
655 78
654 84
653 2
652 88
651 44
650 93
649 87
648 3
647 15
646 37
645 44
644 78
643 39
642 61
641 68
640 91
639 90
638 47
637 95
636 9
635 2
634 20
633 77
632 69
631 92
630 12
629 5
628 18
627 46
626 40
625 66
624 54
623 63
622 69
621 59
620 13
619 0
618 92
617 100
616 21
615 58
614 91
613 77
612 58
611 75
610 56
609 9
608 3
607 38
606 0
605 100
604 71
603 43
602 2
601 26
600 51
599 66
598 14
597 37
596 97
595 27
594 42
593 32
592 67
591 71
590 31
589 40
588 18
587 29
586 65
585 52
584 81
583 78
582 5
581 27
580 12
579 90
578 97
577 78
576 7
575 21
574 23
573 34
572 69
571 97
570 8
569 15
568 72
567 51
566 86
565 82
564 58
563 99
562 48
561 99
560 16
559 6
558 78
557 58
556 70
555 38
554 79
553 90
552 7
551 27
550 17
549 100
548 64
547 90
546 48
545 38
544 34
543 94
542 16
541 3
540 6
539 8
538 100
537 15
536 24
535 47
534 6
533 43
532 34
531 51
530 28
529 89
528 57
527 93
526 94
525 58
524 97
523 99
522 93
521 20
520 58
519 68
518 51
517 0
516 1
515 0
514 11
513 43
512 63
511 52
510 79
509 43
508 39
507 29
506 42
505 77
504 23
503 64
502 24
501 57
500 75
499 67
498 52
497 22
496 41
495 58
494 96
493 13
492 9
491 29
490 45
489 5
488 13
487 53
486 32
485 31
484 100
483 66
482 88
481 32
480 60
479 90
478 47
477 98
476 89
475 44
474 23
473 45
472 15
471 25
470 9
469 67
468 85
467 14
466 55
465 20
464 53
463 58
462 42
461 38
460 43
459 76
458 76
457 50
456 42
455 63
454 84
453 75
452 92
451 52
450 40
449 9
448 65
447 58
446 7
445 67
444 3
443 89
442 5
441 61
440 39
439 73
438 86
437 89
436 89
435 51
434 26
433 92
432 36
431 72
430 49
429 43
428 25
427 73
426 28
425 21
424 79
423 54
422 21
421 36
420 68
419 94
418 36
417 2
416 32
415 47
414 74
413 56
412 9
411 73
410 18
409 60
408 70
407 49
406 59
405 91
404 21
403 51
402 3
401 81
400 18
399 31
398 95
397 94
396 38
395 54
394 37
393 42
392 29
391 62
390 5
389 44
388 90
387 15
386 25
385 61
384 19
383 40
382 46
381 60
380 100
379 12
378 17
377 24
376 98
375 19
374 11
373 77
372 62
371 34
370 90
369 70
368 93
367 58
366 55
365 32
364 1
363 70
362 84
361 18
360 31
359 19
358 18
357 39
356 23
355 24
354 95
353 89
352 6
351 52
350 64
349 90
348 52
347 20
346 16
345 37
344 6
343 78
342 68
341 41
340 46
339 30
338 84
337 68
336 25
335 71
334 42
333 90
332 82
331 44
330 2
329 60
328 33
327 57
326 98
325 24
324 37
323 41
322 95
321 30
320 49
319 11
318 43
317 96
316 84
315 8
314 18
313 52
312 19
311 48
310 58
309 51
308 50
307 70
306 27
305 95
304 32
303 70
302 35
301 31
300 31
299 89
298 63
297 84
296 3
295 59
294 41
293 39
292 73
291 40
290 12
289 96
288 67
287 23
286 38
285 38
284 39
283 18
282 56
281 4
280 32
279 74
278 49
277 95
276 34
275 36
274 32
273 11
272 69
271 42
270 35
269 31
268 42
267 9
266 96
265 72
264 24
263 94
262 55
261 52
260 47
259 97
258 6
257 78
256 38
255 46
254 92
253 81
252 8
251 97
250 57
249 30
248 90
247 76
246 17
245 31
244 54
243 65
242 24
241 84
240 91
239 64
238 66
237 98
236 3
235 46
234 70
233 4
232 75
231 73
230 74
229 23
228 39
227 36
226 63
225 39
224 58
223 7
222 36
221 100
220 14
219 61
218 28
217 97
216 82
215 83
214 4
213 8
212 23
211 86
210 99
209 20
208 38
207 45
206 87
205 12
204 69
203 32
202 69
201 26
200 40
199 86
198 27
197 7
196 93
195 100
194 12
193 57
192 38
191 14
190 56
189 20
188 66
187 14
186 59
185 74
184 84
183 16
182 32
181 5
180 86
179 53
178 0
177 86
176 47
175 8
174 15
173 80
172 69
171 18
170 21
169 14
168 7
167 21
166 50
165 0
164 17
163 69
162 99
161 65
160 96
159 94
158 32
157 69
156 10
155 53
154 76
153 21
152 48
151 1
150 28
149 16
148 70
147 18
146 12
145 45
144 17
143 43
142 43
141 51
140 92
139 98
138 44
137 14
136 82
135 68
134 66
133 26
132 26
131 45
130 47
129 2
128 62
127 87
126 82
125 46
124 53
123 10
122 24
121 79
120 35
119 99
118 69
117 97
116 14
115 24
114 92
113 93
112 52
111 21
110 43
109 1
108 76
107 8
106 21
105 76
104 2
103 42
102 14
101 97
100 18
99 92
98 77
97 80
96 81
95 58
94 80
93 85
92 10
91 48
90 23
89 98
88 74
87 74
86 48
85 8
84 55
83 40
82 59
81 41
80 6
79 39
78 45
77 12
76 80
75 47
74 33
73 92
72 33
71 90
70 19
69 79
68 54
67 54
66 81
65 52
64 42
63 82
62 40
61 67
60 63
59 98
58 21
57 97
56 51
55 40
54 83
53 67
52 37
51 15
50 39
49 52
48 15
47 65
46 47
45 3
44 21
43 35
42 66
41 73
40 21
39 39
38 66
37 39
36 76
35 87
34 29
33 51
32 57
31 69
30 16
29 19
28 71
27 20
26 93
25 40
24 68
23 83
22 50
21 46
20 25
19 21
18 4
17 84
16 0
15 59
14 6
13 37
12 96
11 79
10 94
9 56
8 74
7 81
6 63
5 28
4 33
3 82
2 91
1 17
0 68
