500 22
499 32
498 9
497 43
496 68
495 51
494 71
493 67
492 66
491 39
490 16
489 85
488 89
487 83
486 27
485 75
484 17
483 78
482 1
481 59
480 76
479 8
478 42
477 63
476 54
475 64
474 57
473 29
472 64
471 98
470 15
469 1
468 84
467 29
466 15
465 31
464 65
463 3
462 40
461 43
460 89
459 60
458 78
457 70
456 66
455 16
454 81
453 61
452 69
451 63
450 88
449 85
448 82
447 60
446 14
445 64
444 77
443 40
442 65
441 37
440 72
439 73
438 34
437 4
436 25
435 6
434 76
433 0
432 85
431 100
430 34
429 52
428 79
427 92
426 56
425 52
424 26
423 78
422 65
421 10
420 97
419 81
418 74
417 81
416 12
415 13
414 48
413 23
412 14
411 99
410 99
409 30
408 1
407 50
406 54
405 88
404 71
403 69
402 13
401 44
400 76
399 26
398 89
397 55
396 8
395 65
394 26
393 10
392 31
391 34
390 92
389 55
388 37
387 47
386 84
385 44
384 33
383 93
382 95
381 33
380 69
379 100
378 95
377 83
376 82
375 85
374 81
373 0
372 79
371 20
370 59
369 18
368 42
367 97
366 9
365 49
364 1
363 34
362 13
361 93
360 37
359 27
358 5
357 92
356 44
355 10
354 20
353 86
352 73
351 39
350 64
349 49
348 13
347 37
346 10
345 9
344 44
343 49
342 12
341 16
340 28
339 83
338 50
337 7
336 57
335 80
334 41
333 44
332 60
331 29
330 17
329 22
328 32
327 61
326 10
325 49
324 30
323 35
322 30
321 20
320 3
319 89
318 6
317 86
316 38
315 75
314 46
313 43
312 7
311 77
310 69
309 18
308 0
307 80
306 76
305 34
304 83
303 26
302 39
301 27
300 23
299 33
298 44
297 36
296 39
295 2
294 40
293 90
292 96
291 98
290 17
289 55
288 53
287 67
286 45
285 45
284 38
283 92
282 52
281 67
280 80
279 87
278 18
277 96
276 67
275 81
274 74
273 18
272 33
271 24
270 80
269 69
268 49
267 31
266 79
265 79
264 100
263 53
262 92
261 94
260 55
259 20
258 24
257 56
256 15
255 9
254 82
253 95
252 70
251 13
250 56
249 92
248 25
247 53
246 19
245 64
244 34
243 69
242 3
241 20
240 2
239 7
238 43
237 42
236 69
235 57
234 35
233 60
232 75
231 26
230 25
229 12
228 17
227 3
226 92
225 20
224 93
223 15
222 62
221 65
220 41
219 62
218 52
217 34
216 88
215 64
214 70
213 61
212 0
211 15
210 4
209 63
208 65
207 99
206 32
205 22
204 53
203 29
202 29
201 44
200 58
199 28
198 35
197 1
196 92
195 31
194 50
193 56
192 31
191 44
190 3
189 42
188 42
187 56
186 21
185 98
184 8
183 51
182 69
181 74
180 63
179 74
178 75
177 76
176 28
175 41
174 61
173 42
172 57
171 90
170 6
169 24
168 92
167 20
166 15
165 35
164 81
163 86
162 29
161 1
160 90
159 46
158 53
157 7
156 12
155 88
154 28
153 88
152 4
151 74
150 42
149 31
148 73
147 76
146 50
145 9
144 4
143 61
142 55
141 10
140 51
139 8
138 71
137 4
136 76
135 41
134 96
133 48
132 72
131 57
130 64
129 54
128 5
127 51
126 40
125 42
124 45
123 24
122 86
121 37
120 4
119 83
118 25
117 68
116 41
115 85
114 12
113 46
112 3
111 51
110 14
109 57
108 46
107 80
106 73
105 96
104 85
103 80
102 12
101 73
100 10
99 95
98 44
97 39
96 25
95 75
94 95
93 6
92 56
91 88
90 82
89 56
88 49
87 32
86 42
85 56
84 98
83 48
82 7
81 84
80 91
79 57
78 53
77 54
76 86
75 13
74 56
73 20
72 54
71 15
70 10
69 2
68 43
67 34
66 73
65 80
64 98
63 17
62 93
61 94
60 98
59 54
58 57
57 31
56 46
55 1
54 67
53 95
52 88
51 43
50 43
49 100
48 17
47 46
46 37
45 86
44 99
43 41
42 0
41 97
40 91
39 100
38 80
37 38
36 37
35 86
34 98
33 20
32 63
31 65
30 32
29 14
28 5
27 97
26 65
25 83
24 83
23 8
22 25
21 86
20 33
19 58
18 1
17 42
16 94
15 16
14 6
13 24
12 42
11 55
10 60
9 4
8 34
7 5
6 93
5 79
4 37
3 31
2 9
1 74
0 9
