11000 39
10999 55
10998 70
10997 89
10996 92
10995 73
10994 38
10993 65
10992 43
10991 52
10990 55
10989 34
10988 28
10987 68
10986 63
10985 75
10984 34
10983 63
10982 16
10981 70
10980 81
10979 28
10978 62
10977 86
10976 60
10975 91
10974 96
10973 61
10972 12
10971 67
10970 5
10969 8
10968 73
10967 14
10966 83
10965 59
10964 26
10963 4
10962 26
10961 5
10960 63
10959 1
10958 76
10957 63
10956 61
10955 10
10954 45
10953 1
10952 19
10951 77
10950 58
10949 68
10948 89
10947 81
10946 62
10945 98
10944 82
10943 51
10942 30
10941 97
10940 35
10939 62
10938 52
10937 39
10936 65
10935 45
10934 26
10933 63
10932 44
10931 66
10930 27
10929 33
10928 79
10927 29
10926 72
10925 11
10924 23
10923 79
10922 39
10921 70
10920 68
10919 18
10918 46
10917 54
10916 26
10915 5
10914 60
10913 98
10912 31
10911 20
10910 1
10909 98
10908 24
10907 0
10906 12
10905 66
10904 89
10903 58
10902 90
10901 40
10900 11
10899 17
10898 77
10897 11
10896 12
10895 26
10894 88
10893 57
10892 7
10891 48
10890 62
10889 81
10888 93
10887 3
10886 52
10885 10
10884 61
10883 24
10882 30
10881 23
10880 88
10879 68
10878 42
10877 71
10876 52
10875 93
10874 93
10873 70
10872 75
10871 96
10870 8
10869 18
10868 90
10867 90
10866 13
10865 90
10864 6
10863 32
10862 16
10861 48
10860 48
10859 37
10858 48
10857 11
10856 30
10855 49
10854 80
10853 99
10852 2
10851 9
10850 27
10849 35
10848 29
10847 7
10846 50
10845 20
10844 100
10843 86
10842 60
10841 51
10840 57
10839 24
10838 0
10837 68
10836 0
10835 62
10834 78
10833 49
10832 37
10831 41
10830 24
10829 60
10828 81
10827 40
10826 8
10825 63
10824 25
10823 77
10822 30
10821 77
10820 2
10819 97
10818 81
10817 97
10816 77
10815 12
10814 69
10813 3
10812 1
10811 60
10810 51
10809 24
10808 97
10807 14
10806 30
10805 4
10804 38
10803 1
10802 25
10801 90
10800 30
10799 38
10798 10
10797 22
10796 88
10795 56
10794 93
10793 11
10792 83
10791 19
10790 13
10789 9
10788 44
10787 8
10786 38
10785 98
10784 23
10783 17
10782 44
10781 88
10780 23
10779 76
10778 29
10777 47
10776 50
10775 8
10774 54
10773 9
10772 74
10771 11
10770 38
10769 45
10768 15
10767 76
10766 62
10765 69
10764 23
10763 16
10762 95
10761 39
10760 27
10759 94
10758 70
10757 97
10756 24
10755 59
10754 35
10753 49
10752 9
10751 85
10750 58
10749 21
10748 87
10747 22
10746 18
10745 95
10744 25
10743 77
10742 56
10741 65
10740 72
10739 72
10738 95
10737 26
10736 69
10735 50
10734 48
10733 23
10732 10
10731 46
10730 20
10729 40
10728 66
10727 99
10726 34
10725 10
10724 96
10723 64
10722 33
10721 81
10720 54
10719 62
10718 93
10717 100
10716 24
10715 79
10714 20
10713 83
10712 6
10711 38
10710 32
10709 78
10708 33
10707 65
10706 2
10705 2
10704 13
10703 3
10702 75
10701 74
10700 8
10699 88
10698 8
10697 75
10696 55
10695 8
10694 52
10693 4
10692 79
10691 37
10690 63
10689 90
10688 95
10687 60
10686 87
10685 74
10684 88
10683 73
10682 11
10681 53
10680 0
10679 48
10678 34
10677 78
10676 83
10675 87
10674 15
10673 70
10672 47
10671 43
10670 76
10669 14
10668 0
10667 63
10666 43
10665 60
10664 41
10663 72
10662 36
10661 26
10660 18
10659 54
10658 34
10657 7
10656 92
10655 100
10654 9
10653 27
10652 83
10651 59
10650 92
10649 99
10648 55
10647 68
10646 98
10645 41
10644 52
10643 11
10642 59
10641 96
10640 94
10639 44
10638 32
10637 81
10636 24
10635 57
10634 84
10633 77
10632 35
10631 96
10630 67
10629 49
10628 20
10627 72
10626 78
10625 2
10624 99
10623 41
10622 38
10621 55
10620 88
10619 60
10618 33
10617 48
10616 31
10615 33
10614 56
10613 58
10612 33
10611 12
10610 97
10609 89
10608 47
10607 3
10606 64
10605 13
10604 59
10603 80
10602 22
10601 85
10600 96
10599 34
10598 42
10597 35
10596 28
10595 16
10594 92
10593 22
10592 65
10591 84
10590 11
10589 87
10588 37
10587 21
10586 34
10585 72
10584 52
10583 22
10582 41
10581 50
10580 10
10579 95
10578 41
10577 98
10576 77
10575 43
10574 11
10573 86
10572 16
10571 18
10570 92
10569 48
10568 81
10567 75
10566 70
10565 14
10564 48
10563 57
10562 91
10561 3
10560 14
10559 11
10558 82
10557 74
10556 20
10555 38
10554 21
10553 26
10552 24
10551 47
10550 75
10549 78
10548 43
10547 21
10546 8
10545 12
10544 16
10543 30
10542 31
10541 61
10540 27
10539 53
10538 70
10537 34
10536 72
10535 80
10534 41
10533 66
10532 49
10531 86
10530 83
10529 39
10528 76
10527 10
10526 31
10525 48
10524 45
10523 89
10522 66
10521 0
10520 19
10519 60
10518 39
10517 22
10516 2
10515 92
10514 80
10513 59
10512 28
10511 54
10510 74
10509 76
10508 57
10507 83
10506 27
10505 67
10504 32
10503 33
10502 43
10501 8
10500 9
10499 44
10498 91
10497 20
10496 61
10495 39
10494 30
10493 23
10492 14
10491 7
10490 87
10489 72
10488 58
10487 51
10486 12
10485 54
10484 31
10483 70
10482 46
10481 32
10480 70
10479 81
10478 7
10477 23
10476 64
10475 4
10474 49
10473 8
10472 83
10471 12
10470 58
10469 5
10468 3
10467 60
10466 1
10465 21
10464 2
10463 90
10462 68
10461 27
10460 38
10459 71
10458 52
10457 78
10456 39
10455 6
10454 78
10453 22
10452 51
10451 65
10450 20
10449 15
10448 42
10447 98
10446 32
10445 94
10444 5
10443 99
10442 87
10441 30
10440 25
10439 27
10438 32
10437 2
10436 69
10435 64
10434 84
10433 26
10432 28
10431 47
10430 67
10429 74
10428 92
10427 81
10426 50
10425 17
10424 60
10423 8
10422 65
10421 84
10420 91
10419 5
10418 32
10417 78
10416 77
10415 31
10414 38
10413 16
10412 92
10411 41
10410 96
10409 22
10408 98
10407 86
10406 70
10405 44
10404 51
10403 16
10402 80
10401 82
10400 34
10399 4
10398 87
10397 42
10396 68
10395 96
10394 84
10393 24
10392 34
10391 39
10390 67
10389 30
10388 65
10387 57
10386 30
10385 56
10384 4
10383 0
10382 44
10381 56
10380 25
10379 57
10378 65
10377 14
10376 10
10375 23
10374 88
10373 0
10372 57
10371 10
10370 55
10369 75
10368 60
10367 71
10366 93
10365 54
10364 56
10363 2
10362 67
10361 3
10360 68
10359 96
10358 58
10357 81
10356 11
10355 100
10354 30
10353 45
10352 53
10351 3
10350 93
10349 16
10348 53
10347 58
10346 32
10345 36
10344 5
10343 33
10342 99
10341 32
10340 23
10339 26
10338 27
10337 70
10336 59
10335 69
10334 77
10333 26
10332 40
10331 59
10330 16
10329 13
10328 79
10327 30
10326 46
10325 6
10324 39
10323 21
10322 65
10321 77
10320 33
10319 0
10318 90
10317 26
10316 31
10315 30
10314 22
10313 65
10312 6
10311 52
10310 25
10309 67
10308 21
10307 51
10306 88
10305 20
10304 17
10303 35
10302 33
10301 94
10300 50
10299 74
10298 40
10297 66
10296 55
10295 46
10294 67
10293 96
10292 36
10291 35
10290 23
10289 41
10288 61
10287 72
10286 94
10285 68
10284 7
10283 69
10282 41
10281 37
10280 83
10279 19
10278 42
10277 43
10276 17
10275 26
10274 66
10273 62
10272 15
10271 68
10270 38
10269 66
10268 81
10267 37
10266 27
10265 19
10264 2
10263 49
10262 44
10261 7
10260 24
10259 8
10258 53
10257 96
10256 56
10255 3
10254 21
10253 22
10252 87
10251 62
10250 97
10249 13
10248 42
10247 59
10246 79
10245 7
10244 97
10243 57
10242 50
10241 98
10240 47
10239 38
10238 2
10237 92
10236 90
10235 49
10234 30
10233 79
10232 71
10231 50
10230 58
10229 36
10228 71
10227 56
10226 52
10225 7
10224 82
10223 45
10222 70
10221 51
10220 6
10219 59
10218 62
10217 83
10216 75
10215 93
10214 82
10213 11
10212 12
10211 46
10210 23
10209 69
10208 93
10207 99
10206 98
10205 27
10204 23
10203 25
10202 78
10201 28
10200 16
10199 26
10198 75
10197 68
10196 15
10195 74
10194 20
10193 64
10192 29
10191 68
10190 23
10189 40
10188 34
10187 84
10186 50
10185 12
10184 85
10183 83
10182 46
10181 17
10180 34
10179 63
10178 92
10177 25
10176 29
10175 7
10174 27
10173 39
10172 68
10171 76
10170 56
10169 31
10168 56
10167 37
10166 58
10165 7
10164 54
10163 5
10162 7
10161 45
10160 6
10159 86
10158 2
10157 69
10156 37
10155 1
10154 47
10153 72
10152 10
10151 13
10150 32
10149 82
10148 47
10147 64
10146 83
10145 68
10144 4
10143 61
10142 68
10141 14
10140 18
10139 28
10138 15
10137 1
10136 26
10135 66
10134 43
10133 36
10132 36
10131 48
10130 53
10129 26
10128 74
10127 85
10126 7
10125 9
10124 45
10123 95
10122 2
10121 72
10120 67
10119 54
10118 56
10117 11
10116 92
10115 52
10114 79
10113 3
10112 19
10111 100
10110 92
10109 40
10108 78
10107 50
10106 14
10105 47
10104 30
10103 36
10102 80
10101 40
10100 53
10099 57
10098 17
10097 83
10096 18
10095 12
10094 64
10093 27
10092 84
10091 95
10090 75
10089 72
10088 6
10087 63
10086 62
10085 64
10084 86
10083 86
10082 89
10081 29
10080 37
10079 87
10078 16
10077 15
10076 40
10075 86
10074 52
10073 37
10072 84
10071 100
10070 21
10069 33
10068 8
10067 62
10066 6
10065 49
10064 72
10063 8
10062 64
10061 0
10060 99
10059 25
10058 26
10057 43
10056 4
10055 19
10054 35
10053 86
10052 13
10051 27
10050 47
10049 70
10048 24
10047 9
10046 13
10045 13
10044 64
10043 96
10042 70
10041 83
10040 56
10039 37
10038 5
10037 18
10036 46
10035 5
10034 25
10033 25
10032 3
10031 65
10030 46
10029 13
10028 19
10027 95
10026 89
10025 65
10024 61
10023 86
10022 66
10021 60
10020 42
10019 12
10018 21
10017 2
10016 69
10015 40
10014 45
10013 34
10012 45
10011 8
10010 55
10009 83
10008 80
10007 14
10006 81
10005 44
10004 23
10003 68
10002 54
10001 65
10000 89
9999 54
9998 100
9997 99
9996 49
9995 1
9994 31
9993 70
9992 31
9991 28
9990 21
9989 33
9988 99
9987 82
9986 82
9985 11
9984 90
9983 17
9982 10
9981 1
9980 97
9979 7
9978 93
9977 65
9976 46
9975 98
9974 65
9973 97
9972 74
9971 13
9970 22
9969 3
9968 84
9967 95
9966 13
9965 21
9964 87
9963 31
9962 32
9961 30
9960 38
9959 43
9958 31
9957 42
9956 3
9955 42
9954 82
9953 90
9952 45
9951 30
9950 38
9949 94
9948 32
9947 94
9946 36
9945 44
9944 76
9943 17
9942 76
9941 93
9940 59
9939 85
9938 72
9937 15
9936 82
9935 79
9934 41
9933 55
9932 17
9931 89
9930 37
9929 93
9928 40
9927 39
9926 15
9925 91
9924 37
9923 55
9922 91
9921 37
9920 55
9919 51
9918 17
9917 21
9916 69
9915 52
9914 56
9913 98
9912 39
9911 28
9910 0
9909 71
9908 2
9907 19
9906 14
9905 71
9904 5
9903 76
9902 16
9901 80
9900 67
9899 94
9898 33
9897 12
9896 87
9895 19
9894 96
9893 95
9892 65
9891 86
9890 13
9889 46
9888 71
9887 36
9886 31
9885 55
9884 84
9883 73
9882 30
9881 89
9880 54
9879 19
9878 28
9877 81
9876 70
9875 60
9874 81
9873 84
9872 45
9871 25
9870 23
9869 86
9868 83
9867 43
9866 84
9865 47
9864 66
9863 90
9862 11
9861 4
9860 59
9859 49
9858 29
9857 7
9856 32
9855 10
9854 73
9853 85
9852 95
9851 88
9850 30
9849 55
9848 63
9847 78
9846 95
9845 45
9844 54
9843 33
9842 35
9841 1
9840 65
9839 46
9838 66
9837 31
9836 18
9835 2
9834 52
9833 11
9832 35
9831 8
9830 93
9829 73
9828 71
9827 80
9826 43
9825 75
9824 73
9823 25
9822 33
9821 93
9820 70
9819 42
9818 99
9817 98
9816 93
9815 82
9814 28
9813 81
9812 87
9811 70
9810 43
9809 49
9808 65
9807 60
9806 10
9805 37
9804 84
9803 37
9802 81
9801 21
9800 42
9799 18
9798 96
9797 90
9796 17
9795 70
9794 28
9793 54
9792 74
9791 20
9790 91
9789 8
9788 84
9787 16
9786 66
9785 74
9784 57
9783 38
9782 91
9781 91
9780 60
9779 60
9778 64
9777 43
9776 40
9775 5
9774 90
9773 4
9772 92
9771 33
9770 24
9769 71
9768 62
9767 49
9766 32
9765 65
9764 2
9763 61
9762 48
9761 9
9760 76
9759 36
9758 50
9757 70
9756 78
9755 2
9754 56
9753 21
9752 37
9751 84
9750 37
9749 23
9748 52
9747 37
9746 17
9745 70
9744 82
9743 29
9742 70
9741 61
9740 97
9739 59
9738 69
9737 98
9736 1
9735 17
9734 32
9733 82
9732 94
9731 66
9730 1
9729 30
9728 31
9727 100
9726 21
9725 12
9724 58
9723 54
9722 100
9721 26
9720 50
9719 74
9718 64
9717 61
9716 42
9715 82
9714 89
9713 27
9712 65
9711 68
9710 24
9709 47
9708 82
9707 15
9706 19
9705 51
9704 41
9703 91
9702 94
9701 30
9700 66
9699 91
9698 15
9697 21
9696 49
9695 48
9694 29
9693 69
9692 36
9691 64
9690 96
9689 16
9688 54
9687 52
9686 39
9685 10
9684 11
9683 73
9682 80
9681 60
9680 29
9679 78
9678 69
9677 9
9676 21
9675 62
9674 90
9673 35
9672 81
9671 8
9670 5
9669 79
9668 60
9667 11
9666 56
9665 79
9664 80
9663 0
9662 14
9661 77
9660 78
9659 67
9658 89
9657 29
9656 5
9655 85
9654 25
9653 30
9652 39
9651 98
9650 3
9649 71
9648 18
9647 13
9646 94
9645 83
9644 100
9643 1
9642 69
9641 2
9640 93
9639 8
9638 19
9637 49
9636 28
9635 13
9634 94
9633 25
9632 98
9631 38
9630 58
9629 8
9628 54
9627 4
9626 96
9625 81
9624 91
9623 10
9622 20
9621 84
9620 96
9619 45
9618 90
9617 82
9616 10
9615 96
9614 2
9613 14
9612 70
9611 3
9610 23
9609 57
9608 76
9607 41
9606 27
9605 11
9604 69
9603 29
9602 49
9601 31
9600 21
9599 25
9598 29
9597 61
9596 37
9595 29
9594 69
9593 2
9592 44
9591 14
9590 82
9589 64
9588 79
9587 18
9586 29
9585 40
9584 42
9583 91
9582 77
9581 59
9580 70
9579 48
9578 8
9577 91
9576 18
9575 26
9574 63
9573 9
9572 27
9571 66
9570 64
9569 100
9568 93
9567 7
9566 27
9565 24
9564 64
9563 26
9562 94
9561 45
9560 8
9559 25
9558 9
9557 86
9556 56
9555 73
9554 96
9553 43
9552 59
9551 82
9550 11
9549 71
9548 10
9547 84
9546 83
9545 46
9544 91
9543 56
9542 64
9541 0
9540 29
9539 64
9538 81
9537 28
9536 97
9535 51
9534 41
9533 12
9532 81
9531 66
9530 71
9529 23
9528 7
9527 62
9526 17
9525 73
9524 60
9523 61
9522 19
9521 71
9520 16
9519 81
9518 77
9517 53
9516 54
9515 5
9514 23
9513 11
9512 26
9511 77
9510 31
9509 69
9508 26
9507 82
9506 14
9505 41
9504 47
9503 24
9502 12
9501 42
9500 15
9499 33
9498 13
9497 89
9496 62
9495 10
9494 44
9493 15
9492 72
9491 80
9490 20
9489 7
9488 58
9487 39
9486 88
9485 38
9484 69
9483 71
9482 62
9481 60
9480 48
9479 27
9478 87
9477 10
9476 52
9475 80
9474 73
9473 99
9472 70
9471 63
9470 7
9469 68
9468 74
9467 32
9466 59
9465 75
9464 98
9463 79
9462 40
9461 28
9460 60
9459 93
9458 3
9457 73
9456 60
9455 56
9454 0
9453 2
9452 31
9451 12
9450 39
9449 4
9448 92
9447 77
9446 15
9445 66
9444 61
9443 56
9442 60
9441 5
9440 24
9439 27
9438 24
9437 4
9436 93
9435 32
9434 53
9433 80
9432 48
9431 85
9430 53
9429 71
9428 100
9427 72
9426 78
9425 69
9424 93
9423 94
9422 10
9421 65
9420 86
9419 51
9418 50
9417 97
9416 50
9415 83
9414 87
9413 56
9412 72
9411 55
9410 71
9409 33
9408 87
9407 24
9406 23
9405 73
9404 9
9403 80
9402 32
9401 13
9400 21
9399 89
9398 15
9397 74
9396 46
9395 37
9394 74
9393 40
9392 53
9391 91
9390 80
9389 97
9388 4
9387 4
9386 15
9385 23
9384 30
9383 32
9382 49
9381 26
9380 91
9379 63
9378 28
9377 75
9376 4
9375 87
9374 74
9373 26
9372 34
9371 98
9370 97
9369 45
9368 30
9367 59
9366 76
9365 89
9364 61
9363 34
9362 48
9361 19
9360 12
9359 38
9358 2
9357 43
9356 42
9355 36
9354 99
9353 66
9352 42
9351 25
9350 9
9349 4
9348 77
9347 0
9346 46
9345 46
9344 84
9343 70
9342 70
9341 5
9340 62
9339 9
9338 53
9337 64
9336 18
9335 43
9334 90
9333 19
9332 28
9331 9
9330 46
9329 11
9328 27
9327 34
9326 34
9325 24
9324 97
9323 91
9322 92
9321 89
9320 1
9319 38
9318 21
9317 25
9316 92
9315 74
9314 36
9313 17
9312 40
9311 59
9310 63
9309 8
9308 62
9307 88
9306 52
9305 58
9304 15
9303 82
9302 96
9301 36
9300 46
9299 30
9298 72
9297 37
9296 37
9295 96
9294 16
9293 51
9292 61
9291 3
9290 45
9289 77
9288 91
9287 2
9286 85
9285 38
9284 49
9283 61
9282 77
9281 30
9280 57
9279 49
9278 21
9277 49
9276 3
9275 91
9274 90
9273 10
9272 86
9271 21
9270 10
9269 70
9268 84
9267 68
9266 97
9265 83
9264 67
9263 10
9262 73
9261 80
9260 10
9259 78
9258 60
9257 83
9256 38
9255 62
9254 23
9253 47
9252 53
9251 51
9250 89
9249 5
9248 70
9247 32
9246 11
9245 7
9244 51
9243 91
9242 76
9241 89
9240 83
9239 5
9238 76
9237 99
9236 46
9235 86
9234 12
9233 1
9232 36
9231 18
9230 37
9229 90
9228 51
9227 49
9226 35
9225 84
9224 26
9223 83
9222 11
9221 68
9220 72
9219 87
9218 69
9217 4
9216 92
9215 4
9214 41
9213 24
9212 80
9211 65
9210 62
9209 72
9208 20
9207 32
9206 1
9205 38
9204 0
9203 31
9202 68
9201 60
9200 81
9199 3
9198 45
9197 96
9196 73
9195 97
9194 98
9193 17
9192 70
9191 95
9190 75
9189 57
9188 95
9187 57
9186 73
9185 88
9184 28
9183 65
9182 59
9181 31
9180 78
9179 97
9178 68
9177 14
9176 84
9175 18
9174 79
9173 26
9172 80
9171 98
9170 1
9169 36
9168 46
9167 4
9166 58
9165 12
9164 94
9163 75
9162 64
9161 25
9160 9
9159 2
9158 3
9157 46
9156 61
9155 28
9154 87
9153 84
9152 76
9151 6
9150 7
9149 50
9148 10
9147 83
9146 41
9145 7
9144 97
9143 71
9142 66
9141 86
9140 81
9139 18
9138 65
9137 25
9136 93
9135 8
9134 22
9133 64
9132 8
9131 16
9130 84
9129 76
9128 28
9127 51
9126 51
9125 86
9124 42
9123 30
9122 41
9121 29
9120 38
9119 9
9118 73
9117 29
9116 1
9115 88
9114 76
9113 50
9112 24
9111 26
9110 11
9109 70
9108 40
9107 37
9106 12
9105 37
9104 74
9103 70
9102 63
9101 4
9100 98
9099 32
9098 78
9097 26
9096 55
9095 29
9094 95
9093 100
9092 86
9091 9
9090 21
9089 80
9088 86
9087 74
9086 23
9085 57
9084 46
9083 26
9082 36
9081 45
9080 29
9079 32
9078 42
9077 92
9076 1
9075 76
9074 4
9073 64
9072 25
9071 35
9070 68
9069 85
9068 38
9067 79
9066 22
9065 68
9064 57
9063 1
9062 98
9061 47
9060 25
9059 3
9058 18
9057 98
9056 42
9055 2
9054 73
9053 35
9052 2
9051 97
9050 69
9049 7
9048 5
9047 99
9046 99
9045 6
9044 66
9043 43
9042 91
9041 68
9040 94
9039 59
9038 16
9037 32
9036 9
9035 55
9034 69
9033 12
9032 14
9031 26
9030 27
9029 23
9028 12
9027 82
9026 42
9025 47
9024 14
9023 90
9022 98
9021 67
9020 19
9019 19
9018 84
9017 34
9016 58
9015 53
9014 60
9013 6
9012 99
9011 73
9010 63
9009 17
9008 76
9007 71
9006 98
9005 8
9004 69
9003 31
9002 7
9001 52
9000 100
8999 59
8998 5
8997 36
8996 9
8995 76
8994 40
8993 86
8992 10
8991 46
8990 86
8989 41
8988 43
8987 47
8986 34
8985 11
8984 95
8983 38
8982 83
8981 65
8980 47
8979 41
8978 17
8977 70
8976 68
8975 27
8974 35
8973 45
8972 16
8971 17
8970 25
8969 0
8968 50
8967 94
8966 48
8965 29
8964 83
8963 13
8962 80
8961 8
8960 70
8959 80
8958 34
8957 59
8956 52
8955 79
8954 19
8953 94
8952 66
8951 42
8950 43
8949 70
8948 51
8947 45
8946 40
8945 30
8944 50
8943 40
8942 72
8941 97
8940 38
8939 15
8938 90
8937 78
8936 28
8935 26
8934 42
8933 37
8932 77
8931 36
8930 7
8929 51
8928 84
8927 39
8926 50
8925 93
8924 87
8923 92
8922 96
8921 43
8920 50
8919 6
8918 41
8917 100
8916 6
8915 90
8914 49
8913 4
8912 24
8911 35
8910 91
8909 33
8908 1
8907 22
8906 9
8905 32
8904 70
8903 22
8902 45
8901 60
8900 37
8899 54
8898 95
8897 82
8896 93
8895 9
8894 94
8893 23
8892 90
8891 35
8890 75
8889 81
8888 84
8887 3
8886 18
8885 51
8884 44
8883 70
8882 96
8881 50
8880 17
8879 81
8878 37
8877 15
8876 92
8875 80
8874 33
8873 18
8872 50
8871 2
8870 10
8869 34
8868 67
8867 55
8866 39
8865 49
8864 5
8863 43
8862 60
8861 40
8860 49
8859 74
8858 59
8857 67
8856 74
8855 81
8854 70
8853 94
8852 58
8851 75
8850 98
8849 55
8848 66
8847 85
8846 32
8845 15
8844 4
8843 6
8842 90
8841 38
8840 13
8839 83
8838 88
8837 55
8836 39
8835 49
8834 42
8833 84
8832 67
8831 6
8830 40
8829 17
8828 22
8827 65
8826 39
8825 52
8824 87
8823 20
8822 0
8821 84
8820 32
8819 97
8818 93
8817 56
8816 35
8815 88
8814 100
8813 48
8812 45
8811 84
8810 62
8809 35
8808 10
8807 42
8806 30
8805 2
8804 13
8803 64
8802 81
8801 96
8800 43
8799 100
8798 85
8797 91
8796 61
8795 14
8794 85
8793 62
8792 87
8791 26
8790 18
8789 24
8788 39
8787 45
8786 91
8785 45
8784 95
8783 93
8782 5
8781 84
8780 21
8779 79
8778 5
8777 96
8776 38
8775 60
8774 55
8773 76
8772 59
8771 49
8770 91
8769 16
8768 23
8767 48
8766 47
8765 40
8764 8
8763 1
8762 7
8761 88
8760 84
8759 26
8758 52
8757 18
8756 30
8755 1
8754 47
8753 13
8752 50
8751 70
8750 87
8749 35
8748 5
8747 31
8746 100
8745 59
8744 91
8743 45
8742 78
8741 3
8740 70
8739 24
8738 39
8737 81
8736 6
8735 45
8734 27
8733 7
8732 39
8731 54
8730 12
8729 3
8728 64
8727 2
8726 25
8725 83
8724 14
8723 61
8722 100
8721 57
8720 35
8719 14
8718 24
8717 1
8716 50
8715 76
8714 47
8713 9
8712 30
8711 98
8710 55
8709 59
8708 72
8707 8
8706 75
8705 46
8704 0
8703 99
8702 31
8701 26
8700 8
8699 46
8698 89
8697 100
8696 99
8695 70
8694 84
8693 76
8692 51
8691 71
8690 64
8689 49
8688 35
8687 16
8686 35
8685 74
8684 55
8683 22
8682 33
8681 70
8680 93
8679 35
8678 18
8677 57
8676 26
8675 57
8674 40
8673 83
8672 82
8671 82
8670 29
8669 9
8668 33
8667 60
8666 53
8665 35
8664 96
8663 88
8662 37
8661 12
8660 97
8659 37
8658 87
8657 72
8656 17
8655 95
8654 43
8653 72
8652 9
8651 81
8650 36
8649 17
8648 29
8647 78
8646 37
8645 89
8644 60
8643 44
8642 59
8641 42
8640 94
8639 8
8638 35
8637 15
8636 23
8635 30
8634 4
8633 5
8632 39
8631 41
8630 62
8629 19
8628 44
8627 73
8626 63
8625 89
8624 15
8623 100
8622 70
8621 40
8620 22
8619 2
8618 34
8617 30
8616 53
8615 1
8614 69
8613 24
8612 19
8611 62
8610 46
8609 60
8608 3
8607 0
8606 43
8605 20
8604 8
8603 18
8602 30
8601 3
8600 34
8599 68
8598 54
8597 87
8596 31
8595 46
8594 9
8593 34
8592 42
8591 80
8590 76
8589 46
8588 95
8587 2
8586 25
8585 55
8584 59
8583 51
8582 25
8581 71
8580 97
8579 53
8578 72
8577 72
8576 71
8575 43
8574 19
8573 58
8572 50
8571 73
8570 15
8569 89
8568 0
8567 50
8566 33
8565 90
8564 59
8563 24
8562 99
8561 85
8560 51
8559 89
8558 9
8557 69
8556 47
8555 33
8554 77
8553 11
8552 78
8551 90
8550 5
8549 27
8548 33
8547 67
8546 0
8545 55
8544 72
8543 7
8542 25
8541 57
8540 48
8539 87
8538 86
8537 84
8536 10
8535 82
8534 4
8533 69
8532 36
8531 9
8530 22
8529 77
8528 45
8527 17
8526 16
8525 13
8524 88
8523 37
8522 25
8521 78
8520 7
8519 67
8518 86
8517 20
8516 31
8515 86
8514 27
8513 94
8512 4
8511 94
8510 59
8509 31
8508 66
8507 33
8506 3
8505 85
8504 81
8503 3
8502 39
8501 92
8500 65
8499 10
8498 72
8497 4
8496 79
8495 42
8494 58
8493 98
8492 70
8491 21
8490 5
8489 14
8488 38
8487 28
8486 44
8485 79
8484 89
8483 99
8482 57
8481 1
8480 73
8479 67
8478 89
8477 57
8476 17
8475 7
8474 8
8473 61
8472 97
8471 16
8470 6
8469 29
8468 30
8467 20
8466 31
8465 68
8464 22
8463 18
8462 47
8461 58
8460 25
8459 68
8458 57
8457 7
8456 0
8455 16
8454 39
8453 16
8452 92
8451 82
8450 36
8449 98
8448 100
8447 22
8446 80
8445 2
8444 38
8443 81
8442 44
8441 98
8440 99
8439 64
8438 99
8437 48
8436 57
8435 34
8434 67
8433 69
8432 14
8431 34
8430 100
8429 60
8428 47
8427 44
8426 2
8425 78
8424 93
8423 38
8422 67
8421 25
8420 35
8419 4
8418 8
8417 7
8416 13
8415 4
8414 44
8413 48
8412 84
8411 79
8410 20
8409 72
8408 67
8407 79
8406 62
8405 93
8404 99
8403 87
8402 78
8401 18
8400 40
8399 73
8398 3
8397 28
8396 91
8395 10
8394 28
8393 8
8392 38
8391 18
8390 48
8389 42
8388 12
8387 59
8386 47
8385 82
8384 18
8383 93
8382 14
8381 91
8380 85
8379 61
8378 41
8377 32
8376 65
8375 15
8374 35
8373 37
8372 67
8371 88
8370 8
8369 62
8368 6
8367 99
8366 3
8365 47
8364 20
8363 26
8362 76
8361 46
8360 26
8359 37
8358 52
8357 21
8356 85
8355 52
8354 40
8353 50
8352 22
8351 70
8350 74
8349 2
8348 59
8347 77
8346 57
8345 6
8344 17
8343 72
8342 93
8341 40
8340 99
8339 62
8338 10
8337 82
8336 3
8335 26
8334 69
8333 50
8332 3
8331 91
8330 33
8329 48
8328 46
8327 42
8326 10
8325 21
8324 26
8323 98
8322 71
8321 79
8320 12
8319 27
8318 15
8317 12
8316 75
8315 22
8314 54
8313 92
8312 13
8311 69
8310 10
8309 60
8308 17
8307 20
8306 84
8305 20
8304 27
8303 3
8302 69
8301 15
8300 20
8299 11
8298 6
8297 100
8296 30
8295 40
8294 89
8293 92
8292 17
8291 97
8290 99
8289 40
8288 41
8287 55
8286 53
8285 77
8284 10
8283 81
8282 3
8281 30
8280 8
8279 78
8278 57
8277 6
8276 40
8275 77
8274 86
8273 77
8272 25
8271 85
8270 86
8269 42
8268 92
8267 46
8266 51
8265 54
8264 100
8263 75
8262 28
8261 78
8260 9
8259 83
8258 42
8257 14
8256 71
8255 93
8254 63
8253 63
8252 69
8251 62
8250 42
8249 67
8248 89
8247 43
8246 1
8245 29
8244 45
8243 58
8242 57
8241 23
8240 8
8239 14
8238 14
8237 70
8236 82
8235 97
8234 22
8233 68
8232 88
8231 42
8230 11
8229 22
8228 40
8227 94
8226 99
8225 69
8224 1
8223 43
8222 8
8221 93
8220 83
8219 86
8218 88
8217 34
8216 32
8215 92
8214 7
8213 64
8212 15
8211 24
8210 22
8209 69
8208 8
8207 71
8206 73
8205 82
8204 95
8203 85
8202 57
8201 96
8200 90
8199 100
8198 24
8197 52
8196 87
8195 71
8194 61
8193 82
8192 7
8191 4
8190 97
8189 75
8188 69
8187 35
8186 43
8185 44
8184 96
8183 94
8182 49
8181 21
8180 79
8179 20
8178 99
8177 0
8176 44
8175 16
8174 37
8173 18
8172 67
8171 48
8170 60
8169 79
8168 32
8167 69
8166 76
8165 69
8164 3
8163 55
8162 43
8161 53
8160 3
8159 8
8158 56
8157 56
8156 56
8155 30
8154 73
8153 44
8152 4
8151 51
8150 46
8149 70
8148 23
8147 68
8146 50
8145 12
8144 95
8143 76
8142 15
8141 66
8140 62
8139 73
8138 4
8137 25
8136 62
8135 42
8134 89
8133 80
8132 96
8131 79
8130 31
8129 85
8128 83
8127 30
8126 3
8125 87
8124 12
8123 54
8122 38
8121 47
8120 67
8119 35
8118 55
8117 52
8116 75
8115 58
8114 84
8113 38
8112 50
8111 94
8110 54
8109 0
8108 97
8107 54
8106 24
8105 56
8104 59
8103 11
8102 40
8101 4
8100 79
8099 9
8098 80
8097 67
8096 12
8095 15
8094 73
8093 53
8092 57
8091 37
8090 98
8089 22
8088 53
8087 19
8086 75
8085 1
8084 51
8083 12
8082 20
8081 13
8080 2
8079 39
8078 66
8077 32
8076 97
8075 35
8074 59
8073 37
8072 3
8071 0
8070 45
8069 58
8068 74
8067 38
8066 62
8065 0
8064 45
8063 43
8062 99
8061 51
8060 66
8059 41
8058 7
8057 63
8056 67
8055 92
8054 45
8053 67
8052 79
8051 84
8050 45
8049 37
8048 80
8047 71
8046 44
8045 3
8044 86
8043 93
8042 30
8041 46
8040 28
8039 24
8038 53
8037 7
8036 90
8035 43
8034 73
8033 36
8032 12
8031 35
8030 92
8029 24
8028 63
8027 88
8026 15
8025 18
8024 57
8023 98
8022 30
8021 87
8020 15
8019 61
8018 99
8017 57
8016 22
8015 13
8014 21
8013 67
8012 73
8011 69
8010 90
8009 95
8008 96
8007 76
8006 52
8005 4
8004 40
8003 100
8002 49
8001 33
8000 35
7999 75
7998 70
7997 82
7996 42
7995 18
7994 85
7993 28
7992 8
7991 34
7990 18
7989 78
7988 76
7987 100
7986 81
7985 33
7984 100
7983 12
7982 10
7981 99
7980 67
7979 29
7978 80
7977 41
7976 26
7975 13
7974 59
7973 89
7972 9
7971 38
7970 71
7969 19
7968 58
7967 95
7966 52
7965 5
7964 31
7963 42
7962 90
7961 93
7960 15
7959 29
7958 49
7957 53
7956 93
7955 38
7954 26
7953 18
7952 73
7951 24
7950 33
7949 75
7948 65
7947 91
7946 24
7945 76
7944 53
7943 14
7942 16
7941 43
7940 30
7939 71
7938 90
7937 92
7936 49
7935 53
7934 69
7933 17
7932 72
7931 8
7930 62
7929 45
7928 69
7927 82
7926 54
7925 68
7924 42
7923 72
7922 62
7921 78
7920 24
7919 71
7918 62
7917 74
7916 32
7915 6
7914 94
7913 84
7912 54
7911 83
7910 33
7909 73
7908 72
7907 38
7906 98
7905 88
7904 46
7903 40
7902 8
7901 56
7900 54
7899 36
7898 82
7897 57
7896 45
7895 91
7894 57
7893 76
7892 46
7891 67
7890 34
7889 38
7888 43
7887 24
7886 9
7885 8
7884 47
7883 29
7882 19
7881 14
7880 20
7879 94
7878 41
7877 47
7876 65
7875 67
7874 92
7873 67
7872 18
7871 38
7870 73
7869 84
7868 42
7867 36
7866 55
7865 49
7864 96
7863 26
7862 19
7861 6
7860 6
7859 76
7858 55
7857 36
7856 38
7855 40
7854 35
7853 23
7852 49
7851 91
7850 29
7849 71
7848 0
7847 69
7846 66
7845 99
7844 18
7843 66
7842 76
7841 92
7840 48
7839 10
7838 72
7837 78
7836 66
7835 15
7834 61
7833 68
7832 25
7831 79
7830 15
7829 50
7828 72
7827 31
7826 82
7825 57
7824 37
7823 70
7822 38
7821 16
7820 76
7819 97
7818 72
7817 62
7816 37
7815 80
7814 30
7813 40
7812 67
7811 37
7810 100
7809 90
7808 93
7807 13
7806 97
7805 7
7804 51
7803 53
7802 97
7801 37
7800 70
7799 40
7798 89
7797 43
7796 82
7795 91
7794 13
7793 85
7792 18
7791 28
7790 24
7789 30
7788 47
7787 7
7786 65
7785 82
7784 89
7783 10
7782 88
7781 88
7780 34
7779 35
7778 27
7777 15
7776 33
7775 11
7774 63
7773 66
7772 90
7771 16
7770 78
7769 62
7768 9
7767 57
7766 26
7765 48
7764 6
7763 42
7762 24
7761 35
7760 30
7759 17
7758 69
7757 93
7756 31
7755 93
7754 1
7753 79
7752 46
7751 60
7750 48
7749 90
7748 10
7747 98
7746 14
7745 88
7744 40
7743 32
7742 66
7741 92
7740 23
7739 84
7738 51
7737 92
7736 29
7735 92
7734 64
7733 70
7732 88
7731 57
7730 84
7729 31
7728 37
7727 85
7726 47
7725 72
7724 51
7723 78
7722 73
7721 61
7720 61
7719 64
7718 67
7717 99
7716 68
7715 25
7714 12
7713 66
7712 83
7711 37
7710 4
7709 8
7708 57
7707 46
7706 55
7705 95
7704 63
7703 21
7702 98
7701 7
7700 60
7699 91
7698 2
7697 36
7696 92
7695 55
7694 60
7693 74
7692 55
7691 29
7690 12
7689 82
7688 72
7687 55
7686 36
7685 56
7684 59
7683 70
7682 12
7681 33
7680 39
7679 95
7678 85
7677 51
7676 88
7675 37
7674 24
7673 89
7672 14
7671 6
7670 21
7669 0
7668 24
7667 56
7666 77
7665 57
7664 67
7663 25
7662 32
7661 86
7660 20
7659 33
7658 78
7657 98
7656 6
7655 17
7654 85
7653 6
7652 20
7651 73
7650 89
7649 14
7648 65
7647 1
7646 60
7645 51
7644 67
7643 88
7642 47
7641 56
7640 21
7639 98
7638 60
7637 11
7636 73
7635 87
7634 21
7633 69
7632 36
7631 89
7630 39
7629 35
7628 12
7627 80
7626 29
7625 14
7624 86
7623 32
7622 99
7621 37
7620 95
7619 72
7618 77
7617 45
7616 37
7615 11
7614 86
7613 35
7612 42
7611 1
7610 62
7609 5
7608 40
7607 88
7606 40
7605 44
7604 7
7603 52
7602 97
7601 87
7600 2
7599 9
7598 32
7597 58
7596 60
7595 35
7594 22
7593 58
7592 1
7591 99
7590 84
7589 8
7588 54
7587 97
7586 57
7585 30
7584 62
7583 3
7582 38
7581 86
7580 98
7579 24
7578 47
7577 66
7576 4
7575 59
7574 56
7573 90
7572 97
7571 31
7570 29
7569 49
7568 22
7567 44
7566 65
7565 78
7564 6
7563 26
7562 1
7561 13
7560 63
7559 35
7558 1
7557 4
7556 7
7555 100
7554 32
7553 90
7552 53
7551 32
7550 18
7549 82
7548 79
7547 70
7546 6
7545 81
7544 30
7543 39
7542 28
7541 75
7540 35
7539 23
7538 92
7537 86
7536 14
7535 17
7534 58
7533 4
7532 16
7531 43
7530 71
7529 81
7528 83
7527 33
7526 91
7525 87
7524 89
7523 6
7522 79
7521 37
7520 1
7519 11
7518 53
7517 98
7516 77
7515 30
7514 60
7513 2
7512 67
7511 1
7510 36
7509 47
7508 38
7507 41
7506 79
7505 61
7504 81
7503 79
7502 12
7501 3
7500 92
7499 22
7498 65
7497 31
7496 33
7495 80
7494 31
7493 25
7492 76
7491 36
7490 64
7489 99
7488 89
7487 90
7486 17
7485 55
7484 0
7483 23
7482 50
7481 100
7480 34
7479 29
7478 47
7477 19
7476 4
7475 16
7474 34
7473 42
7472 21
7471 46
7470 80
7469 81
7468 68
7467 12
7466 24
7465 59
7464 75
7463 38
7462 87
7461 67
7460 2
7459 41
7458 0
7457 35
7456 29
7455 12
7454 11
7453 30
7452 43
7451 12
7450 64
7449 49
7448 93
7447 19
7446 96
7445 86
7444 52
7443 3
7442 51
7441 2
7440 43
7439 66
7438 43
7437 17
7436 38
7435 54
7434 22
7433 84
7432 88
7431 68
7430 89
7429 86
7428 1
7427 51
7426 65
7425 82
7424 14
7423 47
7422 34
7421 80
7420 30
7419 3
7418 71
7417 45
7416 44
7415 30
7414 82
7413 5
7412 53
7411 28
7410 18
7409 15
7408 27
7407 26
7406 12
7405 8
7404 5
7403 81
7402 78
7401 24
7400 10
7399 63
7398 40
7397 98
7396 40
7395 33
7394 88
7393 41
7392 55
7391 41
7390 84
7389 22
7388 36
7387 80
7386 98
7385 35
7384 25
7383 25
7382 93
7381 47
7380 38
7379 87
7378 39
7377 25
7376 50
7375 86
7374 9
7373 91
7372 66
7371 94
7370 25
7369 22
7368 11
7367 99
7366 26
7365 29
7364 46
7363 61
7362 42
7361 2
7360 27
7359 25
7358 32
7357 70
7356 76
7355 44
7354 69
7353 63
7352 0
7351 36
7350 42
7349 7
7348 36
7347 44
7346 62
7345 2
7344 74
7343 13
7342 59
7341 36
7340 36
7339 22
7338 46
7337 39
7336 74
7335 29
7334 0
7333 51
7332 31
7331 61
7330 2
7329 20
7328 49
7327 53
7326 16
7325 57
7324 37
7323 73
7322 5
7321 39
7320 17
7319 44
7318 31
7317 52
7316 19
7315 37
7314 20
7313 71
7312 86
7311 64
7310 76
7309 43
7308 58
7307 4
7306 7
7305 31
7304 40
7303 100
7302 23
7301 26
7300 79
7299 9
7298 7
7297 5
7296 26
7295 29
7294 27
7293 42
7292 87
7291 32
7290 26
7289 93
7288 89
7287 17
7286 94
7285 73
7284 13
7283 40
7282 53
7281 100
7280 33
7279 83
7278 18
7277 18
7276 54
7275 9
7274 10
7273 98
7272 39
7271 97
7270 74
7269 94
7268 50
7267 64
7266 16
7265 84
7264 65
7263 0
7262 14
7261 11
7260 46
7259 84
7258 76
7257 9
7256 42
7255 80
7254 65
7253 93
7252 15
7251 11
7250 89
7249 90
7248 49
7247 11
7246 6
7245 91
7244 3
7243 12
7242 8
7241 49
7240 10
7239 22
7238 78
7237 35
7236 95
7235 12
7234 75
7233 70
7232 16
7231 66
7230 97
7229 24
7228 9
7227 85
7226 18
7225 56
7224 95
7223 54
7222 70
7221 52
7220 6
7219 0
7218 95
7217 91
7216 42
7215 0
7214 46
7213 22
7212 89
7211 17
7210 92
7209 6
7208 35
7207 45
7206 39
7205 38
7204 12
7203 5
7202 9
7201 35
7200 21
7199 87
7198 37
7197 24
7196 72
7195 1
7194 65
7193 85
7192 61
7191 99
7190 28
7189 19
7188 10
7187 62
7186 45
7185 91
7184 68
7183 47
7182 39
7181 45
7180 2
7179 63
7178 61
7177 54
7176 3
7175 59
7174 95
7173 17
7172 85
7171 88
7170 30
7169 59
7168 65
7167 15
7166 46
7165 59
7164 56
7163 61
7162 58
7161 33
7160 86
7159 4
7158 85
7157 43
7156 43
7155 71
7154 81
7153 56
7152 5
7151 76
7150 43
7149 61
7148 58
7147 76
7146 48
7145 97
7144 26
7143 95
7142 39
7141 24
7140 59
7139 83
7138 97
7137 80
7136 44
7135 62
7134 1
7133 96
7132 21
7131 12
7130 59
7129 99
7128 47
7127 9
7126 56
7125 56
7124 76
7123 77
7122 77
7121 52
7120 13
7119 49
7118 15
7117 7
7116 24
7115 5
7114 2
7113 31
7112 39
7111 47
7110 97
7109 84
7108 67
7107 84
7106 46
7105 23
7104 60
7103 1
7102 65
7101 57
7100 41
7099 92
7098 29
7097 3
7096 81
7095 30
7094 67
7093 34
7092 92
7091 93
7090 83
7089 43
7088 22
7087 78
7086 67
7085 14
7084 5
7083 48
7082 94
7081 92
7080 27
7079 4
7078 77
7077 24
7076 98
7075 65
7074 76
7073 63
7072 60
7071 59
7070 20
7069 5
7068 16
7067 64
7066 11
7065 81
7064 8
7063 25
7062 69
7061 32
7060 52
7059 18
7058 70
7057 81
7056 41
7055 69
7054 77
7053 57
7052 30
7051 72
7050 74
7049 41
7048 3
7047 74
7046 96
7045 59
7044 6
7043 24
7042 69
7041 98
7040 18
7039 76
7038 38
7037 87
7036 5
7035 36
7034 41
7033 37
7032 86
7031 40
7030 18
7029 4
7028 59
7027 70
7026 36
7025 61
7024 35
7023 72
7022 72
7021 10
7020 32
7019 6
7018 20
7017 70
7016 8
7015 4
7014 61
7013 72
7012 72
7011 18
7010 76
7009 90
7008 22
7007 42
7006 63
7005 93
7004 21
7003 49
7002 86
7001 81
7000 93
6999 40
6998 5
6997 80
6996 23
6995 81
6994 34
6993 42
6992 83
6991 94
6990 10
6989 92
6988 75
6987 73
6986 14
6985 7
6984 66
6983 2
6982 17
6981 10
6980 62
6979 24
6978 46
6977 89
6976 53
6975 77
6974 24
6973 11
6972 100
6971 0
6970 83
6969 51
6968 77
6967 68
6966 67
6965 45
6964 37
6963 95
6962 92
6961 32
6960 38
6959 84
6958 66
6957 35
6956 53
6955 29
6954 29
6953 44
6952 55
6951 18
6950 83
6949 54
6948 83
6947 36
6946 49
6945 14
6944 30
6943 86
6942 75
6941 63
6940 81
6939 88
6938 13
6937 52
6936 60
6935 93
6934 24
6933 55
6932 80
6931 11
6930 66
6929 35
6928 38
6927 12
6926 99
6925 32
6924 85
6923 30
6922 13
6921 96
6920 81
6919 87
6918 57
6917 64
6916 95
6915 15
6914 5
6913 92
6912 70
6911 27
6910 48
6909 57
6908 25
6907 43
6906 95
6905 55
6904 17
6903 35
6902 39
6901 46
6900 24
6899 56
6898 12
6897 71
6896 13
6895 59
6894 74
6893 61
6892 43
6891 49
6890 32
6889 77
6888 19
6887 7
6886 12
6885 58
6884 81
6883 39
6882 39
6881 80
6880 94
6879 15
6878 50
6877 11
6876 70
6875 25
6874 17
6873 62
6872 4
6871 32
6870 91
6869 80
6868 82
6867 23
6866 26
6865 75
6864 16
6863 62
6862 40
6861 83
6860 46
6859 22
6858 20
6857 90
6856 29
6855 80
6854 93
6853 82
6852 92
6851 77
6850 56
6849 89
6848 86
6847 75
6846 61
6845 74
6844 33
6843 72
6842 1
6841 88
6840 30
6839 74
6838 34
6837 63
6836 84
6835 19
6834 33
6833 86
6832 51
6831 39
6830 7
6829 69
6828 46
6827 7
6826 6
6825 81
6824 72
6823 8
6822 60
6821 38
6820 0
6819 25
6818 24
6817 51
6816 71
6815 31
6814 8
6813 52
6812 42
6811 32
6810 90
6809 87
6808 9
6807 38
6806 90
6805 50
6804 100
6803 22
6802 49
6801 80
6800 47
6799 5
6798 20
6797 49
6796 90
6795 29
6794 10
6793 21
6792 1
6791 69
6790 51
6789 31
6788 62
6787 13
6786 23
6785 51
6784 39
6783 48
6782 20
6781 49
6780 19
6779 39
6778 71
6777 11
6776 95
6775 10
6774 9
6773 94
6772 14
6771 86
6770 54
6769 10
6768 74
6767 68
6766 8
6765 100
6764 1
6763 58
6762 10
6761 45
6760 97
6759 33
6758 18
6757 87
6756 32
6755 87
6754 64
6753 10
6752 57
6751 100
6750 81
6749 59
6748 62
6747 54
6746 62
6745 40
6744 56
6743 61
6742 66
6741 90
6740 61
6739 8
6738 75
6737 42
6736 70
6735 70
6734 56
6733 84
6732 39
6731 100
6730 84
6729 23
6728 87
6727 34
6726 39
6725 76
6724 77
6723 37
6722 1
6721 60
6720 60
6719 0
6718 97
6717 17
6716 70
6715 19
6714 29
6713 36
6712 34
6711 72
6710 70
6709 58
6708 98
6707 50
6706 43
6705 86
6704 38
6703 26
6702 11
6701 61
6700 40
6699 61
6698 20
6697 87
6696 27
6695 87
6694 12
6693 18
6692 81
6691 78
6690 63
6689 6
6688 32
6687 28
6686 1
6685 37
6684 38
6683 89
6682 99
6681 87
6680 55
6679 93
6678 55
6677 47
6676 13
6675 94
6674 68
6673 30
6672 26
6671 69
6670 34
6669 88
6668 8
6667 77
6666 10
6665 15
6664 7
6663 69
6662 28
6661 94
6660 11
6659 95
6658 31
6657 15
6656 97
6655 96
6654 39
6653 29
6652 37
6651 20
6650 37
6649 94
6648 99
6647 14
6646 76
6645 21
6644 44
6643 82
6642 44
6641 39
6640 39
6639 15
6638 96
6637 87
6636 58
6635 74
6634 30
6633 60
6632 96
6631 80
6630 23
6629 86
6628 16
6627 44
6626 35
6625 28
6624 32
6623 70
6622 47
6621 52
6620 12
6619 26
6618 56
6617 87
6616 45
6615 63
6614 67
6613 31
6612 15
6611 76
6610 8
6609 5
6608 38
6607 88
6606 20
6605 36
6604 29
6603 87
6602 78
6601 41
6600 57
6599 13
6598 35
6597 86
6596 42
6595 26
6594 41
6593 49
6592 100
6591 28
6590 27
6589 5
6588 44
6587 46
6586 55
6585 46
6584 2
6583 19
6582 11
6581 65
6580 65
6579 32
6578 70
6577 53
6576 69
6575 9
6574 63
6573 65
6572 95
6571 96
6570 37
6569 62
6568 78
6567 70
6566 51
6565 16
6564 83
6563 77
6562 47
6561 78
6560 20
6559 55
6558 7
6557 54
6556 100
6555 7
6554 89
6553 59
6552 8
6551 90
6550 74
6549 20
6548 18
6547 42
6546 88
6545 81
6544 12
6543 30
6542 8
6541 34
6540 5
6539 38
6538 92
6537 97
6536 89
6535 64
6534 54
6533 14
6532 63
6531 88
6530 42
6529 79
6528 4
6527 23
6526 94
6525 60
6524 1
6523 54
6522 0
6521 78
6520 55
6519 69
6518 43
6517 21
6516 27
6515 33
6514 88
6513 29
6512 31
6511 58
6510 80
6509 20
6508 62
6507 9
6506 96
6505 88
6504 32
6503 24
6502 95
6501 44
6500 33
6499 60
6498 68
6497 22
6496 2
6495 7
6494 47
6493 53
6492 63
6491 46
6490 90
6489 76
6488 12
6487 90
6486 9
6485 22
6484 41
6483 63
6482 51
6481 17
6480 3
6479 84
6478 9
6477 23
6476 21
6475 3
6474 69
6473 91
6472 31
6471 95
6470 24
6469 59
6468 74
6467 17
6466 16
6465 2
6464 28
6463 15
6462 55
6461 2
6460 31
6459 6
6458 33
6457 50
6456 49
6455 58
6454 39
6453 95
6452 50
6451 84
6450 63
6449 4
6448 19
6447 83
6446 5
6445 13
6444 34
6443 45
6442 49
6441 87
6440 29
6439 2
6438 94
6437 99
6436 87
6435 42
6434 97
6433 52
6432 46
6431 91
6430 89
6429 60
6428 6
6427 37
6426 85
6425 77
6424 12
6423 16
6422 1
6421 95
6420 66
6419 78
6418 80
6417 98
6416 68
6415 78
6414 92
6413 23
6412 10
6411 31
6410 56
6409 21
6408 32
6407 8
6406 78
6405 36
6404 47
6403 77
6402 31
6401 77
6400 33
6399 92
6398 18
6397 8
6396 34
6395 75
6394 93
6393 49
6392 41
6391 89
6390 44
6389 14
6388 38
6387 33
6386 64
6385 32
6384 50
6383 3
6382 75
6381 50
6380 94
6379 62
6378 65
6377 1
6376 65
6375 8
6374 60
6373 54
6372 84
6371 25
6370 94
6369 16
6368 23
6367 14
6366 93
6365 47
6364 32
6363 28
6362 20
6361 76
6360 78
6359 19
6358 95
6357 22
6356 68
6355 74
6354 43
6353 78
6352 12
6351 6
6350 81
6349 16
6348 84
6347 40
6346 40
6345 54
6344 19
6343 79
6342 53
6341 42
6340 57
6339 38
6338 8
6337 21
6336 46
6335 56
6334 64
6333 11
6332 66
6331 76
6330 100
6329 86
6328 28
6327 28
6326 80
6325 73
6324 28
6323 52
6322 90
6321 82
6320 17
6319 83
6318 18
6317 26
6316 40
6315 36
6314 23
6313 76
6312 83
6311 62
6310 71
6309 95
6308 57
6307 30
6306 26
6305 28
6304 1
6303 58
6302 21
6301 70
6300 52
6299 83
6298 42
6297 32
6296 11
6295 97
6294 62
6293 20
6292 57
6291 15
6290 38
6289 74
6288 26
6287 37
6286 51
6285 11
6284 44
6283 90
6282 48
6281 13
6280 98
6279 15
6278 1
6277 86
6276 2
6275 33
6274 23
6273 83
6272 34
6271 21
6270 63
6269 18
6268 18
6267 21
6266 85
6265 30
6264 73
6263 93
6262 38
6261 92
6260 9
6259 34
6258 19
6257 34
6256 17
6255 98
6254 27
6253 51
6252 89
6251 99
6250 31
6249 5
6248 1
6247 89
6246 12
6245 18
6244 67
6243 31
6242 81
6241 23
6240 75
6239 64
6238 74
6237 81
6236 20
6235 64
6234 32
6233 2
6232 57
6231 40
6230 46
6229 65
6228 23
6227 44
6226 57
6225 61
6224 86
6223 41
6222 45
6221 10
6220 4
6219 52
6218 7
6217 77
6216 60
6215 60
6214 43
6213 85
6212 58
6211 33
6210 22
6209 21
6208 43
6207 93
6206 18
6205 51
6204 11
6203 45
6202 97
6201 91
6200 57
6199 85
6198 36
6197 46
6196 46
6195 82
6194 59
6193 70
6192 50
6191 73
6190 18
6189 15
6188 54
6187 24
6186 27
6185 35
6184 14
6183 14
6182 61
6181 92
6180 66
6179 1
6178 62
6177 41
6176 3
6175 10
6174 64
6173 98
6172 38
6171 45
6170 35
6169 97
6168 69
6167 71
6166 21
6165 77
6164 68
6163 28
6162 3
6161 86
6160 0
6159 24
6158 42
6157 18
6156 14
6155 34
6154 35
6153 87
6152 30
6151 36
6150 55
6149 80
6148 72
6147 11
6146 8
6145 94
6144 23
6143 74
6142 92
6141 83
6140 62
6139 65
6138 83
6137 69
6136 4
6135 24
6134 53
6133 14
6132 56
6131 56
6130 11
6129 77
6128 23
6127 68
6126 55
6125 60
6124 70
6123 99
6122 81
6121 57
6120 11
6119 78
6118 9
6117 94
6116 76
6115 70
6114 52
6113 73
6112 64
6111 17
6110 68
6109 4
6108 99
6107 17
6106 17
6105 47
6104 5
6103 67
6102 47
6101 37
6100 93
6099 7
6098 52
6097 39
6096 32
6095 81
6094 0
6093 66
6092 25
6091 30
6090 42
6089 57
6088 98
6087 54
6086 19
6085 14
6084 65
6083 34
6082 74
6081 88
6080 12
6079 67
6078 32
6077 59
6076 86
6075 23
6074 21
6073 55
6072 80
6071 10
6070 0
6069 89
6068 12
6067 49
6066 36
6065 91
6064 78
6063 93
6062 94
6061 97
6060 27
6059 54
6058 80
6057 21
6056 19
6055 98
6054 60
6053 22
6052 98
6051 47
6050 63
6049 53
6048 71
6047 77
6046 26
6045 98
6044 37
6043 81
6042 6
6041 11
6040 11
6039 49
6038 20
6037 52
6036 49
6035 25
6034 44
6033 23
6032 29
6031 27
6030 76
6029 99
6028 8
6027 66
6026 71
6025 69
6024 4
6023 48
6022 58
6021 68
6020 22
6019 49
6018 32
6017 23
6016 87
6015 31
6014 22
6013 20
6012 90
6011 41
6010 75
6009 97
6008 53
6007 64
6006 51
6005 65
6004 7
6003 14
6002 2
6001 52
6000 2
5999 45
5998 85
5997 88
5996 38
5995 49
5994 11
5993 57
5992 9
5991 4
5990 77
5989 59
5988 18
5987 68
5986 74
5985 31
5984 42
5983 37
5982 3
5981 77
5980 69
5979 30
5978 100
5977 30
5976 62
5975 57
5974 8
5973 54
5972 81
5971 93
5970 63
5969 72
5968 58
5967 16
5966 6
5965 85
5964 64
5963 64
5962 89
5961 97
5960 98
5959 2
5958 57
5957 47
5956 72
5955 21
5954 7
5953 36
5952 22
5951 68
5950 13
5949 4
5948 87
5947 34
5946 46
5945 47
5944 22
5943 36
5942 50
5941 46
5940 100
5939 92
5938 1
5937 62
5936 12
5935 7
5934 41
5933 25
5932 25
5931 27
5930 68
5929 62
5928 89
5927 64
5926 54
5925 24
5924 66
5923 28
5922 5
5921 43
5920 74
5919 15
5918 75
5917 4
5916 51
5915 36
5914 89
5913 43
5912 68
5911 55
5910 15
5909 13
5908 85
5907 72
5906 82
5905 3
5904 57
5903 53
5902 90
5901 86
5900 91
5899 70
5898 74
5897 55
5896 2
5895 67
5894 61
5893 72
5892 51
5891 2
5890 12
5889 60
5888 30
5887 87
5886 97
5885 84
5884 39
5883 53
5882 16
5881 17
5880 64
5879 9
5878 99
5877 47
5876 100
5875 19
5874 44
5873 57
5872 14
5871 6
5870 19
5869 89
5868 70
5867 76
5866 81
5865 43
5864 91
5863 88
5862 50
5861 60
5860 57
5859 84
5858 40
5857 63
5856 16
5855 36
5854 2
5853 42
5852 32
5851 82
5850 84
5849 62
5848 62
5847 91
5846 37
5845 95
5844 74
5843 56
5842 85
5841 95
5840 47
5839 18
5838 14
5837 50
5836 13
5835 72
5834 20
5833 2
5832 56
5831 32
5830 78
5829 86
5828 80
5827 22
5826 88
5825 99
5824 35
5823 14
5822 89
5821 23
5820 58
5819 17
5818 44
5817 39
5816 0
5815 86
5814 85
5813 8
5812 65
5811 77
5810 64
5809 14
5808 97
5807 88
5806 38
5805 7
5804 52
5803 69
5802 72
5801 51
5800 20
5799 3
5798 48
5797 28
5796 48
5795 2
5794 7
5793 31
5792 40
5791 91
5790 2
5789 39
5788 6
5787 85
5786 23
5785 7
5784 22
5783 80
5782 76
5781 82
5780 20
5779 100
5778 5
5777 6
5776 75
5775 44
5774 53
5773 99
5772 98
5771 10
5770 82
5769 41
5768 28
5767 97
5766 84
5765 91
5764 39
5763 41
5762 96
5761 55
5760 58
5759 83
5758 82
5757 98
5756 24
5755 34
5754 90
5753 1
5752 68
5751 66
5750 8
5749 27
5748 36
5747 43
5746 61
5745 83
5744 52
5743 29
5742 78
5741 5
5740 12
5739 11
5738 69
5737 44
5736 53
5735 21
5734 3
5733 49
5732 95
5731 42
5730 94
5729 85
5728 57
5727 61
5726 78
5725 4
5724 76
5723 23
5722 80
5721 98
5720 46
5719 53
5718 43
5717 82
5716 0
5715 49
5714 26
5713 47
5712 3
5711 82
5710 9
5709 33
5708 33
5707 41
5706 21
5705 70
5704 75
5703 60
5702 20
5701 5
5700 58
5699 17
5698 80
5697 85
5696 13
5695 40
5694 48
5693 97
5692 80
5691 91
5690 67
5689 97
5688 32
5687 26
5686 34
5685 48
5684 84
5683 97
5682 87
5681 92
5680 80
5679 28
5678 45
5677 74
5676 10
5675 95
5674 47
5673 1
5672 68
5671 87
5670 14
5669 19
5668 81
5667 92
5666 8
5665 70
5664 70
5663 27
5662 30
5661 18
5660 52
5659 49
5658 84
5657 30
5656 87
5655 26
5654 94
5653 72
5652 91
5651 96
5650 98
5649 87
5648 70
5647 29
5646 100
5645 77
5644 97
5643 33
5642 74
5641 3
5640 79
5639 76
5638 12
5637 83
5636 14
5635 15
5634 74
5633 13
5632 9
5631 100
5630 74
5629 65
5628 60
5627 82
5626 83
5625 40
5624 12
5623 51
5622 0
5621 12
5620 88
5619 17
5618 41
5617 9
5616 90
5615 36
5614 61
5613 39
5612 74
5611 58
5610 22
5609 39
5608 31
5607 58
5606 58
5605 60
5604 37
5603 63
5602 11
5601 57
5600 13
5599 41
5598 75
5597 61
5596 40
5595 13
5594 85
5593 26
5592 42
5591 22
5590 41
5589 50
5588 93
5587 16
5586 61
5585 96
5584 30
5583 80
5582 77
5581 32
5580 14
5579 50
5578 46
5577 40
5576 12
5575 87
5574 80
5573 53
5572 1
5571 95
5570 6
5569 71
5568 65
5567 35
5566 47
5565 20
5564 0
5563 53
5562 3
5561 1
5560 80
5559 19
5558 55
5557 64
5556 76
5555 70
5554 72
5553 0
5552 95
5551 61
5550 5
5549 17
5548 0
5547 69
5546 12
5545 40
5544 47
5543 82
5542 83
5541 21
5540 17
5539 82
5538 29
5537 69
5536 81
5535 21
5534 8
5533 97
5532 52
5531 76
5530 91
5529 99
5528 13
5527 29
5526 81
5525 68
5524 15
5523 78
5522 47
5521 10
5520 99
5519 36
5518 100
5517 65
5516 82
5515 95
5514 91
5513 97
5512 98
5511 31
5510 42
5509 95
5508 48
5507 24
5506 37
5505 21
5504 82
5503 39
5502 4
5501 79
5500 58
5499 52
5498 81
5497 71
5496 21
5495 89
5494 45
5493 52
5492 47
5491 31
5490 88
5489 62
5488 25
5487 81
5486 92
5485 27
5484 25
5483 57
5482 45
5481 83
5480 85
5479 55
5478 85
5477 13
5476 60
5475 98
5474 61
5473 10
5472 55
5471 38
5470 36
5469 54
5468 44
5467 11
5466 74
5465 69
5464 74
5463 8
5462 86
5461 25
5460 83
5459 61
5458 16
5457 90
5456 8
5455 75
5454 74
5453 83
5452 71
5451 7
5450 33
5449 61
5448 90
5447 34
5446 77
5445 56
5444 99
5443 94
5442 35
5441 54
5440 57
5439 4
5438 73
5437 51
5436 62
5435 47
5434 67
5433 9
5432 98
5431 33
5430 73
5429 19
5428 65
5427 76
5426 76
5425 3
5424 40
5423 37
5422 88
5421 68
5420 44
5419 14
5418 37
5417 27
5416 50
5415 42
5414 54
5413 96
5412 91
5411 55
5410 86
5409 50
5408 16
5407 26
5406 24
5405 68
5404 13
5403 98
5402 33
5401 24
5400 75
5399 33
5398 43
5397 28
5396 28
5395 16
5394 75
5393 32
5392 35
5391 76
5390 65
5389 7
5388 2
5387 29
5386 85
5385 8
5384 47
5383 57
5382 75
5381 44
5380 49
5379 10
5378 67
5377 31
5376 0
5375 1
5374 69
5373 58
5372 90
5371 65
5370 54
5369 66
5368 92
5367 46
5366 31
5365 17
5364 94
5363 66
5362 69
5361 31
5360 60
5359 94
5358 14
5357 13
5356 23
5355 50
5354 52
5353 25
5352 68
5351 93
5350 72
5349 92
5348 63
5347 58
5346 15
5345 30
5344 53
5343 58
5342 10
5341 3
5340 48
5339 79
5338 82
5337 59
5336 4
5335 45
5334 7
5333 61
5332 61
5331 75
5330 61
5329 51
5328 9
5327 5
5326 64
5325 31
5324 71
5323 16
5322 26
5321 41
5320 3
5319 39
5318 55
5317 32
5316 85
5315 28
5314 27
5313 52
5312 61
5311 43
5310 18
5309 42
5308 97
5307 93
5306 76
5305 42
5304 77
5303 25
5302 14
5301 84
5300 43
5299 15
5298 36
5297 11
5296 23
5295 12
5294 83
5293 36
5292 13
5291 37
5290 94
5289 52
5288 58
5287 46
5286 99
5285 90
5284 43
5283 55
5282 81
5281 4
5280 59
5279 66
5278 3
5277 12
5276 13
5275 31
5274 91
5273 33
5272 39
5271 11
5270 81
5269 62
5268 37
5267 78
5266 17
5265 100
5264 85
5263 25
5262 14
5261 36
5260 60
5259 84
5258 6
5257 85
5256 87
5255 65
5254 61
5253 25
5252 92
5251 60
5250 45
5249 57
5248 66
5247 6
5246 39
5245 92
5244 12
5243 33
5242 35
5241 26
5240 84
5239 92
5238 34
5237 71
5236 90
5235 94
5234 9
5233 35
5232 76
5231 66
5230 69
5229 56
5228 5
5227 15
5226 86
5225 38
5224 12
5223 23
5222 28
5221 79
5220 71
5219 85
5218 8
5217 22
5216 22
5215 3
5214 16
5213 82
5212 13
5211 47
5210 95
5209 39
5208 52
5207 33
5206 52
5205 48
5204 75
5203 8
5202 88
5201 34
5200 36
5199 98
5198 57
5197 40
5196 61
5195 5
5194 67
5193 77
5192 73
5191 24
5190 94
5189 26
5188 11
5187 57
5186 27
5185 14
5184 95
5183 88
5182 16
5181 84
5180 20
5179 88
5178 81
5177 44
5176 22
5175 60
5174 13
5173 40
5172 66
5171 45
5170 88
5169 71
5168 72
5167 62
5166 43
5165 83
5164 28
5163 26
5162 44
5161 51
5160 83
5159 19
5158 91
5157 69
5156 88
5155 50
5154 53
5153 87
5152 43
5151 52
5150 79
5149 0
5148 97
5147 79
5146 51
5145 15
5144 50
5143 15
5142 27
5141 69
5140 16
5139 45
5138 44
5137 97
5136 52
5135 8
5134 12
5133 64
5132 32
5131 76
5130 29
5129 16
5128 89
5127 98
5126 97
5125 80
5124 75
5123 38
5122 15
5121 31
5120 100
5119 72
5118 27
5117 79
5116 32
5115 28
5114 52
5113 72
5112 93
5111 41
5110 21
5109 9
5108 38
5107 74
5106 76
5105 6
5104 47
5103 1
5102 23
5101 74
5100 22
5099 63
5098 6
5097 40
5096 39
5095 83
5094 89
5093 71
5092 90
5091 9
5090 90
5089 61
5088 1
5087 24
5086 51
5085 58
5084 0
5083 12
5082 65
5081 53
5080 100
5079 93
5078 15
5077 54
5076 87
5075 34
5074 68
5073 84
5072 39
5071 18
5070 74
5069 29
5068 66
5067 94
5066 71
5065 38
5064 15
5063 92
5062 70
5061 88
5060 35
5059 83
5058 16
5057 26
5056 0
5055 100
5054 40
5053 51
5052 60
5051 67
5050 12
5049 39
5048 63
5047 58
5046 13
5045 60
5044 43
5043 46
5042 47
5041 24
5040 42
5039 93
5038 20
5037 97
5036 16
5035 89
5034 91
5033 38
5032 12
5031 50
5030 17
5029 34
5028 33
5027 2
5026 100
5025 2
5024 30
5023 98
5022 59
5021 66
5020 36
5019 24
5018 97
5017 95
5016 40
5015 51
5014 15
5013 80
5012 40
5011 96
5010 53
5009 48
5008 32
5007 77
5006 39
5005 36
5004 36
5003 2
5002 28
5001 71
5000 44
4999 13
4998 67
4997 7
4996 89
4995 83
4994 1
4993 59
4992 87
4991 62
4990 56
4989 34
4988 100
4987 79
4986 37
4985 26
4984 94
4983 38
4982 21
4981 4
4980 48
4979 22
4978 26
4977 19
4976 18
4975 57
4974 11
4973 10
4972 59
4971 4
4970 42
4969 53
4968 100
4967 79
4966 83
4965 12
4964 6
4963 92
4962 42
4961 88
4960 63
4959 96
4958 21
4957 1
4956 25
4955 38
4954 1
4953 30
4952 70
4951 7
4950 13
4949 99
4948 38
4947 12
4946 6
4945 21
4944 57
4943 87
4942 21
4941 51
4940 45
4939 61
4938 55
4937 66
4936 25
4935 94
4934 65
4933 11
4932 17
4931 48
4930 29
4929 54
4928 60
4927 78
4926 15
4925 0
4924 54
4923 12
4922 68
4921 53
4920 66
4919 43
4918 36
4917 41
4916 5
4915 84
4914 37
4913 65
4912 69
4911 28
4910 34
4909 68
4908 73
4907 81
4906 2
4905 90
4904 24
4903 0
4902 76
4901 85
4900 83
4899 0
4898 94
4897 32
4896 90
4895 2
4894 1
4893 49
4892 60
4891 68
4890 24
4889 43
4888 4
4887 3
4886 18
4885 95
4884 75
4883 21
4882 77
4881 30
4880 47
4879 97
4878 61
4877 66
4876 23
4875 66
4874 74
4873 41
4872 79
4871 36
4870 43
4869 5
4868 70
4867 8
4866 90
4865 77
4864 23
4863 74
4862 31
4861 28
4860 1
4859 70
4858 18
4857 51
4856 23
4855 40
4854 91
4853 76
4852 28
4851 74
4850 34
4849 78
4848 17
4847 2
4846 6
4845 16
4844 71
4843 14
4842 78
4841 58
4840 92
4839 2
4838 71
4837 72
4836 46
4835 12
4834 2
4833 31
4832 25
4831 68
4830 86
4829 59
4828 94
4827 54
4826 87
4825 50
4824 76
4823 79
4822 83
4821 25
4820 42
4819 55
4818 61
4817 39
4816 96
4815 23
4814 59
4813 99
4812 25
4811 40
4810 89
4809 56
4808 54
4807 27
4806 100
4805 72
4804 81
4803 4
4802 44
4801 9
4800 3
4799 79
4798 45
4797 21
4796 4
4795 72
4794 71
4793 74
4792 81
4791 90
4790 18
4789 52
4788 61
4787 12
4786 70
4785 29
4784 75
4783 24
4782 6
4781 23
4780 25
4779 73
4778 26
4777 73
4776 63
4775 61
4774 14
4773 36
4772 26
4771 54
4770 40
4769 92
4768 43
4767 99
4766 82
4765 37
4764 81
4763 24
4762 32
4761 40
4760 14
4759 79
4758 49
4757 62
4756 5
4755 73
4754 84
4753 41
4752 58
4751 26
4750 99
4749 41
4748 44
4747 39
4746 48
4745 74
4744 62
4743 1
4742 20
4741 73
4740 1
4739 70
4738 88
4737 45
4736 93
4735 17
4734 8
4733 65
4732 57
4731 11
4730 72
4729 58
4728 20
4727 29
4726 89
4725 31
4724 44
4723 50
4722 40
4721 39
4720 29
4719 25
4718 48
4717 87
4716 38
4715 33
4714 39
4713 19
4712 100
4711 44
4710 46
4709 16
4708 37
4707 11
4706 46
4705 30
4704 99
4703 84
4702 52
4701 92
4700 90
4699 83
4698 99
4697 26
4696 60
4695 40
4694 90
4693 45
4692 81
4691 94
4690 59
4689 90
4688 11
4687 39
4686 0
4685 75
4684 24
4683 88
4682 12
4681 20
4680 85
4679 3
4678 39
4677 40
4676 75
4675 76
4674 36
4673 7
4672 53
4671 94
4670 88
4669 66
4668 12
4667 72
4666 13
4665 75
4664 49
4663 44
4662 50
4661 2
4660 61
4659 36
4658 34
4657 22
4656 48
4655 86
4654 69
4653 43
4652 92
4651 81
4650 80
4649 32
4648 84
4647 61
4646 32
4645 17
4644 35
4643 31
4642 59
4641 52
4640 7
4639 69
4638 27
4637 69
4636 56
4635 19
4634 75
4633 0
4632 64
4631 55
4630 100
4629 47
4628 32
4627 13
4626 51
4625 78
4624 13
4623 68
4622 63
4621 69
4620 0
4619 70
4618 99
4617 28
4616 53
4615 39
4614 26
4613 60
4612 74
4611 61
4610 39
4609 2
4608 78
4607 63
4606 98
4605 19
4604 14
4603 66
4602 7
4601 11
4600 7
4599 33
4598 11
4597 42
4596 20
4595 23
4594 69
4593 74
4592 81
4591 57
4590 57
4589 34
4588 65
4587 28
4586 82
4585 45
4584 77
4583 79
4582 6
4581 87
4580 2
4579 85
4578 77
4577 95
4576 92
4575 95
4574 86
4573 18
4572 9
4571 13
4570 28
4569 69
4568 10
4567 70
4566 26
4565 41
4564 97
4563 80
4562 20
4561 78
4560 47
4559 8
4558 24
4557 40
4556 50
4555 48
4554 60
4553 79
4552 11
4551 77
4550 62
4549 84
4548 0
4547 58
4546 57
4545 85
4544 72
4543 68
4542 91
4541 0
4540 4
4539 3
4538 18
4537 38
4536 50
4535 34
4534 7
4533 85
4532 25
4531 79
4530 15
4529 1
4528 86
4527 46
4526 96
4525 27
4524 77
4523 33
4522 69
4521 51
4520 30
4519 21
4518 86
4517 89
4516 92
4515 20
4514 7
4513 98
4512 74
4511 60
4510 89
4509 12
4508 16
4507 62
4506 79
4505 26
4504 10
4503 67
4502 7
4501 77
4500 65
4499 29
4498 29
4497 40
4496 91
4495 50
4494 60
4493 44
4492 85
4491 40
4490 22
4489 97
4488 43
4487 23
4486 48
4485 64
4484 8
4483 11
4482 48
4481 25
4480 71
4479 60
4478 68
4477 80
4476 76
4475 83
4474 56
4473 75
4472 33
4471 2
4470 60
4469 86
4468 98
4467 16
4466 87
4465 89
4464 45
4463 47
4462 98
4461 65
4460 41
4459 32
4458 75
4457 40
4456 54
4455 9
4454 24
4453 68
4452 57
4451 45
4450 11
4449 25
4448 66
4447 7
4446 41
4445 58
4444 52
4443 97
4442 36
4441 73
4440 1
4439 77
4438 86
4437 75
4436 58
4435 80
4434 77
4433 50
4432 16
4431 22
4430 32
4429 47
4428 58
4427 52
4426 41
4425 9
4424 86
4423 80
4422 60
4421 77
4420 77
4419 84
4418 98
4417 63
4416 37
4415 84
4414 26
4413 35
4412 59
4411 0
4410 57
4409 77
4408 80
4407 21
4406 61
4405 83
4404 2
4403 13
4402 48
4401 77
4400 8
4399 15
4398 40
4397 38
4396 33
4395 39
4394 75
4393 6
4392 14
4391 36
4390 87
4389 38
4388 17
4387 97
4386 34
4385 53
4384 20
4383 34
4382 77
4381 69
4380 95
4379 68
4378 31
4377 34
4376 24
4375 50
4374 97
4373 12
4372 53
4371 17
4370 53
4369 43
4368 42
4367 8
4366 63
4365 29
4364 1
4363 70
4362 56
4361 62
4360 4
4359 57
4358 9
4357 44
4356 57
4355 57
4354 27
4353 18
4352 22
4351 16
4350 82
4349 86
4348 95
4347 31
4346 92
4345 44
4344 86
4343 64
4342 81
4341 11
4340 59
4339 1
4338 54
4337 15
4336 93
4335 82
4334 47
4333 50
4332 31
4331 69
4330 90
4329 100
4328 19
4327 89
4326 47
4325 99
4324 70
4323 99
4322 99
4321 8
4320 2
4319 33
4318 70
4317 29
4316 83
4315 75
4314 34
4313 40
4312 42
4311 48
4310 30
4309 34
4308 83
4307 8
4306 90
4305 16
4304 48
4303 40
4302 65
4301 49
4300 49
4299 13
4298 66
4297 49
4296 95
4295 85
4294 81
4293 7
4292 63
4291 91
4290 69
4289 68
4288 88
4287 36
4286 64
4285 43
4284 36
4283 59
4282 31
4281 62
4280 29
4279 17
4278 6
4277 11
4276 38
4275 29
4274 73
4273 61
4272 5
4271 3
4270 40
4269 8
4268 59
4267 15
4266 38
4265 91
4264 28
4263 52
4262 46
4261 100
4260 100
4259 22
4258 93
4257 72
4256 55
4255 49
4254 67
4253 81
4252 21
4251 99
4250 0
4249 13
4248 64
4247 29
4246 42
4245 56
4244 43
4243 29
4242 66
4241 85
4240 76
4239 68
4238 74
4237 23
4236 62
4235 46
4234 97
4233 91
4232 0
4231 83
4230 73
4229 28
4228 95
4227 70
4226 90
4225 71
4224 13
4223 47
4222 63
4221 71
4220 4
4219 100
4218 43
4217 63
4216 1
4215 100
4214 31
4213 26
4212 30
4211 0
4210 75
4209 38
4208 64
4207 34
4206 71
4205 37
4204 11
4203 57
4202 52
4201 66
4200 95
4199 99
4198 71
4197 45
4196 19
4195 30
4194 74
4193 70
4192 21
4191 4
4190 19
4189 68
4188 94
4187 52
4186 77
4185 7
4184 86
4183 29
4182 94
4181 28
4180 4
4179 64
4178 6
4177 79
4176 95
4175 33
4174 94
4173 43
4172 63
4171 36
4170 27
4169 43
4168 35
4167 45
4166 25
4165 51
4164 21
4163 50
4162 88
4161 91
4160 35
4159 25
4158 2
4157 56
4156 38
4155 48
4154 33
4153 12
4152 95
4151 30
4150 5
4149 25
4148 27
4147 61
4146 80
4145 62
4144 73
4143 92
4142 54
4141 51
4140 53
4139 55
4138 82
4137 77
4136 20
4135 20
4134 69
4133 48
4132 88
4131 46
4130 72
4129 26
4128 95
4127 75
4126 65
4125 9
4124 84
4123 92
4122 90
4121 46
4120 89
4119 27
4118 11
4117 57
4116 9
4115 58
4114 74
4113 25
4112 59
4111 26
4110 70
4109 39
4108 48
4107 57
4106 80
4105 56
4104 24
4103 34
4102 5
4101 16
4100 15
4099 22
4098 31
4097 12
4096 39
4095 29
4094 72
4093 72
4092 7
4091 59
4090 25
4089 89
4088 47
4087 64
4086 17
4085 23
4084 2
4083 14
4082 54
4081 47
4080 52
4079 77
4078 87
4077 53
4076 91
4075 39
4074 95
4073 85
4072 49
4071 65
4070 40
4069 76
4068 31
4067 15
4066 45
4065 1
4064 24
4063 92
4062 6
4061 27
4060 33
4059 90
4058 43
4057 70
4056 73
4055 77
4054 16
4053 76
4052 97
4051 58
4050 45
4049 19
4048 81
4047 71
4046 97
4045 43
4044 6
4043 2
4042 23
4041 72
4040 65
4039 79
4038 20
4037 77
4036 52
4035 36
4034 34
4033 8
4032 77
4031 64
4030 79
4029 12
4028 39
4027 35
4026 60
4025 18
4024 21
4023 81
4022 22
4021 20
4020 81
4019 60
4018 41
4017 76
4016 34
4015 90
4014 28
4013 92
4012 84
4011 59
4010 64
4009 98
4008 6
4007 47
4006 65
4005 88
4004 54
4003 65
4002 36
4001 65
4000 78
3999 75
3998 80
3997 2
3996 54
3995 92
3994 54
3993 33
3992 0
3991 88
3990 30
3989 89
3988 49
3987 49
3986 27
3985 57
3984 73
3983 2
3982 0
3981 8
3980 8
3979 59
3978 78
3977 27
3976 55
3975 52
3974 20
3973 93
3972 60
3971 54
3970 50
3969 75
3968 16
3967 8
3966 3
3965 66
3964 80
3963 96
3962 50
3961 74
3960 94
3959 66
3958 1
3957 33
3956 31
3955 58
3954 82
3953 63
3952 78
3951 34
3950 5
3949 78
3948 41
3947 85
3946 81
3945 29
3944 75
3943 74
3942 18
3941 0
3940 100
3939 10
3938 78
3937 49
3936 71
3935 16
3934 16
3933 53
3932 65
3931 74
3930 28
3929 33
3928 13
3927 39
3926 53
3925 99
3924 70
3923 14
3922 81
3921 24
3920 78
3919 34
3918 29
3917 19
3916 82
3915 11
3914 42
3913 8
3912 8
3911 87
3910 23
3909 59
3908 42
3907 89
3906 100
3905 78
3904 71
3903 62
3902 66
3901 64
3900 77
3899 18
3898 0
3897 63
3896 51
3895 86
3894 53
3893 86
3892 89
3891 54
3890 55
3889 74
3888 46
3887 82
3886 37
3885 53
3884 11
3883 5
3882 28
3881 48
3880 85
3879 70
3878 79
3877 78
3876 53
3875 28
3874 25
3873 71
3872 41
3871 58
3870 93
3869 6
3868 20
3867 85
3866 88
3865 88
3864 61
3863 84
3862 22
3861 88
3860 77
3859 22
3858 47
3857 50
3856 85
3855 86
3854 24
3853 92
3852 15
3851 69
3850 78
3849 96
3848 26
3847 0
3846 42
3845 27
3844 76
3843 72
3842 39
3841 78
3840 98
3839 21
3838 26
3837 44
3836 23
3835 48
3834 15
3833 67
3832 31
3831 85
3830 30
3829 92
3828 63
3827 91
3826 86
3825 66
3824 36
3823 62
3822 97
3821 25
3820 27
3819 50
3818 15
3817 58
3816 1
3815 55
3814 25
3813 44
3812 82
3811 20
3810 17
3809 39
3808 94
3807 33
3806 44
3805 27
3804 66
3803 48
3802 24
3801 45
3800 30
3799 71
3798 72
3797 5
3796 99
3795 68
3794 64
3793 74
3792 15
3791 33
3790 56
3789 4
3788 82
3787 46
3786 84
3785 75
3784 36
3783 99
3782 89
3781 79
3780 75
3779 45
3778 10
3777 57
3776 82
3775 45
3774 10
3773 12
3772 51
3771 29
3770 95
3769 17
3768 33
3767 41
3766 74
3765 65
3764 76
3763 85
3762 0
3761 62
3760 10
3759 42
3758 16
3757 55
3756 50
3755 73
3754 27
3753 33
3752 42
3751 47
3750 65
3749 87
3748 20
3747 100
3746 96
3745 20
3744 63
3743 90
3742 95
3741 39
3740 13
3739 95
3738 45
3737 19
3736 97
3735 39
3734 9
3733 28
3732 85
3731 10
3730 4
3729 50
3728 93
3727 52
3726 47
3725 48
3724 96
3723 6
3722 36
3721 97
3720 75
3719 46
3718 14
3717 57
3716 48
3715 80
3714 98
3713 22
3712 81
3711 77
3710 20
3709 89
3708 31
3707 31
3706 61
3705 92
3704 11
3703 85
3702 78
3701 47
3700 26
3699 17
3698 19
3697 79
3696 40
3695 65
3694 63
3693 41
3692 99
3691 16
3690 76
3689 6
3688 71
3687 63
3686 75
3685 89
3684 64
3683 34
3682 8
3681 34
3680 38
3679 49
3678 93
3677 38
3676 51
3675 44
3674 11
3673 79
3672 0
3671 17
3670 59
3669 29
3668 50
3667 31
3666 43
3665 34
3664 33
3663 20
3662 25
3661 4
3660 83
3659 33
3658 9
3657 68
3656 45
3655 57
3654 4
3653 67
3652 44
3651 45
3650 81
3649 61
3648 94
3647 65
3646 74
3645 55
3644 16
3643 95
3642 77
3641 97
3640 68
3639 1
3638 34
3637 71
3636 36
3635 1
3634 95
3633 40
3632 54
3631 50
3630 100
3629 23
3628 2
3627 16
3626 73
3625 30
3624 70
3623 0
3622 19
3621 20
3620 66
3619 90
3618 16
3617 35
3616 10
3615 11
3614 88
3613 96
3612 67
3611 52
3610 62
3609 98
3608 82
3607 40
3606 85
3605 60
3604 4
3603 23
3602 13
3601 1
3600 40
3599 78
3598 93
3597 14
3596 24
3595 52
3594 34
3593 67
3592 52
3591 44
3590 98
3589 54
3588 24
3587 13
3586 89
3585 83
3584 55
3583 0
3582 74
3581 80
3580 84
3579 75
3578 50
3577 15
3576 27
3575 99
3574 47
3573 4
3572 34
3571 52
3570 83
3569 62
3568 100
3567 10
3566 5
3565 50
3564 54
3563 52
3562 91
3561 9
3560 18
3559 25
3558 41
3557 14
3556 86
3555 86
3554 46
3553 92
3552 13
3551 1
3550 47
3549 91
3548 71
3547 47
3546 41
3545 97
3544 6
3543 96
3542 54
3541 66
3540 45
3539 95
3538 85
3537 15
3536 14
3535 42
3534 68
3533 71
3532 76
3531 82
3530 0
3529 80
3528 3
3527 65
3526 32
3525 81
3524 58
3523 54
3522 30
3521 27
3520 21
3519 20
3518 28
3517 88
3516 7
3515 5
3514 2
3513 48
3512 83
3511 30
3510 98
3509 60
3508 57
3507 65
3506 73
3505 86
3504 73
3503 40
3502 57
3501 100
3500 45
3499 94
3498 23
3497 12
3496 42
3495 2
3494 55
3493 75
3492 33
3491 56
3490 47
3489 46
3488 19
3487 55
3486 21
3485 58
3484 11
3483 24
3482 4
3481 75
3480 50
3479 87
3478 44
3477 87
3476 70
3475 12
3474 45
3473 68
3472 92
3471 90
3470 2
3469 41
3468 90
3467 81
3466 64
3465 36
3464 68
3463 52
3462 11
3461 100
3460 12
3459 73
3458 61
3457 26
3456 80
3455 24
3454 62
3453 33
3452 9
3451 55
3450 26
3449 66
3448 56
3447 43
3446 38
3445 62
3444 40
3443 83
3442 38
3441 72
3440 99
3439 47
3438 30
3437 95
3436 100
3435 43
3434 61
3433 24
3432 82
3431 63
3430 30
3429 72
3428 3
3427 23
3426 97
3425 52
3424 98
3423 77
3422 74
3421 10
3420 40
3419 64
3418 59
3417 2
3416 7
3415 8
3414 88
3413 18
3412 88
3411 22
3410 57
3409 94
3408 39
3407 19
3406 71
3405 7
3404 92
3403 44
3402 39
3401 94
3400 24
3399 4
3398 39
3397 73
3396 32
3395 1
3394 71
3393 95
3392 86
3391 35
3390 64
3389 83
3388 77
3387 12
3386 68
3385 9
3384 85
3383 84
3382 11
3381 69
3380 11
3379 10
3378 82
3377 19
3376 9
3375 86
3374 32
3373 78
3372 96
3371 98
3370 70
3369 71
3368 23
3367 22
3366 65
3365 32
3364 65
3363 3
3362 32
3361 12
3360 65
3359 21
3358 98
3357 0
3356 8
3355 79
3354 58
3353 71
3352 32
3351 43
3350 63
3349 36
3348 45
3347 72
3346 53
3345 60
3344 45
3343 14
3342 41
3341 3
3340 16
3339 30
3338 13
3337 53
3336 3
3335 77
3334 99
3333 96
3332 75
3331 18
3330 97
3329 73
3328 25
3327 63
3326 44
3325 43
3324 41
3323 58
3322 67
3321 22
3320 6
3319 65
3318 88
3317 22
3316 32
3315 74
3314 1
3313 13
3312 75
3311 15
3310 85
3309 40
3308 46
3307 33
3306 83
3305 57
3304 14
3303 97
3302 17
3301 89
3300 84
3299 5
3298 17
3297 66
3296 54
3295 59
3294 95
3293 21
3292 26
3291 52
3290 88
3289 67
3288 56
3287 63
3286 19
3285 68
3284 91
3283 18
3282 83
3281 1
3280 94
3279 95
3278 78
3277 10
3276 65
3275 15
3274 63
3273 68
3272 50
3271 14
3270 4
3269 36
3268 14
3267 81
3266 62
3265 36
3264 63
3263 43
3262 94
3261 92
3260 43
3259 28
3258 92
3257 68
3256 96
3255 57
3254 41
3253 23
3252 30
3251 81
3250 59
3249 58
3248 65
3247 78
3246 74
3245 48
3244 74
3243 57
3242 25
3241 41
3240 82
3239 40
3238 98
3237 45
3236 94
3235 81
3234 84
3233 13
3232 49
3231 5
3230 40
3229 97
3228 37
3227 91
3226 80
3225 5
3224 78
3223 12
3222 58
3221 70
3220 17
3219 0
3218 54
3217 57
3216 76
3215 60
3214 99
3213 39
3212 62
3211 64
3210 52
3209 37
3208 20
3207 94
3206 67
3205 70
3204 89
3203 71
3202 69
3201 87
3200 24
3199 97
3198 100
3197 23
3196 87
3195 11
3194 31
3193 78
3192 95
3191 30
3190 1
3189 29
3188 66
3187 63
3186 92
3185 3
3184 62
3183 70
3182 89
3181 54
3180 72
3179 11
3178 97
3177 20
3176 29
3175 39
3174 50
3173 80
3172 100
3171 3
3170 79
3169 49
3168 6
3167 77
3166 51
3165 19
3164 55
3163 88
3162 16
3161 55
3160 74
3159 19
3158 3
3157 50
3156 6
3155 28
3154 97
3153 88
3152 12
3151 88
3150 94
3149 44
3148 94
3147 35
3146 23
3145 66
3144 59
3143 77
3142 56
3141 75
3140 51
3139 8
3138 61
3137 47
3136 59
3135 38
3134 84
3133 24
3132 29
3131 57
3130 7
3129 84
3128 2
3127 68
3126 77
3125 13
3124 83
3123 23
3122 59
3121 37
3120 9
3119 76
3118 79
3117 71
3116 28
3115 36
3114 7
3113 23
3112 35
3111 36
3110 59
3109 100
3108 71
3107 11
3106 65
3105 6
3104 73
3103 33
3102 97
3101 62
3100 61
3099 30
3098 88
3097 85
3096 94
3095 63
3094 31
3093 91
3092 59
3091 39
3090 20
3089 32
3088 49
3087 31
3086 63
3085 91
3084 46
3083 72
3082 54
3081 76
3080 42
3079 62
3078 89
3077 81
3076 6
3075 13
3074 93
3073 67
3072 8
3071 57
3070 2
3069 45
3068 84
3067 88
3066 87
3065 56
3064 91
3063 30
3062 94
3061 46
3060 87
3059 25
3058 17
3057 90
3056 38
3055 55
3054 46
3053 73
3052 10
3051 57
3050 10
3049 85
3048 42
3047 5
3046 15
3045 87
3044 23
3043 97
3042 13
3041 6
3040 53
3039 87
3038 47
3037 73
3036 60
3035 99
3034 52
3033 77
3032 61
3031 37
3030 28
3029 26
3028 86
3027 2
3026 95
3025 39
3024 28
3023 70
3022 19
3021 48
3020 33
3019 52
3018 63
3017 12
3016 78
3015 29
3014 3
3013 47
3012 43
3011 31
3010 11
3009 33
3008 21
3007 49
3006 98
3005 85
3004 88
3003 96
3002 12
3001 45
3000 36
2999 75
2998 100
2997 34
2996 48
2995 93
2994 71
2993 39
2992 97
2991 57
2990 57
2989 82
2988 32
2987 32
2986 58
2985 45
2984 63
2983 64
2982 44
2981 35
2980 64
2979 64
2978 16
2977 19
2976 15
2975 55
2974 41
2973 61
2972 55
2971 70
2970 9
2969 56
2968 88
2967 2
2966 0
2965 81
2964 57
2963 98
2962 27
2961 8
2960 32
2959 14
2958 16
2957 78
2956 12
2955 0
2954 14
2953 76
2952 28
2951 4
2950 36
2949 29
2948 87
2947 86
2946 12
2945 100
2944 62
2943 40
2942 53
2941 48
2940 28
2939 33
2938 59
2937 75
2936 61
2935 41
2934 89
2933 24
2932 97
2931 43
2930 100
2929 8
2928 33
2927 26
2926 42
2925 83
2924 89
2923 59
2922 16
2921 45
2920 22
2919 61
2918 13
2917 17
2916 24
2915 7
2914 71
2913 60
2912 8
2911 90
2910 80
2909 75
2908 54
2907 61
2906 7
2905 84
2904 15
2903 61
2902 18
2901 27
2900 9
2899 97
2898 56
2897 39
2896 79
2895 17
2894 92
2893 8
2892 64
2891 87
2890 42
2889 78
2888 61
2887 51
2886 44
2885 72
2884 47
2883 84
2882 98
2881 39
2880 86
2879 67
2878 93
2877 49
2876 59
2875 64
2874 20
2873 96
2872 46
2871 21
2870 53
2869 90
2868 75
2867 79
2866 67
2865 47
2864 39
2863 32
2862 68
2861 66
2860 11
2859 5
2858 69
2857 46
2856 14
2855 72
2854 15
2853 72
2852 17
2851 48
2850 3
2849 3
2848 12
2847 85
2846 79
2845 78
2844 33
2843 48
2842 37
2841 38
2840 86
2839 97
2838 74
2837 44
2836 8
2835 92
2834 10
2833 85
2832 71
2831 23
2830 47
2829 41
2828 55
2827 89
2826 71
2825 57
2824 89
2823 91
2822 92
2821 28
2820 55
2819 19
2818 55
2817 24
2816 60
2815 89
2814 50
2813 12
2812 73
2811 34
2810 83
2809 33
2808 84
2807 29
2806 26
2805 84
2804 80
2803 66
2802 23
2801 12
2800 78
2799 61
2798 47
2797 21
2796 81
2795 94
2794 14
2793 38
2792 61
2791 41
2790 58
2789 53
2788 60
2787 65
2786 72
2785 30
2784 82
2783 13
2782 46
2781 74
2780 86
2779 98
2778 86
2777 57
2776 67
2775 100
2774 6
2773 91
2772 45
2771 0
2770 26
2769 90
2768 18
2767 61
2766 14
2765 3
2764 41
2763 69
2762 58
2761 79
2760 70
2759 7
2758 99
2757 69
2756 30
2755 95
2754 94
2753 34
2752 54
2751 51
2750 92
2749 35
2748 38
2747 5
2746 54
2745 22
2744 13
2743 87
2742 48
2741 5
2740 72
2739 10
2738 98
2737 71
2736 18
2735 93
2734 94
2733 68
2732 3
2731 50
2730 93
2729 74
2728 55
2727 86
2726 97
2725 30
2724 78
2723 12
2722 74
2721 94
2720 3
2719 58
2718 84
2717 96
2716 42
2715 66
2714 15
2713 72
2712 71
2711 52
2710 15
2709 80
2708 12
2707 38
2706 50
2705 57
2704 100
2703 48
2702 81
2701 45
2700 12
2699 62
2698 25
2697 9
2696 30
2695 20
2694 41
2693 81
2692 98
2691 71
2690 12
2689 50
2688 82
2687 9
2686 28
2685 33
2684 87
2683 48
2682 60
2681 3
2680 89
2679 7
2678 62
2677 46
2676 97
2675 49
2674 89
2673 58
2672 77
2671 45
2670 21
2669 91
2668 4
2667 80
2666 61
2665 100
2664 61
2663 63
2662 79
2661 91
2660 6
2659 39
2658 95
2657 6
2656 27
2655 61
2654 47
2653 52
2652 100
2651 14
2650 69
2649 64
2648 63
2647 76
2646 33
2645 38
2644 81
2643 75
2642 8
2641 3
2640 100
2639 31
2638 68
2637 5
2636 37
2635 65
2634 94
2633 28
2632 47
2631 3
2630 47
2629 99
2628 71
2627 46
2626 18
2625 41
2624 38
2623 82
2622 24
2621 83
2620 65
2619 52
2618 23
2617 12
2616 29
2615 2
2614 96
2613 65
2612 75
2611 83
2610 4
2609 69
2608 33
2607 63
2606 41
2605 62
2604 90
2603 56
2602 70
2601 36
2600 46
2599 53
2598 17
2597 27
2596 91
2595 14
2594 73
2593 65
2592 6
2591 39
2590 99
2589 32
2588 25
2587 56
2586 94
2585 15
2584 31
2583 30
2582 18
2581 93
2580 99
2579 24
2578 59
2577 45
2576 91
2575 7
2574 49
2573 90
2572 65
2571 2
2570 26
2569 17
2568 94
2567 39
2566 50
2565 17
2564 22
2563 18
2562 38
2561 49
2560 57
2559 87
2558 59
2557 92
2556 12
2555 72
2554 75
2553 54
2552 6
2551 82
2550 39
2549 82
2548 46
2547 47
2546 34
2545 97
2544 59
2543 85
2542 16
2541 93
2540 87
2539 18
2538 93
2537 25
2536 36
2535 77
2534 27
2533 17
2532 22
2531 71
2530 94
2529 23
2528 80
2527 90
2526 17
2525 66
2524 36
2523 27
2522 69
2521 51
2520 79
2519 44
2518 51
2517 13
2516 47
2515 82
2514 12
2513 97
2512 50
2511 11
2510 39
2509 91
2508 90
2507 79
2506 77
2505 95
2504 99
2503 95
2502 33
2501 72
2500 48
2499 11
2498 58
2497 89
2496 70
2495 43
2494 89
2493 53
2492 56
2491 23
2490 50
2489 46
2488 7
2487 37
2486 45
2485 16
2484 71
2483 93
2482 42
2481 7
2480 11
2479 79
2478 8
2477 29
2476 22
2475 9
2474 46
2473 30
2472 90
2471 64
2470 45
2469 28
2468 96
2467 81
2466 1
2465 25
2464 62
2463 79
2462 72
2461 49
2460 84
2459 79
2458 11
2457 68
2456 39
2455 99
2454 73
2453 92
2452 24
2451 69
2450 100
2449 81
2448 28
2447 60
2446 63
2445 80
2444 29
2443 81
2442 23
2441 15
2440 75
2439 53
2438 67
2437 37
2436 56
2435 94
2434 88
2433 14
2432 75
2431 98
2430 87
2429 100
2428 3
2427 73
2426 16
2425 42
2424 43
2423 65
2422 57
2421 83
2420 28
2419 48
2418 88
2417 66
2416 17
2415 92
2414 14
2413 36
2412 18
2411 89
2410 9
2409 94
2408 68
2407 16
2406 80
2405 14
2404 1
2403 40
2402 85
2401 30
2400 74
2399 100
2398 72
2397 52
2396 88
2395 32
2394 16
2393 65
2392 25
2391 4
2390 96
2389 58
2388 85
2387 84
2386 43
2385 8
2384 81
2383 50
2382 30
2381 80
2380 7
2379 85
2378 61
2377 94
2376 69
2375 40
2374 0
2373 54
2372 8
2371 83
2370 47
2369 6
2368 82
2367 36
2366 26
2365 43
2364 28
2363 91
2362 55
2361 88
2360 27
2359 70
2358 55
2357 17
2356 29
2355 39
2354 100
2353 52
2352 84
2351 38
2350 60
2349 31
2348 49
2347 90
2346 92
2345 28
2344 34
2343 97
2342 54
2341 75
2340 22
2339 8
2338 99
2337 68
2336 50
2335 19
2334 63
2333 94
2332 69
2331 23
2330 85
2329 57
2328 59
2327 76
2326 68
2325 76
2324 69
2323 60
2322 41
2321 68
2320 22
2319 90
2318 15
2317 4
2316 51
2315 15
2314 21
2313 14
2312 64
2311 43
2310 55
2309 16
2308 69
2307 16
2306 13
2305 84
2304 31
2303 30
2302 35
2301 40
2300 44
2299 88
2298 0
2297 34
2296 96
2295 29
2294 73
2293 30
2292 70
2291 7
2290 84
2289 79
2288 92
2287 63
2286 94
2285 19
2284 89
2283 13
2282 65
2281 55
2280 39
2279 7
2278 4
2277 33
2276 13
2275 31
2274 1
2273 76
2272 18
2271 79
2270 99
2269 2
2268 64
2267 4
2266 44
2265 47
2264 100
2263 51
2262 90
2261 17
2260 33
2259 40
2258 54
2257 60
2256 2
2255 12
2254 58
2253 80
2252 89
2251 27
2250 16
2249 10
2248 87
2247 49
2246 95
2245 77
2244 22
2243 74
2242 93
2241 79
2240 86
2239 65
2238 59
2237 55
2236 33
2235 47
2234 41
2233 7
2232 77
2231 50
2230 27
2229 74
2228 60
2227 83
2226 16
2225 89
2224 98
2223 50
2222 59
2221 48
2220 47
2219 71
2218 87
2217 6
2216 28
2215 99
2214 100
2213 39
2212 48
2211 66
2210 30
2209 1
2208 28
2207 90
2206 45
2205 38
2204 11
2203 39
2202 27
2201 31
2200 61
2199 19
2198 67
2197 66
2196 26
2195 14
2194 42
2193 69
2192 85
2191 89
2190 16
2189 39
2188 67
2187 82
2186 36
2185 23
2184 23
2183 84
2182 0
2181 16
2180 6
2179 27
2178 50
2177 97
2176 71
2175 32
2174 6
2173 72
2172 80
2171 19
2170 81
2169 1
2168 24
2167 86
2166 78
2165 79
2164 22
2163 12
2162 59
2161 84
2160 75
2159 32
2158 36
2157 92
2156 8
2155 60
2154 14
2153 89
2152 87
2151 60
2150 32
2149 70
2148 19
2147 27
2146 81
2145 64
2144 8
2143 53
2142 38
2141 38
2140 16
2139 91
2138 44
2137 53
2136 90
2135 56
2134 43
2133 13
2132 32
2131 10
2130 100
2129 80
2128 33
2127 27
2126 57
2125 90
2124 59
2123 50
2122 12
2121 93
2120 77
2119 99
2118 32
2117 73
2116 50
2115 16
2114 95
2113 38
2112 47
2111 48
2110 22
2109 39
2108 12
2107 33
2106 49
2105 71
2104 69
2103 74
2102 46
2101 12
2100 77
2099 18
2098 7
2097 81
2096 97
2095 86
2094 71
2093 20
2092 46
2091 55
2090 10
2089 30
2088 60
2087 77
2086 83
2085 52
2084 63
2083 23
2082 74
2081 35
2080 48
2079 75
2078 72
2077 87
2076 85
2075 32
2074 38
2073 19
2072 66
2071 36
2070 69
2069 14
2068 68
2067 50
2066 40
2065 0
2064 43
2063 70
2062 61
2061 22
2060 69
2059 37
2058 5
2057 6
2056 35
2055 91
2054 46
2053 55
2052 50
2051 48
2050 31
2049 49
2048 2
2047 57
2046 88
2045 3
2044 14
2043 6
2042 80
2041 38
2040 37
2039 1
2038 58
2037 56
2036 87
2035 13
2034 60
2033 19
2032 97
2031 53
2030 94
2029 2
2028 7
2027 1
2026 73
2025 96
2024 78
2023 77
2022 95
2021 73
2020 77
2019 85
2018 13
2017 83
2016 38
2015 32
2014 10
2013 82
2012 72
2011 50
2010 83
2009 78
2008 26
2007 17
2006 90
2005 92
2004 76
2003 52
2002 87
2001 95
2000 79
1999 38
1998 21
1997 39
1996 90
1995 99
1994 75
1993 71
1992 6
1991 12
1990 75
1989 55
1988 33
1987 24
1986 61
1985 21
1984 35
1983 70
1982 4
1981 100
1980 27
1979 9
1978 77
1977 0
1976 84
1975 65
1974 45
1973 20
1972 93
1971 71
1970 44
1969 31
1968 65
1967 23
1966 34
1965 92
1964 23
1963 97
1962 94
1961 50
1960 67
1959 35
1958 91
1957 54
1956 30
1955 85
1954 74
1953 5
1952 99
1951 6
1950 52
1949 18
1948 99
1947 4
1946 85
1945 50
1944 22
1943 0
1942 88
1941 80
1940 37
1939 11
1938 69
1937 53
1936 17
1935 50
1934 70
1933 99
1932 95
1931 54
1930 19
1929 43
1928 77
1927 36
1926 28
1925 49
1924 76
1923 55
1922 12
1921 90
1920 72
1919 16
1918 51
1917 70
1916 37
1915 88
1914 1
1913 24
1912 97
1911 47
1910 37
1909 72
1908 77
1907 24
1906 4
1905 38
1904 97
1903 40
1902 60
1901 41
1900 99
1899 56
1898 34
1897 55
1896 52
1895 3
1894 94
1893 14
1892 62
1891 54
1890 1
1889 57
1888 76
1887 31
1886 95
1885 36
1884 20
1883 49
1882 59
1881 85
1880 56
1879 6
1878 93
1877 86
1876 48
1875 50
1874 64
1873 15
1872 43
1871 50
1870 65
1869 33
1868 2
1867 84
1866 1
1865 87
1864 59
1863 47
1862 26
1861 89
1860 89
1859 34
1858 64
1857 23
1856 96
1855 64
1854 81
1853 37
1852 25
1851 49
1850 96
1849 98
1848 12
1847 95
1846 80
1845 59
1844 14
1843 25
1842 12
1841 0
1840 36
1839 32
1838 66
1837 46
1836 38
1835 13
1834 2
1833 88
1832 86
1831 99
1830 64
1829 60
1828 45
1827 86
1826 59
1825 66
1824 50
1823 44
1822 15
1821 91
1820 58
1819 78
1818 57
1817 46
1816 52
1815 39
1814 45
1813 69
1812 80
1811 75
1810 80
1809 18
1808 32
1807 35
1806 92
1805 84
1804 92
1803 22
1802 34
1801 84
1800 35
1799 63
1798 80
1797 88
1796 18
1795 39
1794 55
1793 4
1792 45
1791 94
1790 60
1789 72
1788 80
1787 100
1786 52
1785 79
1784 34
1783 81
1782 45
1781 27
1780 49
1779 55
1778 33
1777 66
1776 73
1775 98
1774 5
1773 39
1772 30
1771 11
1770 51
1769 82
1768 36
1767 81
1766 1
1765 66
1764 65
1763 57
1762 7
1761 9
1760 80
1759 15
1758 55
1757 83
1756 50
1755 92
1754 86
1753 55
1752 86
1751 53
1750 14
1749 98
1748 44
1747 51
1746 7
1745 1
1744 72
1743 10
1742 2
1741 92
1740 88
1739 46
1738 53
1737 12
1736 51
1735 72
1734 74
1733 98
1732 10
1731 58
1730 27
1729 30
1728 65
1727 26
1726 86
1725 87
1724 94
1723 9
1722 12
1721 65
1720 69
1719 62
1718 64
1717 96
1716 69
1715 98
1714 61
1713 69
1712 6
1711 56
1710 93
1709 84
1708 17
1707 10
1706 29
1705 30
1704 95
1703 93
1702 35
1701 9
1700 34
1699 62
1698 31
1697 13
1696 65
1695 20
1694 49
1693 49
1692 97
1691 64
1690 55
1689 83
1688 64
1687 4
1686 17
1685 7
1684 68
1683 75
1682 94
1681 43
1680 25
1679 31
1678 70
1677 18
1676 13
1675 44
1674 92
1673 39
1672 14
1671 3
1670 68
1669 40
1668 65
1667 39
1666 15
1665 45
1664 50
1663 57
1662 3
1661 16
1660 53
1659 7
1658 62
1657 53
1656 59
1655 96
1654 19
1653 19
1652 27
1651 73
1650 61
1649 25
1648 57
1647 88
1646 49
1645 18
1644 25
1643 97
1642 100
1641 14
1640 19
1639 22
1638 2
1637 39
1636 21
1635 79
1634 8
1633 48
1632 4
1631 16
1630 55
1629 100
1628 2
1627 23
1626 47
1625 49
1624 34
1623 61
1622 17
1621 72
1620 71
1619 29
1618 40
1617 13
1616 33
1615 100
1614 76
1613 55
1612 39
1611 24
1610 69
1609 79
1608 5
1607 52
1606 57
1605 4
1604 20
1603 62
1602 77
1601 32
1600 48
1599 30
1598 14
1597 95
1596 26
1595 92
1594 78
1593 98
1592 36
1591 43
1590 34
1589 17
1588 67
1587 95
1586 58
1585 22
1584 47
1583 28
1582 25
1581 30
1580 57
1579 80
1578 8
1577 86
1576 24
1575 58
1574 63
1573 63
1572 14
1571 82
1570 49
1569 42
1568 45
1567 28
1566 37
1565 68
1564 67
1563 99
1562 43
1561 3
1560 58
1559 3
1558 62
1557 82
1556 97
1555 42
1554 23
1553 91
1552 98
1551 97
1550 47
1549 95
1548 78
1547 36
1546 75
1545 40
1544 86
1543 60
1542 96
1541 96
1540 19
1539 75
1538 63
1537 18
1536 22
1535 17
1534 34
1533 56
1532 0
1531 75
1530 36
1529 52
1528 5
1527 3
1526 43
1525 18
1524 64
1523 44
1522 31
1521 24
1520 29
1519 92
1518 28
1517 57
1516 36
1515 44
1514 87
1513 77
1512 35
1511 0
1510 24
1509 27
1508 2
1507 33
1506 84
1505 93
1504 51
1503 81
1502 49
1501 61
1500 6
1499 25
1498 15
1497 32
1496 0
1495 55
1494 0
1493 31
1492 3
1491 20
1490 16
1489 70
1488 29
1487 68
1486 29
1485 92
1484 82
1483 55
1482 53
1481 99
1480 99
1479 97
1478 69
1477 76
1476 74
1475 88
1474 62
1473 89
1472 99
1471 13
1470 24
1469 23
1468 17
1467 46
1466 47
1465 76
1464 78
1463 38
1462 28
1461 36
1460 63
1459 17
1458 46
1457 47
1456 15
1455 20
1454 60
1453 6
1452 82
1451 1
1450 71
1449 4
1448 35
1447 69
1446 37
1445 55
1444 20
1443 7
1442 85
1441 68
1440 41
1439 65
1438 62
1437 24
1436 69
1435 35
1434 0
1433 90
1432 80
1431 100
1430 98
1429 48
1428 13
1427 98
1426 90
1425 93
1424 53
1423 92
1422 38
1421 10
1420 62
1419 60
1418 61
1417 60
1416 93
1415 21
1414 3
1413 3
1412 23
1411 81
1410 64
1409 8
1408 50
1407 66
1406 1
1405 98
1404 64
1403 62
1402 10
1401 28
1400 8
1399 49
1398 48
1397 71
1396 40
1395 89
1394 2
1393 50
1392 59
1391 51
1390 63
1389 71
1388 6
1387 24
1386 81
1385 65
1384 68
1383 61
1382 9
1381 77
1380 48
1379 33
1378 69
1377 63
1376 6
1375 20
1374 98
1373 80
1372 68
1371 49
1370 40
1369 61
1368 15
1367 62
1366 38
1365 91
1364 86
1363 16
1362 11
1361 40
1360 70
1359 26
1358 13
1357 6
1356 63
1355 100
1354 2
1353 85
1352 38
1351 43
1350 93
1349 22
1348 79
1347 58
1346 43
1345 50
1344 26
1343 20
1342 11
1341 27
1340 55
1339 65
1338 33
1337 21
1336 47
1335 90
1334 15
1333 97
1332 18
1331 61
1330 53
1329 21
1328 99
1327 21
1326 12
1325 37
1324 4
1323 44
1322 31
1321 45
1320 65
1319 45
1318 81
1317 21
1316 1
1315 32
1314 6
1313 54
1312 31
1311 19
1310 7
1309 37
1308 81
1307 83
1306 41
1305 75
1304 92
1303 73
1302 29
1301 3
1300 46
1299 89
1298 8
1297 12
1296 47
1295 92
1294 61
1293 97
1292 66
1291 55
1290 40
1289 37
1288 34
1287 8
1286 13
1285 49
1284 26
1283 69
1282 43
1281 2
1280 17
1279 98
1278 26
1277 78
1276 10
1275 87
1274 70
1273 35
1272 86
1271 27
1270 49
1269 78
1268 53
1267 19
1266 33
1265 57
1264 20
1263 52
1262 68
1261 82
1260 69
1259 8
1258 24
1257 6
1256 2
1255 71
1254 20
1253 29
1252 22
1251 17
1250 39
1249 5
1248 27
1247 62
1246 58
1245 51
1244 69
1243 51
1242 98
1241 78
1240 52
1239 100
1238 82
1237 58
1236 85
1235 67
1234 75
1233 36
1232 24
1231 95
1230 84
1229 49
1228 84
1227 16
1226 46
1225 84
1224 9
1223 3
1222 75
1221 13
1220 96
1219 75
1218 9
1217 46
1216 43
1215 24
1214 37
1213 58
1212 84
1211 19
1210 55
1209 87
1208 100
1207 100
1206 100
1205 47
1204 27
1203 38
1202 23
1201 64
1200 24
1199 29
1198 59
1197 61
1196 92
1195 26
1194 41
1193 86
1192 6
1191 72
1190 54
1189 87
1188 48
1187 77
1186 35
1185 36
1184 68
1183 83
1182 27
1181 10
1180 19
1179 66
1178 68
1177 4
1176 86
1175 29
1174 97
1173 28
1172 29
1171 85
1170 50
1169 31
1168 28
1167 35
1166 10
1165 3
1164 41
1163 3
1162 33
1161 69
1160 77
1159 61
1158 20
1157 94
1156 42
1155 95
1154 60
1153 14
1152 54
1151 58
1150 66
1149 1
1148 94
1147 97
1146 65
1145 90
1144 43
1143 29
1142 50
1141 99
1140 51
1139 74
1138 37
1137 90
1136 33
1135 9
1134 16
1133 26
1132 70
1131 38
1130 22
1129 86
1128 65
1127 0
1126 41
1125 28
1124 15
1123 54
1122 30
1121 48
1120 46
1119 60
1118 100
1117 54
1116 24
1115 53
1114 48
1113 98
1112 1
1111 84
1110 97
1109 13
1108 25
1107 45
1106 47
1105 100
1104 26
1103 79
1102 76
1101 51
1100 25
1099 22
1098 80
1097 26
1096 84
1095 15
1094 90
1093 78
1092 99
1091 49
1090 31
1089 81
1088 10
1087 38
1086 39
1085 75
1084 32
1083 89
1082 62
1081 46
1080 39
1079 3
1078 94
1077 51
1076 12
1075 91
1074 30
1073 37
1072 75
1071 54
1070 4
1069 67
1068 88
1067 84
1066 41
1065 95
1064 83
1063 45
1062 22
1061 92
1060 19
1059 54
1058 95
1057 75
1056 52
1055 69
1054 84
1053 38
1052 67
1051 29
1050 95
1049 63
1048 99
1047 84
1046 99
1045 95
1044 99
1043 46
1042 47
1041 7
1040 52
1039 11
1038 28
1037 33
1036 49
1035 98
1034 84
1033 68
1032 24
1031 19
1030 4
1029 80
1028 77
1027 59
1026 0
1025 8
1024 71
1023 91
1022 20
1021 81
1020 15
1019 30
1018 72
1017 22
1016 25
1015 29
1014 13
1013 27
1012 90
1011 43
1010 36
1009 80
1008 78
1007 46
1006 9
1005 34
1004 68
1003 19
1002 98
1001 64
1000 4
999 9
998 80
997 96
996 31
995 2
994 93
993 60
992 17
991 80
990 62
989 66
988 49
987 77
986 86
985 36
984 54
983 15
982 97
981 12
980 47
979 81
978 13
977 27
976 20
975 26
974 2
973 3
972 12
971 24
970 39
969 18
968 32
967 90
966 81
965 16
964 0
963 2
962 50
961 85
960 82
959 100
958 32
957 48
956 8
955 62
954 85
953 88
952 96
951 98
950 50
949 27
948 87
947 46
946 30
945 28
944 65
943 43
942 17
941 38
940 10
939 2
938 12
937 8
936 94
935 54
934 63
933 13
932 6
931 3
930 0
929 85
928 80
927 25
926 51
925 10
924 100
923 33
922 61
921 94
920 50
919 79
918 42
917 4
916 55
915 19
914 28
913 100
912 27
911 36
910 71
909 82
908 56
907 38
906 38
905 50
904 75
903 71
902 32
901 42
900 92
899 2
898 66
897 56
896 16
895 22
894 3
893 47
892 89
891 49
890 74
889 76
888 26
887 96
886 27
885 31
884 29
883 41
882 11
881 28
880 37
879 45
878 84
877 95
876 91
875 60
874 73
873 38
872 68
871 56
870 72
869 69
868 55
867 16
866 45
865 38
864 1
863 83
862 2
861 96
860 81
859 12
858 61
857 65
856 74
855 31
854 51
853 30
852 69
851 57
850 94
849 28
848 12
847 70
846 30
845 96
844 71
843 55
842 96
841 69
840 3
839 61
838 96
837 40
836 86
835 97
834 61
833 44
832 47
831 51
830 9
829 68
828 95
827 0
826 53
825 37
824 69
823 46
822 3
821 53
820 50
819 86
818 52
817 9
816 84
815 94
814 32
813 59
812 14
811 86
810 36
809 68
808 29
807 100
806 97
805 94
804 61
803 92
802 78
801 56
800 56
799 20
798 16
797 61
796 83
795 17
794 89
793 24
792 61
791 96
790 32
789 30
788 25
787 7
786 24
785 25
784 19
783 38
782 11
781 83
780 65
779 63
778 36
777 29
776 23
775 99
774 56
773 44
772 100
771 8
770 19
769 96
768 76
767 76
766 73
765 20
764 30
763 73
762 81
761 89
760 61
759 7
758 45
757 95
756 98
755 1
754 93
753 34
752 44
751 28
750 76
749 1
748 67
747 98
746 63
745 0
744 81
743 53
742 17
741 42
740 9
739 4
738 93
737 71
736 66
735 37
734 56
733 98
732 79
731 45
730 30
729 66
728 14
727 48
726 83
725 99
724 14
723 42
722 93
721 17
720 38
719 47
718 43
717 88
716 61
715 71
714 5
713 76
712 33
711 0
710 20
709 44
708 67
707 36
706 35
705 20
704 13
703 91
702 48
701 89
700 72
699 7
698 91
697 47
696 72
695 32
694 0
693 44
692 12
691 79
690 46
689 64
688 75
687 67
686 59
685 20
684 86
683 16
682 72
681 64
680 44
679 75
678 62
677 24
676 53
675 72
674 83
673 9
672 1
671 54
670 16
669 65
668 0
667 41
666 0
665 94
664 61
663 7
662 89
661 24
660 22
659 97
658 34
657 49
656 74
655 8
654 46
653 10
652 75
651 86
650 99
649 72
648 75
647 67
646 56
645 22
644 56
643 35
642 78
641 87
640 95
639 86
638 74
637 19
636 55
635 45
634 19
633 92
632 88
631 42
630 87
629 21
628 48
627 76
626 42
625 87
624 57
623 9
622 31
621 29
620 89
619 69
618 55
617 95
616 90
615 44
614 18
613 8
612 88
611 68
610 46
609 21
608 4
607 71
606 46
605 40
604 49
603 93
602 47
601 94
600 26
599 13
598 9
597 84
596 8
595 59
594 51
593 1
592 15
591 45
590 50
589 54
588 34
587 15
586 63
585 88
584 58
583 36
582 85
581 14
580 84
579 97
578 8
577 77
576 13
575 89
574 10
573 62
572 57
571 55
570 56
569 20
568 12
567 8
566 42
565 57
564 61
563 78
562 42
561 6
560 14
559 72
558 77
557 27
556 67
555 90
554 15
553 2
552 38
551 80
550 82
549 43
548 71
547 90
546 54
545 25
544 35
543 10
542 8
541 86
540 49
539 39
538 42
537 71
536 0
535 93
534 70
533 93
532 6
531 61
530 33
529 43
528 85
527 13
526 64
525 24
524 74
523 58
522 8
521 19
520 93
519 36
518 37
517 92
516 55
515 78
514 29
513 68
512 14
511 50
510 73
509 35
508 7
507 96
506 15
505 59
504 75
503 14
502 40
501 47
500 55
499 37
498 41
497 17
496 6
495 5
494 34
493 34
492 66
491 4
490 67
489 3
488 9
487 56
486 13
485 1
484 12
483 95
482 43
481 57
480 81
479 20
478 84
477 83
476 8
475 36
474 77
473 99
472 36
471 56
470 79
469 56
468 74
467 14
466 4
465 71
464 19
463 55
462 51
461 91
460 32
459 88
458 89
457 23
456 61
455 29
454 99
453 71
452 60
451 94
450 25
449 69
448 84
447 33
446 83
445 19
444 87
443 21
442 72
441 2
440 71
439 79
438 18
437 64
436 84
435 54
434 63
433 44
432 24
431 81
430 10
429 9
428 22
427 48
426 52
425 95
424 69
423 73
422 68
421 20
420 11
419 45
418 68
417 99
416 84
415 38
414 42
413 15
412 96
411 60
410 99
409 81
408 29
407 17
406 17
405 67
404 82
403 90
402 34
401 7
400 43
399 10
398 13
397 40
396 69
395 66
394 68
393 84
392 72
391 9
390 73
389 85
388 61
387 36
386 20
385 16
384 20
383 78
382 24
381 38
380 52
379 74
378 16
377 73
376 57
375 70
374 72
373 79
372 79
371 39
370 79
369 96
368 39
367 23
366 51
365 1
364 30
363 100
362 63
361 43
360 99
359 49
358 79
357 32
356 95
355 96
354 3
353 6
352 3
351 43
350 3
349 84
348 77
347 84
346 54
345 13
344 96
343 68
342 36
341 69
340 86
339 32
338 99
337 93
336 61
335 16
334 45
333 20
332 43
331 6
330 47
329 33
328 79
327 62
326 87
325 4
324 37
323 12
322 37
321 99
320 79
319 13
318 9
317 3
316 86
315 90
314 75
313 7
312 41
311 46
310 74
309 62
308 0
307 31
306 17
305 96
304 13
303 12
302 33
301 23
300 31
299 47
298 41
297 76
296 93
295 16
294 60
293 19
292 76
291 91
290 56
289 61
288 26
287 34
286 24
285 45
284 11
283 64
282 82
281 98
280 7
279 17
278 91
277 45
276 58
275 23
274 72
273 31
272 83
271 33
270 40
269 6
268 14
267 68
266 84
265 34
264 88
263 49
262 67
261 28
260 30
259 83
258 75
257 35
256 56
255 36
254 80
253 16
252 38
251 83
250 79
249 40
248 34
247 57
246 52
245 96
244 21
243 52
242 37
241 16
240 97
239 4
238 60
237 13
236 24
235 7
234 78
233 53
232 7
231 95
230 73
229 65
228 1
227 100
226 11
225 44
224 41
223 2
222 3
221 5
220 6
219 37
218 66
217 82
216 86
215 84
214 95
213 28
212 77
211 51
210 76
209 100
208 99
207 99
206 94
205 100
204 36
203 75
202 1
201 87
200 52
199 49
198 27
197 21
196 98
195 77
194 82
193 11
192 82
191 5
190 29
189 53
188 95
187 40
186 34
185 3
184 81
183 28
182 85
181 81
180 23
179 9
178 84
177 20
176 57
175 12
174 100
173 97
172 47
171 47
170 36
169 69
168 79
167 63
166 54
165 50
164 0
163 32
162 93
161 6
160 4
159 57
158 92
157 9
156 64
155 20
154 17
153 98
152 17
151 49
150 1
149 69
148 43
147 50
146 19
145 80
144 22
143 37
142 93
141 75
140 40
139 22
138 23
137 22
136 71
135 60
134 64
133 51
132 11
131 90
130 82
129 46
128 28
127 69
126 52
125 87
124 62
123 11
122 82
121 22
120 63
119 49
118 34
117 68
116 94
115 63
114 10
113 91
112 92
111 44
110 93
109 62
108 97
107 10
106 65
105 84
104 86
103 60
102 62
101 25
100 79
99 56
98 1
97 57
96 30
95 15
94 44
93 21
92 80
91 60
90 8
89 46
88 100
87 68
86 41
85 67
84 20
83 58
82 64
81 14
80 16
79 91
78 30
77 28
76 50
75 48
74 99
73 65
72 32
71 23
70 55
69 14
68 29
67 44
66 69
65 79
64 81
63 82
62 14
61 64
60 94
59 26
58 41
57 39
56 17
55 74
54 91
53 86
52 49
51 9
50 93
49 7
48 76
47 2
46 50
45 2
44 96
43 91
42 72
41 36
40 87
39 68
38 50
37 98
36 83
35 63
34 84
33 49
32 71
31 12
30 47
29 93
28 44
27 9
26 67
25 53
24 41
23 4
22 87
21 93
20 71
19 6
18 81
17 21
16 47
15 84
14 54
13 11
12 12
11 22
10 26
9 74
8 56
7 73
6 47
5 54
4 5
3 66
2 81
1 48
0 93
