9500 93
9499 80
9498 87
9497 55
9496 63
9495 1
9494 82
9493 16
9492 87
9491 46
9490 45
9489 75
9488 80
9487 33
9486 64
9485 39
9484 59
9483 93
9482 70
9481 64
9480 67
9479 5
9478 8
9477 49
9476 77
9475 46
9474 93
9473 1
9472 11
9471 24
9470 43
9469 1
9468 4
9467 58
9466 43
9465 7
9464 79
9463 17
9462 18
9461 31
9460 33
9459 9
9458 42
9457 37
9456 32
9455 75
9454 16
9453 65
9452 26
9451 9
9450 56
9449 20
9448 31
9447 53
9446 48
9445 38
9444 68
9443 99
9442 42
9441 28
9440 6
9439 62
9438 8
9437 44
9436 31
9435 89
9434 14
9433 59
9432 38
9431 69
9430 54
9429 23
9428 17
9427 78
9426 40
9425 43
9424 80
9423 34
9422 47
9421 96
9420 20
9419 71
9418 91
9417 44
9416 98
9415 83
9414 7
9413 51
9412 85
9411 64
9410 43
9409 28
9408 34
9407 10
9406 29
9405 83
9404 87
9403 21
9402 38
9401 35
9400 89
9399 72
9398 41
9397 74
9396 79
9395 85
9394 56
9393 25
9392 76
9391 37
9390 30
9389 80
9388 0
9387 42
9386 97
9385 98
9384 36
9383 27
9382 31
9381 37
9380 9
9379 20
9378 14
9377 12
9376 91
9375 65
9374 44
9373 56
9372 45
9371 37
9370 2
9369 96
9368 37
9367 25
9366 47
9365 1
9364 72
9363 58
9362 59
9361 29
9360 51
9359 8
9358 96
9357 31
9356 41
9355 31
9354 26
9353 5
9352 45
9351 50
9350 65
9349 91
9348 88
9347 32
9346 35
9345 93
9344 44
9343 90
9342 60
9341 3
9340 60
9339 97
9338 36
9337 2
9336 80
9335 76
9334 87
9333 62
9332 14
9331 75
9330 66
9329 34
9328 85
9327 52
9326 63
9325 10
9324 73
9323 61
9322 5
9321 99
9320 50
9319 14
9318 82
9317 37
9316 63
9315 24
9314 71
9313 95
9312 71
9311 5
9310 39
9309 92
9308 37
9307 42
9306 22
9305 15
9304 44
9303 40
9302 45
9301 98
9300 0
9299 42
9298 8
9297 21
9296 41
9295 92
9294 96
9293 15
9292 13
9291 71
9290 92
9289 46
9288 67
9287 8
9286 4
9285 36
9284 21
9283 14
9282 69
9281 83
9280 81
9279 14
9278 96
9277 55
9276 39
9275 15
9274 8
9273 99
9272 3
9271 41
9270 45
9269 13
9268 100
9267 16
9266 97
9265 24
9264 76
9263 51
9262 9
9261 8
9260 14
9259 4
9258 7
9257 39
9256 40
9255 14
9254 54
9253 70
9252 51
9251 37
9250 2
9249 22
9248 47
9247 3
9246 26
9245 47
9244 11
9243 26
9242 90
9241 79
9240 66
9239 52
9238 84
9237 83
9236 88
9235 52
9234 96
9233 12
9232 16
9231 75
9230 90
9229 11
9228 64
9227 33
9226 35
9225 77
9224 8
9223 30
9222 25
9221 44
9220 88
9219 49
9218 18
9217 6
9216 24
9215 66
9214 25
9213 26
9212 18
9211 42
9210 73
9209 89
9208 76
9207 16
9206 79
9205 28
9204 85
9203 42
9202 23
9201 12
9200 84
9199 13
9198 95
9197 63
9196 9
9195 98
9194 44
9193 41
9192 43
9191 36
9190 68
9189 0
9188 6
9187 66
9186 39
9185 60
9184 36
9183 61
9182 67
9181 37
9180 55
9179 27
9178 66
9177 92
9176 58
9175 35
9174 39
9173 41
9172 11
9171 96
9170 31
9169 45
9168 11
9167 51
9166 81
9165 96
9164 26
9163 16
9162 7
9161 57
9160 48
9159 17
9158 83
9157 87
9156 28
9155 47
9154 94
9153 13
9152 60
9151 24
9150 66
9149 86
9148 66
9147 0
9146 91
9145 92
9144 67
9143 5
9142 51
9141 45
9140 35
9139 43
9138 37
9137 36
9136 11
9135 64
9134 67
9133 58
9132 53
9131 44
9130 68
9129 56
9128 38
9127 62
9126 27
9125 25
9124 13
9123 78
9122 78
9121 51
9120 68
9119 85
9118 12
9117 66
9116 20
9115 79
9114 86
9113 28
9112 81
9111 92
9110 100
9109 98
9108 3
9107 1
9106 84
9105 22
9104 72
9103 89
9102 96
9101 64
9100 97
9099 37
9098 80
9097 55
9096 67
9095 50
9094 2
9093 53
9092 95
9091 26
9090 100
9089 84
9088 74
9087 98
9086 17
9085 66
9084 21
9083 68
9082 24
9081 48
9080 78
9079 74
9078 23
9077 96
9076 12
9075 84
9074 98
9073 77
9072 100
9071 53
9070 60
9069 26
9068 73
9067 99
9066 32
9065 1
9064 12
9063 82
9062 88
9061 22
9060 4
9059 41
9058 67
9057 16
9056 39
9055 88
9054 94
9053 46
9052 64
9051 9
9050 38
9049 77
9048 43
9047 4
9046 78
9045 90
9044 50
9043 15
9042 62
9041 13
9040 92
9039 22
9038 69
9037 0
9036 21
9035 57
9034 28
9033 72
9032 5
9031 66
9030 48
9029 93
9028 72
9027 56
9026 47
9025 62
9024 3
9023 39
9022 86
9021 67
9020 70
9019 81
9018 79
9017 16
9016 59
9015 77
9014 65
9013 7
9012 49
9011 10
9010 43
9009 39
9008 94
9007 1
9006 39
9005 62
9004 80
9003 37
9002 99
9001 65
9000 15
8999 45
8998 60
8997 39
8996 13
8995 57
8994 14
8993 10
8992 59
8991 93
8990 2
8989 56
8988 72
8987 68
8986 14
8985 51
8984 38
8983 19
8982 37
8981 46
8980 38
8979 17
8978 27
8977 78
8976 9
8975 18
8974 23
8973 93
8972 8
8971 92
8970 42
8969 20
8968 50
8967 88
8966 47
8965 69
8964 30
8963 3
8962 94
8961 61
8960 74
8959 95
8958 25
8957 87
8956 65
8955 79
8954 9
8953 54
8952 99
8951 87
8950 6
8949 74
8948 81
8947 50
8946 97
8945 21
8944 1
8943 69
8942 75
8941 55
8940 3
8939 88
8938 40
8937 61
8936 74
8935 75
8934 29
8933 95
8932 93
8931 42
8930 59
8929 28
8928 56
8927 53
8926 62
8925 9
8924 17
8923 9
8922 100
8921 52
8920 9
8919 39
8918 47
8917 71
8916 44
8915 3
8914 58
8913 80
8912 20
8911 10
8910 71
8909 89
8908 60
8907 59
8906 20
8905 29
8904 44
8903 89
8902 80
8901 47
8900 3
8899 69
8898 7
8897 18
8896 4
8895 5
8894 71
8893 76
8892 77
8891 98
8890 51
8889 34
8888 89
8887 74
8886 90
8885 44
8884 74
8883 2
8882 95
8881 86
8880 6
8879 11
8878 46
8877 55
8876 26
8875 80
8874 37
8873 82
8872 97
8871 37
8870 71
8869 12
8868 14
8867 53
8866 32
8865 12
8864 72
8863 2
8862 26
8861 63
8860 4
8859 32
8858 76
8857 90
8856 67
8855 24
8854 93
8853 46
8852 21
8851 21
8850 4
8849 72
8848 98
8847 49
8846 12
8845 68
8844 36
8843 4
8842 98
8841 74
8840 20
8839 2
8838 20
8837 74
8836 86
8835 45
8834 57
8833 13
8832 34
8831 33
8830 99
8829 19
8828 70
8827 97
8826 7
8825 44
8824 69
8823 41
8822 79
8821 6
8820 31
8819 57
8818 77
8817 73
8816 43
8815 2
8814 27
8813 19
8812 73
8811 24
8810 100
8809 74
8808 5
8807 36
8806 25
8805 76
8804 2
8803 83
8802 2
8801 78
8800 86
8799 98
8798 33
8797 39
8796 39
8795 53
8794 97
8793 68
8792 33
8791 73
8790 50
8789 29
8788 48
8787 37
8786 8
8785 90
8784 20
8783 90
8782 50
8781 74
8780 38
8779 28
8778 91
8777 95
8776 95
8775 70
8774 73
8773 39
8772 63
8771 36
8770 28
8769 71
8768 68
8767 53
8766 45
8765 71
8764 99
8763 27
8762 29
8761 13
8760 39
8759 61
8758 28
8757 100
8756 46
8755 29
8754 57
8753 87
8752 94
8751 36
8750 38
8749 99
8748 56
8747 80
8746 36
8745 34
8744 59
8743 40
8742 60
8741 10
8740 22
8739 97
8738 93
8737 70
8736 91
8735 15
8734 52
8733 40
8732 93
8731 92
8730 3
8729 56
8728 83
8727 69
8726 13
8725 68
8724 59
8723 79
8722 47
8721 48
8720 38
8719 86
8718 5
8717 69
8716 17
8715 65
8714 38
8713 48
8712 86
8711 69
8710 67
8709 77
8708 89
8707 0
8706 21
8705 32
8704 89
8703 25
8702 49
8701 52
8700 39
8699 49
8698 22
8697 0
8696 55
8695 63
8694 35
8693 71
8692 89
8691 35
8690 1
8689 33
8688 44
8687 4
8686 86
8685 99
8684 53
8683 52
8682 66
8681 9
8680 64
8679 20
8678 29
8677 86
8676 59
8675 55
8674 80
8673 41
8672 33
8671 42
8670 57
8669 65
8668 22
8667 26
8666 21
8665 21
8664 68
8663 17
8662 49
8661 54
8660 11
8659 25
8658 92
8657 26
8656 20
8655 69
8654 22
8653 18
8652 15
8651 26
8650 37
8649 38
8648 60
8647 43
8646 8
8645 14
8644 5
8643 84
8642 96
8641 45
8640 89
8639 68
8638 51
8637 45
8636 99
8635 21
8634 5
8633 37
8632 54
8631 48
8630 63
8629 12
8628 38
8627 42
8626 57
8625 50
8624 36
8623 81
8622 65
8621 11
8620 31
8619 7
8618 77
8617 38
8616 15
8615 27
8614 87
8613 20
8612 21
8611 92
8610 54
8609 86
8608 10
8607 94
8606 57
8605 2
8604 48
8603 68
8602 55
8601 18
8600 7
8599 68
8598 77
8597 90
8596 1
8595 5
8594 5
8593 76
8592 72
8591 54
8590 59
8589 31
8588 53
8587 31
8586 95
8585 16
8584 25
8583 47
8582 25
8581 80
8580 34
8579 17
8578 44
8577 9
8576 31
8575 53
8574 58
8573 30
8572 63
8571 55
8570 39
8569 96
8568 72
8567 29
8566 13
8565 35
8564 95
8563 55
8562 0
8561 96
8560 37
8559 76
8558 44
8557 5
8556 12
8555 21
8554 75
8553 67
8552 97
8551 84
8550 91
8549 97
8548 10
8547 52
8546 71
8545 37
8544 22
8543 20
8542 15
8541 62
8540 60
8539 60
8538 36
8537 36
8536 31
8535 2
8534 39
8533 14
8532 43
8531 62
8530 26
8529 58
8528 31
8527 33
8526 8
8525 61
8524 17
8523 61
8522 79
8521 39
8520 32
8519 28
8518 0
8517 40
8516 73
8515 98
8514 53
8513 21
8512 35
8511 91
8510 22
8509 32
8508 59
8507 0
8506 98
8505 19
8504 84
8503 29
8502 61
8501 46
8500 88
8499 90
8498 88
8497 64
8496 73
8495 47
8494 87
8493 65
8492 45
8491 47
8490 100
8489 11
8488 63
8487 74
8486 39
8485 49
8484 69
8483 28
8482 95
8481 54
8480 55
8479 71
8478 69
8477 56
8476 48
8475 39
8474 2
8473 76
8472 83
8471 15
8470 30
8469 97
8468 73
8467 68
8466 38
8465 32
8464 68
8463 37
8462 46
8461 22
8460 74
8459 13
8458 27
8457 74
8456 25
8455 86
8454 0
8453 30
8452 49
8451 100
8450 33
8449 39
8448 78
8447 77
8446 20
8445 79
8444 17
8443 77
8442 79
8441 70
8440 34
8439 70
8438 10
8437 87
8436 76
8435 40
8434 22
8433 20
8432 52
8431 32
8430 21
8429 58
8428 50
8427 75
8426 94
8425 52
8424 28
8423 56
8422 58
8421 31
8420 66
8419 47
8418 68
8417 35
8416 48
8415 86
8414 61
8413 44
8412 17
8411 86
8410 64
8409 74
8408 84
8407 77
8406 53
8405 77
8404 8
8403 9
8402 72
8401 81
8400 33
8399 42
8398 31
8397 47
8396 31
8395 69
8394 8
8393 75
8392 10
8391 3
8390 63
8389 66
8388 23
8387 77
8386 90
8385 40
8384 0
8383 58
8382 21
8381 94
8380 49
8379 41
8378 69
8377 45
8376 33
8375 87
8374 13
8373 49
8372 67
8371 4
8370 86
8369 38
8368 80
8367 8
8366 11
8365 72
8364 52
8363 87
8362 28
8361 83
8360 67
8359 65
8358 46
8357 51
8356 32
8355 80
8354 70
8353 82
8352 26
8351 45
8350 76
8349 63
8348 6
8347 95
8346 60
8345 2
8344 52
8343 31
8342 29
8341 39
8340 39
8339 55
8338 99
8337 10
8336 37
8335 48
8334 68
8333 22
8332 40
8331 30
8330 51
8329 46
8328 3
8327 94
8326 4
8325 93
8324 95
8323 23
8322 41
8321 70
8320 35
8319 67
8318 48
8317 2
8316 26
8315 6
8314 59
8313 8
8312 70
8311 0
8310 80
8309 100
8308 73
8307 95
8306 27
8305 80
8304 98
8303 78
8302 41
8301 61
8300 96
8299 100
8298 89
8297 21
8296 43
8295 44
8294 55
8293 22
8292 58
8291 86
8290 3
8289 68
8288 55
8287 10
8286 26
8285 24
8284 21
8283 85
8282 11
8281 76
8280 47
8279 11
8278 73
8277 74
8276 66
8275 53
8274 78
8273 63
8272 54
8271 3
8270 61
8269 90
8268 41
8267 39
8266 20
8265 92
8264 11
8263 75
8262 56
8261 49
8260 60
8259 57
8258 67
8257 52
8256 51
8255 1
8254 22
8253 48
8252 48
8251 91
8250 95
8249 53
8248 51
8247 21
8246 43
8245 48
8244 79
8243 21
8242 68
8241 17
8240 50
8239 44
8238 71
8237 23
8236 70
8235 3
8234 90
8233 39
8232 39
8231 30
8230 14
8229 18
8228 50
8227 44
8226 71
8225 57
8224 52
8223 90
8222 99
8221 98
8220 0
8219 16
8218 65
8217 28
8216 42
8215 88
8214 16
8213 31
8212 40
8211 12
8210 98
8209 67
8208 81
8207 31
8206 91
8205 66
8204 42
8203 62
8202 27
8201 68
8200 91
8199 6
8198 61
8197 100
8196 30
8195 61
8194 17
8193 15
8192 31
8191 43
8190 80
8189 9
8188 98
8187 88
8186 81
8185 53
8184 72
8183 30
8182 16
8181 88
8180 43
8179 50
8178 79
8177 68
8176 9
8175 76
8174 72
8173 77
8172 5
8171 18
8170 7
8169 26
8168 63
8167 33
8166 57
8165 41
8164 76
8163 72
8162 43
8161 78
8160 91
8159 61
8158 96
8157 83
8156 100
8155 80
8154 93
8153 44
8152 84
8151 68
8150 68
8149 65
8148 60
8147 21
8146 44
8145 60
8144 89
8143 6
8142 88
8141 28
8140 91
8139 96
8138 63
8137 83
8136 54
8135 77
8134 22
8133 84
8132 38
8131 58
8130 40
8129 59
8128 73
8127 88
8126 73
8125 0
8124 23
8123 26
8122 11
8121 8
8120 2
8119 99
8118 46
8117 78
8116 23
8115 66
8114 8
8113 92
8112 85
8111 40
8110 63
8109 79
8108 11
8107 15
8106 76
8105 34
8104 60
8103 10
8102 68
8101 84
8100 35
8099 7
8098 49
8097 0
8096 33
8095 87
8094 64
8093 47
8092 40
8091 69
8090 14
8089 81
8088 81
8087 88
8086 90
8085 75
8084 20
8083 49
8082 90
8081 65
8080 37
8079 65
8078 23
8077 57
8076 30
8075 0
8074 52
8073 63
8072 75
8071 57
8070 17
8069 91
8068 78
8067 29
8066 37
8065 96
8064 48
8063 10
8062 90
8061 9
8060 86
8059 66
8058 56
8057 81
8056 9
8055 27
8054 20
8053 3
8052 89
8051 87
8050 1
8049 48
8048 34
8047 81
8046 31
8045 85
8044 62
8043 100
8042 73
8041 60
8040 68
8039 58
8038 26
8037 93
8036 95
8035 18
8034 3
8033 59
8032 84
8031 94
8030 15
8029 18
8028 45
8027 83
8026 87
8025 18
8024 49
8023 37
8022 35
8021 63
8020 93
8019 74
8018 46
8017 55
8016 77
8015 27
8014 31
8013 28
8012 19
8011 54
8010 69
8009 4
8008 78
8007 9
8006 31
8005 64
8004 58
8003 75
8002 49
8001 61
8000 55
7999 85
7998 78
7997 39
7996 53
7995 69
7994 77
7993 53
7992 58
7991 78
7990 33
7989 76
7988 64
7987 72
7986 78
7985 8
7984 97
7983 97
7982 52
7981 92
7980 47
7979 3
7978 31
7977 37
7976 86
7975 0
7974 97
7973 76
7972 4
7971 25
7970 72
7969 42
7968 31
7967 98
7966 78
7965 0
7964 1
7963 51
7962 10
7961 66
7960 12
7959 97
7958 13
7957 58
7956 28
7955 69
7954 33
7953 17
7952 72
7951 30
7950 54
7949 9
7948 79
7947 4
7946 80
7945 55
7944 90
7943 50
7942 84
7941 30
7940 90
7939 14
7938 55
7937 16
7936 87
7935 95
7934 20
7933 40
7932 94
7931 11
7930 96
7929 84
7928 15
7927 93
7926 80
7925 35
7924 93
7923 55
7922 36
7921 98
7920 79
7919 77
7918 62
7917 40
7916 9
7915 89
7914 74
7913 35
7912 75
7911 72
7910 58
7909 11
7908 80
7907 68
7906 49
7905 70
7904 60
7903 32
7902 97
7901 51
7900 47
7899 52
7898 98
7897 91
7896 3
7895 43
7894 8
7893 94
7892 18
7891 17
7890 55
7889 71
7888 24
7887 65
7886 45
7885 4
7884 56
7883 38
7882 39
7881 50
7880 53
7879 45
7878 50
7877 80
7876 97
7875 63
7874 44
7873 69
7872 73
7871 1
7870 2
7869 26
7868 62
7867 8
7866 95
7865 82
7864 7
7863 83
7862 69
7861 9
7860 94
7859 2
7858 85
7857 19
7856 72
7855 27
7854 19
7853 10
7852 42
7851 29
7850 10
7849 39
7848 73
7847 14
7846 86
7845 81
7844 8
7843 75
7842 12
7841 98
7840 44
7839 64
7838 69
7837 15
7836 85
7835 18
7834 62
7833 43
7832 79
7831 11
7830 26
7829 12
7828 84
7827 80
7826 47
7825 72
7824 49
7823 85
7822 96
7821 98
7820 90
7819 52
7818 49
7817 77
7816 91
7815 23
7814 3
7813 45
7812 80
7811 88
7810 99
7809 86
7808 35
7807 45
7806 69
7805 27
7804 69
7803 71
7802 35
7801 43
7800 66
7799 94
7798 3
7797 97
7796 81
7795 29
7794 97
7793 16
7792 23
7791 84
7790 39
7789 5
7788 14
7787 20
7786 88
7785 28
7784 20
7783 15
7782 51
7781 20
7780 14
7779 80
7778 45
7777 78
7776 31
7775 65
7774 28
7773 15
7772 21
7771 43
7770 40
7769 42
7768 65
7767 44
7766 98
7765 28
7764 79
7763 95
7762 66
7761 52
7760 12
7759 7
7758 58
7757 51
7756 91
7755 70
7754 73
7753 97
7752 1
7751 59
7750 20
7749 38
7748 78
7747 24
7746 77
7745 42
7744 4
7743 90
7742 80
7741 26
7740 20
7739 87
7738 72
7737 49
7736 7
7735 75
7734 10
7733 5
7732 66
7731 4
7730 14
7729 85
7728 6
7727 28
7726 97
7725 1
7724 50
7723 54
7722 70
7721 3
7720 53
7719 88
7718 64
7717 41
7716 6
7715 78
7714 77
7713 82
7712 94
7711 13
7710 61
7709 75
7708 58
7707 33
7706 100
7705 7
7704 33
7703 34
7702 9
7701 47
7700 40
7699 23
7698 98
7697 79
7696 89
7695 96
7694 54
7693 94
7692 89
7691 29
7690 74
7689 86
7688 77
7687 94
7686 67
7685 9
7684 54
7683 92
7682 21
7681 83
7680 97
7679 73
7678 84
7677 52
7676 38
7675 87
7674 24
7673 79
7672 29
7671 34
7670 34
7669 59
7668 25
7667 57
7666 29
7665 42
7664 4
7663 88
7662 45
7661 10
7660 70
7659 39
7658 6
7657 89
7656 79
7655 89
7654 84
7653 28
7652 0
7651 51
7650 51
7649 73
7648 0
7647 51
7646 45
7645 53
7644 14
7643 97
7642 69
7641 64
7640 21
7639 0
7638 27
7637 43
7636 34
7635 37
7634 20
7633 4
7632 85
7631 10
7630 83
7629 3
7628 34
7627 52
7626 19
7625 48
7624 43
7623 71
7622 96
7621 0
7620 34
7619 92
7618 87
7617 44
7616 78
7615 44
7614 86
7613 72
7612 78
7611 83
7610 41
7609 24
7608 67
7607 53
7606 52
7605 45
7604 93
7603 93
7602 6
7601 96
7600 98
7599 90
7598 7
7597 12
7596 50
7595 62
7594 93
7593 72
7592 53
7591 86
7590 77
7589 80
7588 53
7587 17
7586 91
7585 85
7584 7
7583 63
7582 13
7581 52
7580 44
7579 51
7578 70
7577 63
7576 60
7575 72
7574 35
7573 70
7572 20
7571 85
7570 31
7569 78
7568 13
7567 44
7566 41
7565 87
7564 92
7563 13
7562 99
7561 3
7560 34
7559 17
7558 79
7557 85
7556 46
7555 100
7554 100
7553 77
7552 60
7551 55
7550 9
7549 37
7548 4
7547 16
7546 52
7545 23
7544 81
7543 59
7542 87
7541 43
7540 72
7539 49
7538 38
7537 59
7536 32
7535 51
7534 74
7533 10
7532 22
7531 90
7530 92
7529 88
7528 76
7527 88
7526 51
7525 56
7524 93
7523 33
7522 42
7521 42
7520 18
7519 56
7518 74
7517 74
7516 33
7515 90
7514 64
7513 64
7512 82
7511 83
7510 15
7509 81
7508 94
7507 20
7506 62
7505 77
7504 98
7503 56
7502 88
7501 68
7500 22
7499 59
7498 40
7497 83
7496 12
7495 80
7494 52
7493 38
7492 8
7491 52
7490 31
7489 46
7488 85
7487 46
7486 79
7485 54
7484 59
7483 73
7482 52
7481 57
7480 26
7479 24
7478 65
7477 23
7476 80
7475 35
7474 57
7473 40
7472 57
7471 53
7470 11
7469 3
7468 43
7467 45
7466 76
7465 13
7464 11
7463 67
7462 24
7461 31
7460 75
7459 95
7458 60
7457 19
7456 62
7455 87
7454 61
7453 37
7452 98
7451 76
7450 95
7449 5
7448 90
7447 8
7446 69
7445 89
7444 15
7443 23
7442 55
7441 5
7440 63
7439 26
7438 78
7437 21
7436 34
7435 61
7434 21
7433 67
7432 56
7431 67
7430 69
7429 68
7428 49
7427 25
7426 16
7425 70
7424 94
7423 30
7422 28
7421 14
7420 48
7419 88
7418 36
7417 68
7416 88
7415 23
7414 88
7413 85
7412 77
7411 64
7410 38
7409 76
7408 39
7407 42
7406 8
7405 23
7404 8
7403 65
7402 100
7401 62
7400 4
7399 37
7398 44
7397 65
7396 61
7395 55
7394 2
7393 83
7392 30
7391 88
7390 69
7389 54
7388 41
7387 92
7386 24
7385 9
7384 91
7383 39
7382 44
7381 9
7380 51
7379 79
7378 95
7377 5
7376 26
7375 33
7374 6
7373 80
7372 10
7371 52
7370 29
7369 63
7368 37
7367 100
7366 59
7365 95
7364 16
7363 67
7362 4
7361 40
7360 0
7359 59
7358 39
7357 18
7356 64
7355 75
7354 63
7353 33
7352 39
7351 9
7350 2
7349 78
7348 91
7347 11
7346 98
7345 27
7344 57
7343 90
7342 74
7341 67
7340 50
7339 88
7338 92
7337 33
7336 87
7335 93
7334 37
7333 33
7332 26
7331 45
7330 61
7329 29
7328 6
7327 19
7326 89
7325 65
7324 63
7323 46
7322 57
7321 31
7320 11
7319 72
7318 77
7317 67
7316 47
7315 47
7314 67
7313 7
7312 75
7311 60
7310 35
7309 14
7308 42
7307 26
7306 55
7305 67
7304 55
7303 32
7302 66
7301 30
7300 44
7299 88
7298 57
7297 41
7296 16
7295 47
7294 32
7293 53
7292 57
7291 83
7290 45
7289 8
7288 22
7287 62
7286 19
7285 23
7284 68
7283 29
7282 47
7281 5
7280 95
7279 43
7278 60
7277 13
7276 53
7275 64
7274 75
7273 23
7272 40
7271 66
7270 51
7269 18
7268 23
7267 40
7266 80
7265 81
7264 57
7263 2
7262 91
7261 97
7260 63
7259 47
7258 92
7257 10
7256 45
7255 98
7254 33
7253 21
7252 83
7251 63
7250 8
7249 24
7248 94
7247 63
7246 78
7245 65
7244 43
7243 33
7242 40
7241 13
7240 61
7239 27
7238 89
7237 14
7236 49
7235 52
7234 62
7233 86
7232 65
7231 35
7230 82
7229 96
7228 35
7227 6
7226 29
7225 47
7224 25
7223 9
7222 41
7221 86
7220 79
7219 26
7218 31
7217 19
7216 16
7215 36
7214 10
7213 32
7212 80
7211 90
7210 9
7209 87
7208 84
7207 23
7206 49
7205 91
7204 32
7203 27
7202 63
7201 4
7200 74
7199 60
7198 41
7197 12
7196 7
7195 88
7194 30
7193 47
7192 23
7191 7
7190 2
7189 23
7188 1
7187 12
7186 46
7185 50
7184 38
7183 19
7182 80
7181 27
7180 61
7179 52
7178 50
7177 63
7176 12
7175 55
7174 38
7173 7
7172 5
7171 52
7170 33
7169 55
7168 92
7167 58
7166 30
7165 16
7164 58
7163 26
7162 97
7161 91
7160 46
7159 93
7158 23
7157 3
7156 15
7155 27
7154 11
7153 44
7152 52
7151 54
7150 5
7149 60
7148 100
7147 74
7146 32
7145 3
7144 57
7143 4
7142 3
7141 46
7140 46
7139 94
7138 45
7137 56
7136 13
7135 1
7134 42
7133 56
7132 12
7131 32
7130 76
7129 95
7128 75
7127 2
7126 51
7125 94
7124 78
7123 23
7122 67
7121 42
7120 9
7119 47
7118 19
7117 4
7116 15
7115 72
7114 39
7113 65
7112 18
7111 51
7110 92
7109 6
7108 1
7107 73
7106 14
7105 52
7104 97
7103 20
7102 22
7101 60
7100 54
7099 38
7098 97
7097 12
7096 84
7095 8
7094 57
7093 88
7092 86
7091 1
7090 48
7089 89
7088 47
7087 27
7086 23
7085 88
7084 95
7083 84
7082 16
7081 20
7080 59
7079 62
7078 74
7077 38
7076 77
7075 74
7074 85
7073 21
7072 62
7071 77
7070 60
7069 88
7068 91
7067 63
7066 30
7065 21
7064 49
7063 11
7062 4
7061 59
7060 98
7059 63
7058 73
7057 98
7056 6
7055 4
7054 40
7053 84
7052 21
7051 17
7050 46
7049 95
7048 66
7047 35
7046 34
7045 61
7044 27
7043 59
7042 67
7041 49
7040 30
7039 91
7038 26
7037 96
7036 22
7035 5
7034 37
7033 87
7032 23
7031 18
7030 77
7029 65
7028 25
7027 46
7026 30
7025 13
7024 36
7023 88
7022 34
7021 85
7020 43
7019 94
7018 58
7017 68
7016 78
7015 58
7014 48
7013 33
7012 10
7011 90
7010 48
7009 73
7008 87
7007 10
7006 13
7005 72
7004 58
7003 41
7002 41
7001 53
7000 60
6999 86
6998 17
6997 81
6996 40
6995 1
6994 33
6993 91
6992 56
6991 26
6990 33
6989 96
6988 9
6987 12
6986 68
6985 1
6984 55
6983 83
6982 64
6981 36
6980 8
6979 59
6978 83
6977 66
6976 8
6975 87
6974 23
6973 90
6972 7
6971 78
6970 57
6969 45
6968 74
6967 13
6966 97
6965 88
6964 8
6963 92
6962 50
6961 50
6960 5
6959 70
6958 47
6957 76
6956 6
6955 54
6954 85
6953 88
6952 46
6951 17
6950 75
6949 29
6948 8
6947 48
6946 54
6945 59
6944 20
6943 39
6942 24
6941 99
6940 93
6939 33
6938 78
6937 54
6936 21
6935 2
6934 33
6933 47
6932 48
6931 30
6930 58
6929 26
6928 45
6927 77
6926 19
6925 42
6924 4
6923 59
6922 73
6921 26
6920 15
6919 64
6918 20
6917 8
6916 91
6915 74
6914 57
6913 67
6912 86
6911 54
6910 51
6909 33
6908 89
6907 56
6906 7
6905 4
6904 38
6903 33
6902 65
6901 71
6900 10
6899 70
6898 9
6897 38
6896 20
6895 51
6894 51
6893 77
6892 98
6891 17
6890 27
6889 94
6888 21
6887 8
6886 19
6885 88
6884 42
6883 93
6882 9
6881 50
6880 57
6879 37
6878 18
6877 59
6876 92
6875 67
6874 0
6873 16
6872 45
6871 37
6870 44
6869 79
6868 18
6867 77
6866 96
6865 100
6864 4
6863 27
6862 49
6861 43
6860 91
6859 74
6858 62
6857 36
6856 43
6855 29
6854 98
6853 86
6852 43
6851 90
6850 21
6849 19
6848 58
6847 72
6846 68
6845 32
6844 23
6843 59
6842 73
6841 35
6840 68
6839 88
6838 52
6837 79
6836 99
6835 72
6834 80
6833 86
6832 37
6831 9
6830 84
6829 24
6828 80
6827 26
6826 49
6825 90
6824 94
6823 79
6822 43
6821 38
6820 73
6819 93
6818 32
6817 6
6816 27
6815 60
6814 27
6813 9
6812 49
6811 35
6810 17
6809 93
6808 27
6807 90
6806 1
6805 71
6804 95
6803 6
6802 62
6801 99
6800 51
6799 98
6798 35
6797 79
6796 42
6795 25
6794 99
6793 57
6792 13
6791 30
6790 26
6789 82
6788 31
6787 39
6786 64
6785 43
6784 91
6783 8
6782 47
6781 21
6780 68
6779 79
6778 31
6777 38
6776 80
6775 56
6774 23
6773 75
6772 17
6771 98
6770 22
6769 61
6768 12
6767 6
6766 51
6765 24
6764 25
6763 90
6762 28
6761 79
6760 17
6759 53
6758 81
6757 98
6756 44
6755 40
6754 76
6753 43
6752 75
6751 89
6750 6
6749 37
6748 93
6747 98
6746 38
6745 36
6744 57
6743 38
6742 16
6741 51
6740 6
6739 90
6738 20
6737 77
6736 28
6735 55
6734 99
6733 56
6732 7
6731 23
6730 13
6729 59
6728 62
6727 94
6726 10
6725 19
6724 43
6723 51
6722 44
6721 52
6720 64
6719 80
6718 97
6717 31
6716 98
6715 92
6714 32
6713 65
6712 97
6711 55
6710 4
6709 34
6708 26
6707 60
6706 4
6705 76
6704 99
6703 34
6702 15
6701 37
6700 26
6699 20
6698 74
6697 58
6696 59
6695 18
6694 35
6693 84
6692 40
6691 86
6690 35
6689 78
6688 9
6687 26
6686 16
6685 70
6684 82
6683 39
6682 80
6681 79
6680 59
6679 45
6678 61
6677 39
6676 41
6675 11
6674 22
6673 9
6672 64
6671 65
6670 24
6669 61
6668 84
6667 99
6666 91
6665 68
6664 45
6663 54
6662 84
6661 25
6660 37
6659 30
6658 34
6657 49
6656 85
6655 95
6654 34
6653 60
6652 8
6651 32
6650 3
6649 42
6648 82
6647 65
6646 10
6645 41
6644 98
6643 26
6642 32
6641 86
6640 35
6639 10
6638 95
6637 6
6636 73
6635 25
6634 57
6633 87
6632 91
6631 3
6630 34
6629 92
6628 97
6627 96
6626 14
6625 17
6624 79
6623 26
6622 31
6621 26
6620 26
6619 25
6618 35
6617 27
6616 50
6615 100
6614 90
6613 23
6612 40
6611 28
6610 11
6609 85
6608 89
6607 41
6606 87
6605 44
6604 23
6603 8
6602 89
6601 43
6600 79
6599 47
6598 31
6597 10
6596 53
6595 54
6594 81
6593 92
6592 86
6591 20
6590 87
6589 53
6588 95
6587 52
6586 11
6585 47
6584 31
6583 39
6582 26
6581 10
6580 45
6579 100
6578 13
6577 57
6576 100
6575 45
6574 73
6573 26
6572 42
6571 32
6570 41
6569 94
6568 16
6567 89
6566 47
6565 91
6564 9
6563 96
6562 58
6561 53
6560 57
6559 5
6558 32
6557 78
6556 32
6555 37
6554 34
6553 88
6552 65
6551 3
6550 45
6549 28
6548 50
6547 65
6546 43
6545 2
6544 17
6543 14
6542 20
6541 30
6540 58
6539 7
6538 74
6537 98
6536 76
6535 26
6534 32
6533 21
6532 13
6531 5
6530 61
6529 32
6528 18
6527 14
6526 53
6525 22
6524 60
6523 81
6522 17
6521 9
6520 16
6519 43
6518 83
6517 78
6516 68
6515 76
6514 14
6513 89
6512 43
6511 86
6510 13
6509 57
6508 66
6507 27
6506 2
6505 27
6504 11
6503 94
6502 24
6501 76
6500 58
6499 76
6498 98
6497 97
6496 45
6495 15
6494 30
6493 9
6492 8
6491 44
6490 91
6489 80
6488 26
6487 99
6486 70
6485 47
6484 33
6483 48
6482 36
6481 53
6480 13
6479 34
6478 67
6477 78
6476 84
6475 67
6474 26
6473 62
6472 70
6471 34
6470 63
6469 68
6468 83
6467 53
6466 32
6465 35
6464 73
6463 9
6462 88
6461 48
6460 16
6459 33
6458 59
6457 8
6456 2
6455 92
6454 24
6453 68
6452 61
6451 13
6450 69
6449 57
6448 24
6447 28
6446 48
6445 38
6444 1
6443 94
6442 72
6441 17
6440 6
6439 3
6438 93
6437 54
6436 70
6435 94
6434 0
6433 27
6432 71
6431 82
6430 48
6429 72
6428 59
6427 58
6426 16
6425 11
6424 94
6423 2
6422 34
6421 64
6420 75
6419 20
6418 50
6417 39
6416 21
6415 89
6414 58
6413 8
6412 7
6411 89
6410 20
6409 56
6408 1
6407 7
6406 60
6405 88
6404 16
6403 29
6402 69
6401 0
6400 45
6399 26
6398 7
6397 45
6396 7
6395 16
6394 52
6393 86
6392 3
6391 69
6390 33
6389 98
6388 80
6387 38
6386 51
6385 27
6384 1
6383 54
6382 17
6381 25
6380 78
6379 40
6378 41
6377 1
6376 39
6375 11
6374 81
6373 15
6372 59
6371 26
6370 0
6369 7
6368 37
6367 54
6366 94
6365 90
6364 74
6363 23
6362 48
6361 39
6360 46
6359 83
6358 55
6357 61
6356 40
6355 58
6354 12
6353 24
6352 15
6351 49
6350 83
6349 16
6348 79
6347 51
6346 88
6345 66
6344 63
6343 68
6342 99
6341 30
6340 74
6339 100
6338 30
6337 28
6336 49
6335 7
6334 97
6333 49
6332 63
6331 63
6330 24
6329 98
6328 48
6327 73
6326 81
6325 68
6324 63
6323 26
6322 69
6321 77
6320 77
6319 86
6318 66
6317 14
6316 59
6315 20
6314 88
6313 10
6312 56
6311 61
6310 3
6309 64
6308 3
6307 17
6306 60
6305 85
6304 78
6303 93
6302 17
6301 97
6300 39
6299 56
6298 16
6297 100
6296 48
6295 82
6294 75
6293 26
6292 28
6291 71
6290 17
6289 50
6288 45
6287 11
6286 49
6285 15
6284 21
6283 68
6282 73
6281 34
6280 63
6279 2
6278 13
6277 1
6276 17
6275 88
6274 12
6273 62
6272 31
6271 50
6270 34
6269 95
6268 68
6267 47
6266 67
6265 10
6264 58
6263 62
6262 35
6261 78
6260 16
6259 30
6258 86
6257 57
6256 40
6255 9
6254 3
6253 1
6252 96
6251 73
6250 62
6249 43
6248 10
6247 72
6246 61
6245 6
6244 4
6243 83
6242 87
6241 22
6240 85
6239 76
6238 42
6237 91
6236 7
6235 7
6234 52
6233 15
6232 83
6231 71
6230 3
6229 16
6228 54
6227 38
6226 36
6225 63
6224 5
6223 58
6222 73
6221 68
6220 13
6219 15
6218 50
6217 55
6216 24
6215 76
6214 24
6213 98
6212 2
6211 30
6210 97
6209 2
6208 62
6207 88
6206 4
6205 94
6204 1
6203 65
6202 48
6201 32
6200 93
6199 47
6198 61
6197 2
6196 53
6195 81
6194 67
6193 36
6192 32
6191 44
6190 21
6189 53
6188 48
6187 31
6186 98
6185 63
6184 55
6183 25
6182 76
6181 36
6180 13
6179 12
6178 80
6177 81
6176 50
6175 65
6174 4
6173 93
6172 64
6171 31
6170 4
6169 41
6168 32
6167 23
6166 44
6165 39
6164 11
6163 16
6162 93
6161 46
6160 97
6159 85
6158 20
6157 40
6156 68
6155 47
6154 0
6153 49
6152 98
6151 60
6150 37
6149 33
6148 1
6147 47
6146 92
6145 4
6144 39
6143 71
6142 14
6141 57
6140 59
6139 43
6138 88
6137 30
6136 45
6135 84
6134 80
6133 91
6132 60
6131 87
6130 48
6129 40
6128 68
6127 85
6126 97
6125 83
6124 50
6123 81
6122 83
6121 31
6120 85
6119 51
6118 83
6117 0
6116 74
6115 88
6114 31
6113 37
6112 37
6111 25
6110 65
6109 47
6108 8
6107 60
6106 3
6105 26
6104 67
6103 23
6102 81
6101 6
6100 42
6099 97
6098 34
6097 34
6096 45
6095 38
6094 81
6093 53
6092 68
6091 100
6090 35
6089 100
6088 6
6087 64
6086 59
6085 57
6084 40
6083 51
6082 61
6081 31
6080 28
6079 5
6078 94
6077 24
6076 100
6075 34
6074 84
6073 8
6072 34
6071 54
6070 19
6069 23
6068 50
6067 61
6066 99
6065 83
6064 16
6063 88
6062 61
6061 40
6060 47
6059 43
6058 56
6057 48
6056 44
6055 23
6054 8
6053 39
6052 95
6051 30
6050 17
6049 83
6048 82
6047 83
6046 100
6045 62
6044 75
6043 17
6042 54
6041 5
6040 33
6039 85
6038 61
6037 31
6036 48
6035 36
6034 50
6033 93
6032 42
6031 30
6030 25
6029 59
6028 59
6027 93
6026 60
6025 89
6024 51
6023 44
6022 45
6021 1
6020 2
6019 0
6018 83
6017 9
6016 79
6015 11
6014 48
6013 71
6012 61
6011 33
6010 1
6009 10
6008 56
6007 72
6006 53
6005 62
6004 88
6003 70
6002 43
6001 56
6000 82
5999 24
5998 89
5997 100
5996 14
5995 90
5994 18
5993 70
5992 93
5991 61
5990 43
5989 99
5988 49
5987 44
5986 52
5985 19
5984 7
5983 55
5982 96
5981 66
5980 25
5979 52
5978 19
5977 81
5976 1
5975 12
5974 63
5973 96
5972 44
5971 55
5970 26
5969 51
5968 57
5967 99
5966 28
5965 34
5964 34
5963 18
5962 56
5961 45
5960 30
5959 54
5958 32
5957 45
5956 22
5955 25
5954 58
5953 32
5952 18
5951 40
5950 85
5949 15
5948 20
5947 32
5946 22
5945 14
5944 55
5943 82
5942 5
5941 29
5940 85
5939 75
5938 37
5937 73
5936 58
5935 27
5934 48
5933 5
5932 9
5931 78
5930 89
5929 3
5928 25
5927 14
5926 43
5925 55
5924 60
5923 6
5922 62
5921 16
5920 78
5919 94
5918 90
5917 26
5916 92
5915 98
5914 99
5913 24
5912 36
5911 38
5910 27
5909 34
5908 18
5907 55
5906 51
5905 60
5904 86
5903 58
5902 13
5901 75
5900 14
5899 88
5898 51
5897 26
5896 63
5895 2
5894 66
5893 75
5892 100
5891 28
5890 92
5889 61
5888 52
5887 94
5886 53
5885 17
5884 20
5883 84
5882 44
5881 48
5880 28
5879 12
5878 39
5877 1
5876 41
5875 64
5874 43
5873 80
5872 94
5871 20
5870 11
5869 41
5868 74
5867 78
5866 97
5865 67
5864 88
5863 11
5862 84
5861 13
5860 17
5859 33
5858 57
5857 17
5856 93
5855 100
5854 17
5853 92
5852 18
5851 52
5850 58
5849 51
5848 52
5847 94
5846 78
5845 14
5844 35
5843 100
5842 47
5841 15
5840 45
5839 89
5838 89
5837 40
5836 12
5835 77
5834 87
5833 91
5832 31
5831 21
5830 88
5829 40
5828 80
5827 94
5826 14
5825 82
5824 72
5823 22
5822 78
5821 99
5820 22
5819 36
5818 85
5817 73
5816 42
5815 31
5814 8
5813 38
5812 31
5811 44
5810 87
5809 80
5808 2
5807 77
5806 45
5805 91
5804 32
5803 25
5802 50
5801 74
5800 82
5799 97
5798 74
5797 43
5796 46
5795 83
5794 92
5793 14
5792 97
5791 78
5790 33
5789 93
5788 48
5787 60
5786 25
5785 33
5784 7
5783 71
5782 100
5781 41
5780 18
5779 51
5778 100
5777 28
5776 84
5775 34
5774 7
5773 100
5772 64
5771 52
5770 6
5769 93
5768 81
5767 73
5766 12
5765 60
5764 50
5763 45
5762 45
5761 23
5760 74
5759 52
5758 85
5757 87
5756 10
5755 53
5754 60
5753 13
5752 59
5751 8
5750 32
5749 97
5748 89
5747 59
5746 80
5745 28
5744 38
5743 10
5742 47
5741 89
5740 52
5739 34
5738 51
5737 42
5736 61
5735 88
5734 100
5733 32
5732 3
5731 4
5730 78
5729 72
5728 20
5727 76
5726 6
5725 32
5724 94
5723 40
5722 5
5721 22
5720 83
5719 40
5718 46
5717 19
5716 62
5715 35
5714 70
5713 32
5712 78
5711 1
5710 93
5709 95
5708 11
5707 97
5706 7
5705 38
5704 47
5703 31
5702 94
5701 94
5700 37
5699 60
5698 72
5697 29
5696 14
5695 10
5694 56
5693 93
5692 95
5691 93
5690 43
5689 54
5688 33
5687 91
5686 62
5685 8
5684 10
5683 92
5682 1
5681 42
5680 59
5679 47
5678 49
5677 4
5676 87
5675 27
5674 77
5673 58
5672 57
5671 6
5670 51
5669 100
5668 72
5667 96
5666 67
5665 86
5664 36
5663 16
5662 99
5661 76
5660 59
5659 51
5658 25
5657 52
5656 80
5655 92
5654 100
5653 37
5652 33
5651 20
5650 69
5649 72
5648 98
5647 51
5646 8
5645 28
5644 12
5643 60
5642 82
5641 94
5640 41
5639 82
5638 23
5637 68
5636 89
5635 87
5634 18
5633 22
5632 83
5631 98
5630 1
5629 35
5628 68
5627 47
5626 91
5625 62
5624 20
5623 17
5622 40
5621 42
5620 94
5619 69
5618 66
5617 73
5616 55
5615 57
5614 1
5613 71
5612 16
5611 73
5610 13
5609 40
5608 56
5607 82
5606 83
5605 74
5604 33
5603 95
5602 51
5601 93
5600 96
5599 22
5598 70
5597 20
5596 35
5595 34
5594 35
5593 2
5592 53
5591 43
5590 24
5589 20
5588 71
5587 5
5586 28
5585 89
5584 95
5583 74
5582 38
5581 14
5580 46
5579 96
5578 41
5577 31
5576 62
5575 41
5574 46
5573 92
5572 49
5571 76
5570 14
5569 69
5568 3
5567 94
5566 96
5565 65
5564 55
5563 72
5562 13
5561 89
5560 31
5559 38
5558 51
5557 34
5556 19
5555 87
5554 16
5553 72
5552 89
5551 21
5550 32
5549 54
5548 14
5547 62
5546 50
5545 84
5544 73
5543 93
5542 59
5541 17
5540 10
5539 26
5538 54
5537 38
5536 17
5535 96
5534 75
5533 65
5532 10
5531 62
5530 62
5529 62
5528 96
5527 30
5526 84
5525 92
5524 100
5523 52
5522 21
5521 33
5520 75
5519 66
5518 5
5517 89
5516 70
5515 96
5514 48
5513 51
5512 91
5511 15
5510 6
5509 73
5508 94
5507 37
5506 17
5505 54
5504 61
5503 53
5502 39
5501 81
5500 22
5499 39
5498 64
5497 82
5496 12
5495 87
5494 61
5493 66
5492 44
5491 55
5490 51
5489 80
5488 8
5487 76
5486 76
5485 65
5484 4
5483 91
5482 68
5481 76
5480 50
5479 29
5478 28
5477 56
5476 32
5475 77
5474 52
5473 40
5472 21
5471 99
5470 21
5469 39
5468 5
5467 36
5466 99
5465 100
5464 86
5463 91
5462 40
5461 11
5460 44
5459 48
5458 12
5457 28
5456 35
5455 25
5454 66
5453 1
5452 5
5451 80
5450 30
5449 38
5448 24
5447 36
5446 15
5445 47
5444 90
5443 63
5442 58
5441 59
5440 48
5439 24
5438 72
5437 29
5436 44
5435 85
5434 13
5433 40
5432 23
5431 75
5430 87
5429 75
5428 64
5427 76
5426 30
5425 2
5424 79
5423 25
5422 86
5421 75
5420 35
5419 30
5418 48
5417 23
5416 43
5415 14
5414 20
5413 53
5412 17
5411 23
5410 81
5409 79
5408 29
5407 44
5406 44
5405 84
5404 38
5403 48
5402 14
5401 48
5400 59
5399 78
5398 89
5397 22
5396 68
5395 93
5394 34
5393 35
5392 28
5391 3
5390 81
5389 47
5388 51
5387 41
5386 50
5385 80
5384 60
5383 28
5382 44
5381 42
5380 83
5379 71
5378 46
5377 95
5376 12
5375 27
5374 56
5373 70
5372 28
5371 84
5370 59
5369 3
5368 37
5367 56
5366 20
5365 90
5364 88
5363 43
5362 50
5361 24
5360 35
5359 8
5358 9
5357 19
5356 94
5355 19
5354 45
5353 81
5352 72
5351 15
5350 71
5349 87
5348 60
5347 87
5346 76
5345 70
5344 11
5343 59
5342 20
5341 92
5340 42
5339 92
5338 17
5337 65
5336 97
5335 94
5334 38
5333 100
5332 29
5331 10
5330 88
5329 31
5328 44
5327 26
5326 25
5325 39
5324 48
5323 93
5322 7
5321 63
5320 64
5319 34
5318 13
5317 95
5316 64
5315 69
5314 72
5313 25
5312 20
5311 25
5310 34
5309 32
5308 65
5307 6
5306 17
5305 92
5304 96
5303 64
5302 80
5301 52
5300 90
5299 96
5298 70
5297 30
5296 0
5295 60
5294 90
5293 55
5292 1
5291 14
5290 41
5289 34
5288 24
5287 83
5286 70
5285 81
5284 31
5283 19
5282 60
5281 69
5280 45
5279 99
5278 56
5277 14
5276 48
5275 13
5274 82
5273 52
5272 52
5271 18
5270 34
5269 20
5268 41
5267 88
5266 95
5265 27
5264 56
5263 58
5262 15
5261 25
5260 9
5259 25
5258 94
5257 73
5256 86
5255 36
5254 33
5253 62
5252 83
5251 49
5250 24
5249 50
5248 49
5247 83
5246 35
5245 63
5244 69
5243 79
5242 86
5241 10
5240 24
5239 96
5238 50
5237 64
5236 28
5235 41
5234 65
5233 2
5232 24
5231 60
5230 53
5229 85
5228 67
5227 74
5226 42
5225 44
5224 18
5223 43
5222 100
5221 59
5220 9
5219 37
5218 34
5217 37
5216 72
5215 53
5214 15
5213 18
5212 21
5211 4
5210 2
5209 9
5208 29
5207 61
5206 18
5205 27
5204 40
5203 38
5202 54
5201 95
5200 24
5199 70
5198 26
5197 16
5196 38
5195 37
5194 8
5193 84
5192 38
5191 24
5190 40
5189 56
5188 30
5187 10
5186 40
5185 13
5184 73
5183 23
5182 46
5181 25
5180 11
5179 93
5178 14
5177 14
5176 12
5175 34
5174 16
5173 37
5172 50
5171 59
5170 42
5169 96
5168 16
5167 42
5166 92
5165 30
5164 4
5163 90
5162 79
5161 41
5160 29
5159 93
5158 67
5157 28
5156 72
5155 21
5154 49
5153 93
5152 42
5151 46
5150 65
5149 100
5148 57
5147 34
5146 32
5145 39
5144 84
5143 4
5142 33
5141 15
5140 1
5139 47
5138 82
5137 97
5136 55
5135 61
5134 4
5133 7
5132 2
5131 79
5130 3
5129 37
5128 25
5127 98
5126 59
5125 69
5124 28
5123 99
5122 11
5121 99
5120 2
5119 4
5118 29
5117 3
5116 13
5115 46
5114 17
5113 20
5112 6
5111 77
5110 24
5109 87
5108 26
5107 67
5106 7
5105 77
5104 34
5103 100
5102 41
5101 41
5100 73
5099 47
5098 16
5097 59
5096 99
5095 70
5094 59
5093 81
5092 37
5091 39
5090 12
5089 86
5088 86
5087 63
5086 81
5085 66
5084 32
5083 27
5082 85
5081 10
5080 18
5079 71
5078 75
5077 41
5076 55
5075 95
5074 72
5073 5
5072 53
5071 5
5070 38
5069 62
5068 8
5067 95
5066 39
5065 75
5064 13
5063 95
5062 53
5061 29
5060 70
5059 39
5058 82
5057 94
5056 55
5055 21
5054 91
5053 85
5052 65
5051 69
5050 33
5049 55
5048 3
5047 14
5046 63
5045 22
5044 39
5043 46
5042 28
5041 58
5040 34
5039 72
5038 76
5037 16
5036 39
5035 16
5034 82
5033 77
5032 79
5031 29
5030 61
5029 31
5028 74
5027 26
5026 7
5025 76
5024 45
5023 58
5022 76
5021 99
5020 54
5019 10
5018 61
5017 17
5016 3
5015 55
5014 100
5013 33
5012 12
5011 19
5010 64
5009 78
5008 35
5007 90
5006 19
5005 89
5004 90
5003 88
5002 83
5001 10
5000 36
4999 39
4998 71
4997 74
4996 90
4995 36
4994 68
4993 66
4992 10
4991 3
4990 32
4989 77
4988 93
4987 51
4986 45
4985 59
4984 69
4983 38
4982 3
4981 37
4980 100
4979 58
4978 57
4977 50
4976 8
4975 100
4974 2
4973 95
4972 33
4971 91
4970 77
4969 35
4968 89
4967 74
4966 92
4965 68
4964 96
4963 57
4962 90
4961 86
4960 59
4959 39
4958 61
4957 14
4956 31
4955 78
4954 100
4953 93
4952 24
4951 3
4950 73
4949 82
4948 80
4947 16
4946 83
4945 57
4944 62
4943 45
4942 66
4941 69
4940 27
4939 45
4938 89
4937 76
4936 52
4935 47
4934 79
4933 55
4932 20
4931 86
4930 9
4929 77
4928 96
4927 32
4926 14
4925 77
4924 99
4923 15
4922 99
4921 41
4920 42
4919 4
4918 6
4917 42
4916 87
4915 52
4914 72
4913 45
4912 89
4911 0
4910 75
4909 65
4908 67
4907 93
4906 100
4905 64
4904 81
4903 4
4902 39
4901 68
4900 50
4899 45
4898 52
4897 61
4896 12
4895 92
4894 16
4893 83
4892 33
4891 17
4890 17
4889 15
4888 51
4887 96
4886 87
4885 95
4884 18
4883 22
4882 88
4881 0
4880 37
4879 100
4878 60
4877 15
4876 63
4875 14
4874 70
4873 39
4872 62
4871 32
4870 22
4869 28
4868 10
4867 88
4866 74
4865 42
4864 62
4863 89
4862 54
4861 37
4860 54
4859 26
4858 0
4857 40
4856 69
4855 59
4854 5
4853 71
4852 15
4851 65
4850 86
4849 16
4848 61
4847 36
4846 100
4845 69
4844 69
4843 68
4842 37
4841 10
4840 77
4839 100
4838 81
4837 72
4836 33
4835 94
4834 34
4833 45
4832 73
4831 73
4830 75
4829 36
4828 15
4827 28
4826 47
4825 39
4824 29
4823 11
4822 56
4821 45
4820 18
4819 29
4818 0
4817 27
4816 22
4815 30
4814 92
4813 23
4812 63
4811 19
4810 99
4809 74
4808 90
4807 59
4806 48
4805 76
4804 71
4803 15
4802 54
4801 60
4800 84
4799 85
4798 34
4797 18
4796 40
4795 86
4794 55
4793 26
4792 62
4791 48
4790 99
4789 69
4788 94
4787 11
4786 72
4785 25
4784 89
4783 38
4782 39
4781 30
4780 51
4779 71
4778 1
4777 23
4776 15
4775 89
4774 65
4773 47
4772 94
4771 85
4770 46
4769 85
4768 86
4767 61
4766 42
4765 33
4764 61
4763 95
4762 93
4761 89
4760 73
4759 25
4758 94
4757 39
4756 74
4755 87
4754 67
4753 64
4752 49
4751 29
4750 86
4749 72
4748 16
4747 15
4746 95
4745 21
4744 78
4743 96
4742 44
4741 81
4740 37
4739 73
4738 25
4737 56
4736 16
4735 33
4734 59
4733 38
4732 69
4731 20
4730 82
4729 45
4728 13
4727 60
4726 15
4725 78
4724 33
4723 2
4722 50
4721 0
4720 16
4719 27
4718 100
4717 70
4716 100
4715 77
4714 9
4713 61
4712 45
4711 83
4710 87
4709 77
4708 28
4707 43
4706 22
4705 91
4704 30
4703 95
4702 93
4701 58
4700 53
4699 90
4698 83
4697 68
4696 74
4695 92
4694 51
4693 47
4692 2
4691 69
4690 4
4689 49
4688 91
4687 71
4686 16
4685 98
4684 85
4683 20
4682 76
4681 48
4680 87
4679 55
4678 43
4677 31
4676 32
4675 15
4674 56
4673 30
4672 50
4671 25
4670 75
4669 39
4668 71
4667 96
4666 27
4665 72
4664 6
4663 27
4662 93
4661 9
4660 29
4659 84
4658 3
4657 58
4656 35
4655 89
4654 83
4653 59
4652 20
4651 48
4650 32
4649 89
4648 15
4647 21
4646 16
4645 42
4644 74
4643 38
4642 63
4641 59
4640 32
4639 40
4638 79
4637 31
4636 72
4635 98
4634 79
4633 71
4632 72
4631 56
4630 78
4629 57
4628 77
4627 18
4626 9
4625 19
4624 19
4623 0
4622 96
4621 43
4620 44
4619 60
4618 0
4617 53
4616 76
4615 62
4614 85
4613 76
4612 84
4611 94
4610 19
4609 19
4608 48
4607 47
4606 44
4605 25
4604 96
4603 20
4602 8
4601 0
4600 12
4599 8
4598 58
4597 14
4596 92
4595 69
4594 11
4593 4
4592 3
4591 37
4590 54
4589 78
4588 12
4587 67
4586 62
4585 44
4584 89
4583 28
4582 92
4581 95
4580 51
4579 9
4578 68
4577 79
4576 37
4575 48
4574 40
4573 58
4572 14
4571 100
4570 41
4569 44
4568 50
4567 88
4566 78
4565 51
4564 56
4563 35
4562 60
4561 66
4560 61
4559 46
4558 65
4557 48
4556 25
4555 75
4554 60
4553 80
4552 79
4551 78
4550 99
4549 17
4548 99
4547 83
4546 19
4545 53
4544 85
4543 85
4542 80
4541 9
4540 90
4539 77
4538 39
4537 88
4536 13
4535 76
4534 52
4533 35
4532 67
4531 1
4530 46
4529 34
4528 34
4527 16
4526 52
4525 89
4524 33
4523 84
4522 38
4521 47
4520 15
4519 41
4518 64
4517 17
4516 3
4515 4
4514 35
4513 44
4512 70
4511 69
4510 97
4509 24
4508 5
4507 83
4506 58
4505 46
4504 88
4503 12
4502 56
4501 48
4500 3
4499 43
4498 3
4497 77
4496 38
4495 59
4494 67
4493 81
4492 3
4491 54
4490 6
4489 5
4488 44
4487 85
4486 18
4485 12
4484 100
4483 18
4482 84
4481 75
4480 34
4479 47
4478 75
4477 66
4476 76
4475 39
4474 16
4473 89
4472 23
4471 19
4470 3
4469 94
4468 54
4467 100
4466 95
4465 53
4464 97
4463 9
4462 68
4461 11
4460 91
4459 96
4458 73
4457 48
4456 63
4455 45
4454 72
4453 55
4452 30
4451 62
4450 7
4449 73
4448 58
4447 26
4446 42
4445 59
4444 72
4443 74
4442 60
4441 93
4440 75
4439 59
4438 21
4437 27
4436 30
4435 81
4434 79
4433 3
4432 10
4431 77
4430 25
4429 9
4428 17
4427 88
4426 3
4425 100
4424 56
4423 58
4422 81
4421 85
4420 83
4419 40
4418 73
4417 44
4416 88
4415 57
4414 49
4413 66
4412 83
4411 93
4410 6
4409 47
4408 24
4407 9
4406 94
4405 1
4404 79
4403 99
4402 2
4401 58
4400 15
4399 20
4398 36
4397 42
4396 84
4395 85
4394 56
4393 56
4392 71
4391 92
4390 41
4389 54
4388 38
4387 36
4386 86
4385 33
4384 9
4383 50
4382 51
4381 84
4380 0
4379 31
4378 96
4377 66
4376 79
4375 5
4374 83
4373 52
4372 36
4371 31
4370 81
4369 54
4368 26
4367 9
4366 62
4365 24
4364 15
4363 89
4362 28
4361 35
4360 20
4359 4
4358 87
4357 8
4356 35
4355 72
4354 95
4353 73
4352 65
4351 24
4350 98
4349 42
4348 4
4347 32
4346 9
4345 56
4344 3
4343 58
4342 15
4341 19
4340 60
4339 53
4338 13
4337 40
4336 65
4335 72
4334 7
4333 20
4332 15
4331 77
4330 60
4329 34
4328 99
4327 47
4326 72
4325 40
4324 89
4323 56
4322 29
4321 53
4320 21
4319 36
4318 94
4317 89
4316 98
4315 63
4314 35
4313 43
4312 77
4311 49
4310 39
4309 14
4308 100
4307 59
4306 6
4305 14
4304 52
4303 92
4302 28
4301 54
4300 21
4299 26
4298 40
4297 28
4296 11
4295 16
4294 23
4293 100
4292 12
4291 91
4290 25
4289 81
4288 80
4287 91
4286 16
4285 44
4284 18
4283 29
4282 62
4281 28
4280 7
4279 63
4278 57
4277 54
4276 69
4275 23
4274 62
4273 88
4272 11
4271 68
4270 9
4269 88
4268 91
4267 28
4266 69
4265 50
4264 99
4263 25
4262 88
4261 13
4260 38
4259 69
4258 48
4257 24
4256 38
4255 92
4254 56
4253 2
4252 98
4251 66
4250 60
4249 21
4248 73
4247 31
4246 55
4245 40
4244 67
4243 85
4242 35
4241 53
4240 42
4239 50
4238 70
4237 2
4236 64
4235 64
4234 69
4233 32
4232 36
4231 56
4230 70
4229 58
4228 38
4227 51
4226 5
4225 81
4224 30
4223 14
4222 41
4221 48
4220 58
4219 18
4218 21
4217 0
4216 94
4215 82
4214 45
4213 74
4212 4
4211 97
4210 95
4209 36
4208 59
4207 74
4206 43
4205 12
4204 32
4203 4
4202 99
4201 81
4200 83
4199 90
4198 43
4197 41
4196 3
4195 82
4194 59
4193 98
4192 77
4191 11
4190 3
4189 11
4188 33
4187 100
4186 15
4185 36
4184 13
4183 25
4182 36
4181 16
4180 97
4179 46
4178 50
4177 93
4176 13
4175 35
4174 14
4173 54
4172 95
4171 44
4170 31
4169 26
4168 95
4167 32
4166 6
4165 70
4164 31
4163 40
4162 21
4161 17
4160 54
4159 0
4158 53
4157 69
4156 15
4155 78
4154 47
4153 62
4152 35
4151 29
4150 13
4149 16
4148 7
4147 60
4146 51
4145 85
4144 43
4143 30
4142 98
4141 66
4140 70
4139 48
4138 36
4137 52
4136 71
4135 71
4134 20
4133 100
4132 9
4131 96
4130 24
4129 3
4128 71
4127 74
4126 90
4125 20
4124 35
4123 38
4122 18
4121 95
4120 84
4119 79
4118 55
4117 81
4116 27
4115 19
4114 81
4113 2
4112 69
4111 10
4110 12
4109 56
4108 63
4107 40
4106 41
4105 97
4104 66
4103 100
4102 31
4101 31
4100 90
4099 82
4098 4
4097 99
4096 65
4095 70
4094 29
4093 82
4092 98
4091 1
4090 4
4089 39
4088 25
4087 35
4086 88
4085 53
4084 58
4083 64
4082 66
4081 1
4080 23
4079 20
4078 23
4077 55
4076 43
4075 6
4074 15
4073 95
4072 78
4071 11
4070 89
4069 87
4068 9
4067 55
4066 89
4065 27
4064 75
4063 3
4062 99
4061 86
4060 49
4059 58
4058 91
4057 78
4056 48
4055 14
4054 6
4053 97
4052 76
4051 29
4050 33
4049 49
4048 20
4047 99
4046 80
4045 77
4044 21
4043 29
4042 0
4041 36
4040 88
4039 16
4038 59
4037 6
4036 66
4035 46
4034 35
4033 25
4032 25
4031 1
4030 43
4029 86
4028 42
4027 92
4026 63
4025 74
4024 32
4023 25
4022 42
4021 18
4020 64
4019 17
4018 30
4017 54
4016 99
4015 25
4014 29
4013 55
4012 32
4011 17
4010 77
4009 25
4008 18
4007 39
4006 45
4005 17
4004 23
4003 32
4002 7
4001 52
4000 97
3999 17
3998 38
3997 89
3996 18
3995 13
3994 89
3993 97
3992 91
3991 62
3990 55
3989 97
3988 88
3987 56
3986 49
3985 6
3984 64
3983 88
3982 20
3981 71
3980 85
3979 58
3978 29
3977 48
3976 16
3975 97
3974 87
3973 98
3972 0
3971 68
3970 65
3969 0
3968 68
3967 93
3966 52
3965 9
3964 29
3963 54
3962 51
3961 59
3960 48
3959 93
3958 7
3957 56
3956 9
3955 68
3954 48
3953 65
3952 46
3951 79
3950 80
3949 60
3948 48
3947 58
3946 82
3945 58
3944 2
3943 96
3942 66
3941 43
3940 98
3939 34
3938 29
3937 48
3936 14
3935 98
3934 0
3933 26
3932 49
3931 69
3930 82
3929 8
3928 4
3927 4
3926 37
3925 5
3924 14
3923 25
3922 87
3921 91
3920 83
3919 28
3918 49
3917 82
3916 47
3915 62
3914 81
3913 60
3912 94
3911 13
3910 37
3909 20
3908 17
3907 40
3906 61
3905 42
3904 80
3903 44
3902 58
3901 55
3900 46
3899 69
3898 69
3897 66
3896 65
3895 99
3894 69
3893 61
3892 68
3891 45
3890 12
3889 94
3888 52
3887 10
3886 68
3885 62
3884 14
3883 6
3882 30
3881 6
3880 25
3879 57
3878 26
3877 4
3876 96
3875 62
3874 8
3873 62
3872 28
3871 57
3870 69
3869 28
3868 14
3867 26
3866 35
3865 52
3864 88
3863 93
3862 60
3861 29
3860 21
3859 70
3858 1
3857 21
3856 6
3855 52
3854 3
3853 67
3852 62
3851 22
3850 9
3849 41
3848 65
3847 74
3846 14
3845 92
3844 75
3843 83
3842 12
3841 46
3840 14
3839 74
3838 40
3837 58
3836 9
3835 5
3834 59
3833 61
3832 71
3831 60
3830 59
3829 13
3828 58
3827 25
3826 12
3825 3
3824 73
3823 78
3822 67
3821 19
3820 39
3819 43
3818 96
3817 5
3816 80
3815 80
3814 64
3813 34
3812 78
3811 74
3810 5
3809 96
3808 27
3807 36
3806 98
3805 68
3804 33
3803 76
3802 0
3801 86
3800 78
3799 13
3798 53
3797 40
3796 43
3795 67
3794 72
3793 0
3792 0
3791 58
3790 14
3789 11
3788 41
3787 97
3786 79
3785 4
3784 15
3783 36
3782 61
3781 17
3780 38
3779 49
3778 66
3777 12
3776 55
3775 19
3774 31
3773 12
3772 88
3771 43
3770 36
3769 90
3768 47
3767 97
3766 40
3765 74
3764 44
3763 23
3762 93
3761 68
3760 77
3759 95
3758 89
3757 53
3756 79
3755 100
3754 83
3753 30
3752 65
3751 73
3750 27
3749 23
3748 6
3747 58
3746 46
3745 9
3744 87
3743 77
3742 2
3741 27
3740 55
3739 34
3738 21
3737 5
3736 34
3735 15
3734 49
3733 1
3732 40
3731 80
3730 63
3729 65
3728 44
3727 79
3726 97
3725 100
3724 52
3723 26
3722 42
3721 72
3720 83
3719 31
3718 29
3717 4
3716 50
3715 18
3714 76
3713 94
3712 75
3711 63
3710 4
3709 45
3708 37
3707 30
3706 11
3705 71
3704 78
3703 8
3702 15
3701 56
3700 13
3699 43
3698 40
3697 84
3696 93
3695 13
3694 77
3693 65
3692 98
3691 2
3690 49
3689 35
3688 85
3687 23
3686 78
3685 42
3684 80
3683 46
3682 76
3681 85
3680 58
3679 68
3678 54
3677 26
3676 62
3675 86
3674 71
3673 95
3672 88
3671 29
3670 54
3669 76
3668 43
3667 87
3666 6
3665 79
3664 25
3663 82
3662 76
3661 87
3660 33
3659 53
3658 98
3657 61
3656 72
3655 70
3654 92
3653 24
3652 55
3651 44
3650 54
3649 70
3648 89
3647 59
3646 63
3645 29
3644 41
3643 32
3642 2
3641 97
3640 29
3639 1
3638 29
3637 80
3636 83
3635 83
3634 100
3633 57
3632 30
3631 4
3630 21
3629 15
3628 79
3627 14
3626 18
3625 94
3624 62
3623 23
3622 58
3621 24
3620 78
3619 4
3618 69
3617 39
3616 47
3615 78
3614 88
3613 2
3612 32
3611 34
3610 4
3609 67
3608 71
3607 45
3606 10
3605 5
3604 91
3603 66
3602 42
3601 99
3600 80
3599 88
3598 27
3597 82
3596 72
3595 37
3594 93
3593 28
3592 15
3591 8
3590 23
3589 45
3588 87
3587 37
3586 11
3585 79
3584 94
3583 3
3582 46
3581 72
3580 26
3579 64
3578 75
3577 49
3576 81
3575 82
3574 88
3573 99
3572 31
3571 35
3570 8
3569 40
3568 50
3567 53
3566 2
3565 60
3564 31
3563 20
3562 80
3561 19
3560 98
3559 10
3558 12
3557 34
3556 18
3555 60
3554 61
3553 81
3552 50
3551 75
3550 47
3549 23
3548 59
3547 24
3546 87
3545 94
3544 23
3543 11
3542 88
3541 27
3540 19
3539 42
3538 20
3537 22
3536 100
3535 54
3534 17
3533 37
3532 75
3531 66
3530 91
3529 47
3528 45
3527 10
3526 69
3525 83
3524 5
3523 97
3522 18
3521 45
3520 37
3519 43
3518 98
3517 10
3516 23
3515 93
3514 68
3513 11
3512 47
3511 67
3510 46
3509 56
3508 95
3507 17
3506 24
3505 30
3504 33
3503 54
3502 53
3501 81
3500 22
3499 57
3498 16
3497 15
3496 99
3495 40
3494 39
3493 5
3492 61
3491 13
3490 13
3489 1
3488 88
3487 49
3486 9
3485 22
3484 66
3483 50
3482 56
3481 29
3480 0
3479 35
3478 91
3477 7
3476 54
3475 58
3474 89
3473 34
3472 18
3471 45
3470 29
3469 50
3468 26
3467 80
3466 93
3465 30
3464 30
3463 57
3462 5
3461 7
3460 39
3459 34
3458 63
3457 90
3456 76
3455 68
3454 94
3453 53
3452 99
3451 57
3450 89
3449 4
3448 32
3447 62
3446 87
3445 8
3444 75
3443 12
3442 49
3441 23
3440 96
3439 66
3438 52
3437 100
3436 69
3435 47
3434 61
3433 51
3432 50
3431 19
3430 92
3429 56
3428 62
3427 79
3426 62
3425 83
3424 23
3423 79
3422 80
3421 87
3420 8
3419 88
3418 37
3417 24
3416 62
3415 60
3414 32
3413 73
3412 89
3411 32
3410 13
3409 72
3408 42
3407 97
3406 49
3405 63
3404 7
3403 3
3402 57
3401 89
3400 34
3399 64
3398 21
3397 48
3396 3
3395 64
3394 66
3393 79
3392 57
3391 65
3390 93
3389 88
3388 61
3387 10
3386 17
3385 47
3384 100
3383 56
3382 10
3381 94
3380 53
3379 49
3378 7
3377 63
3376 86
3375 15
3374 6
3373 61
3372 45
3371 76
3370 37
3369 32
3368 32
3367 52
3366 49
3365 76
3364 9
3363 48
3362 30
3361 5
3360 76
3359 38
3358 30
3357 10
3356 4
3355 21
3354 55
3353 70
3352 69
3351 49
3350 96
3349 100
3348 81
3347 53
3346 51
3345 84
3344 48
3343 69
3342 78
3341 22
3340 42
3339 57
3338 98
3337 76
3336 34
3335 6
3334 75
3333 22
3332 55
3331 9
3330 16
3329 15
3328 31
3327 31
3326 81
3325 78
3324 18
3323 98
3322 86
3321 6
3320 9
3319 43
3318 73
3317 0
3316 17
3315 67
3314 45
3313 76
3312 37
3311 68
3310 56
3309 67
3308 96
3307 48
3306 63
3305 55
3304 73
3303 94
3302 34
3301 28
3300 59
3299 77
3298 24
3297 1
3296 93
3295 46
3294 49
3293 73
3292 87
3291 63
3290 31
3289 90
3288 16
3287 85
3286 24
3285 88
3284 20
3283 84
3282 81
3281 19
3280 100
3279 31
3278 73
3277 60
3276 61
3275 28
3274 61
3273 94
3272 99
3271 53
3270 41
3269 15
3268 2
3267 76
3266 42
3265 2
3264 51
3263 5
3262 100
3261 81
3260 59
3259 47
3258 5
3257 13
3256 2
3255 42
3254 58
3253 26
3252 55
3251 72
3250 32
3249 8
3248 21
3247 21
3246 10
3245 70
3244 99
3243 44
3242 47
3241 59
3240 48
3239 84
3238 98
3237 50
3236 45
3235 5
3234 37
3233 22
3232 11
3231 55
3230 95
3229 67
3228 84
3227 55
3226 79
3225 36
3224 18
3223 96
3222 99
3221 36
3220 15
3219 4
3218 100
3217 33
3216 25
3215 29
3214 1
3213 97
3212 0
3211 39
3210 73
3209 54
3208 87
3207 74
3206 29
3205 63
3204 72
3203 69
3202 60
3201 88
3200 95
3199 37
3198 83
3197 34
3196 62
3195 95
3194 21
3193 26
3192 94
3191 65
3190 94
3189 27
3188 37
3187 23
3186 78
3185 77
3184 51
3183 19
3182 71
3181 96
3180 18
3179 28
3178 5
3177 66
3176 15
3175 45
3174 91
3173 7
3172 41
3171 57
3170 90
3169 68
3168 83
3167 54
3166 58
3165 65
3164 60
3163 80
3162 52
3161 0
3160 52
3159 43
3158 42
3157 68
3156 67
3155 4
3154 68
3153 56
3152 57
3151 18
3150 34
3149 48
3148 52
3147 73
3146 94
3145 67
3144 10
3143 20
3142 84
3141 47
3140 32
3139 21
3138 24
3137 76
3136 53
3135 99
3134 31
3133 24
3132 95
3131 97
3130 24
3129 64
3128 1
3127 15
3126 81
3125 94
3124 55
3123 7
3122 80
3121 83
3120 81
3119 34
3118 78
3117 87
3116 23
3115 51
3114 77
3113 52
3112 70
3111 100
3110 29
3109 75
3108 85
3107 40
3106 47
3105 37
3104 82
3103 39
3102 38
3101 64
3100 35
3099 78
3098 89
3097 22
3096 31
3095 66
3094 84
3093 21
3092 39
3091 72
3090 86
3089 55
3088 88
3087 18
3086 53
3085 41
3084 4
3083 49
3082 88
3081 22
3080 52
3079 25
3078 75
3077 96
3076 48
3075 66
3074 37
3073 93
3072 70
3071 37
3070 27
3069 81
3068 42
3067 100
3066 59
3065 19
3064 22
3063 82
3062 22
3061 46
3060 21
3059 100
3058 58
3057 53
3056 32
3055 95
3054 89
3053 70
3052 26
3051 81
3050 54
3049 71
3048 24
3047 55
3046 86
3045 12
3044 54
3043 70
3042 54
3041 79
3040 79
3039 98
3038 52
3037 33
3036 86
3035 33
3034 82
3033 52
3032 66
3031 11
3030 10
3029 27
3028 25
3027 37
3026 61
3025 16
3024 58
3023 26
3022 89
3021 36
3020 84
3019 70
3018 93
3017 55
3016 4
3015 95
3014 20
3013 100
3012 92
3011 35
3010 40
3009 40
3008 77
3007 72
3006 72
3005 67
3004 18
3003 40
3002 52
3001 75
3000 88
2999 82
2998 36
2997 33
2996 95
2995 27
2994 89
2993 36
2992 36
2991 17
2990 7
2989 53
2988 13
2987 18
2986 13
2985 34
2984 80
2983 69
2982 69
2981 24
2980 11
2979 81
2978 58
2977 21
2976 72
2975 97
2974 61
2973 44
2972 11
2971 89
2970 63
2969 44
2968 84
2967 36
2966 84
2965 10
2964 96
2963 79
2962 31
2961 91
2960 70
2959 22
2958 83
2957 61
2956 8
2955 80
2954 5
2953 16
2952 11
2951 54
2950 28
2949 52
2948 2
2947 27
2946 43
2945 85
2944 51
2943 93
2942 68
2941 61
2940 46
2939 94
2938 65
2937 33
2936 72
2935 70
2934 69
2933 75
2932 60
2931 16
2930 83
2929 58
2928 79
2927 55
2926 78
2925 78
2924 66
2923 44
2922 71
2921 57
2920 60
2919 81
2918 62
2917 55
2916 25
2915 1
2914 30
2913 9
2912 72
2911 55
2910 98
2909 65
2908 80
2907 69
2906 61
2905 69
2904 7
2903 18
2902 39
2901 58
2900 9
2899 47
2898 47
2897 90
2896 51
2895 1
2894 77
2893 14
2892 44
2891 28
2890 70
2889 55
2888 90
2887 97
2886 33
2885 21
2884 21
2883 17
2882 97
2881 92
2880 99
2879 80
2878 85
2877 26
2876 87
2875 62
2874 12
2873 17
2872 47
2871 69
2870 88
2869 10
2868 38
2867 68
2866 9
2865 37
2864 66
2863 39
2862 30
2861 30
2860 12
2859 20
2858 20
2857 94
2856 63
2855 34
2854 92
2853 30
2852 36
2851 18
2850 41
2849 83
2848 84
2847 7
2846 71
2845 11
2844 19
2843 82
2842 9
2841 22
2840 25
2839 72
2838 22
2837 67
2836 89
2835 26
2834 84
2833 54
2832 88
2831 91
2830 85
2829 88
2828 49
2827 15
2826 8
2825 99
2824 82
2823 10
2822 60
2821 46
2820 36
2819 73
2818 42
2817 97
2816 100
2815 78
2814 22
2813 8
2812 35
2811 4
2810 62
2809 87
2808 36
2807 27
2806 84
2805 59
2804 83
2803 23
2802 90
2801 52
2800 74
2799 49
2798 57
2797 11
2796 65
2795 18
2794 43
2793 57
2792 46
2791 55
2790 82
2789 34
2788 94
2787 28
2786 63
2785 93
2784 11
2783 63
2782 17
2781 56
2780 43
2779 65
2778 79
2777 18
2776 89
2775 48
2774 67
2773 27
2772 8
2771 5
2770 35
2769 62
2768 40
2767 70
2766 0
2765 15
2764 72
2763 98
2762 99
2761 60
2760 34
2759 7
2758 1
2757 48
2756 29
2755 18
2754 67
2753 93
2752 72
2751 73
2750 54
2749 57
2748 64
2747 5
2746 34
2745 45
2744 12
2743 63
2742 44
2741 14
2740 71
2739 22
2738 99
2737 46
2736 41
2735 4
2734 12
2733 98
2732 16
2731 38
2730 31
2729 41
2728 28
2727 53
2726 67
2725 73
2724 0
2723 25
2722 66
2721 5
2720 85
2719 21
2718 87
2717 29
2716 57
2715 64
2714 68
2713 55
2712 29
2711 62
2710 53
2709 24
2708 88
2707 53
2706 44
2705 49
2704 20
2703 37
2702 96
2701 45
2700 83
2699 54
2698 53
2697 32
2696 97
2695 7
2694 2
2693 47
2692 73
2691 99
2690 64
2689 49
2688 64
2687 15
2686 14
2685 5
2684 4
2683 61
2682 23
2681 49
2680 10
2679 77
2678 69
2677 96
2676 20
2675 53
2674 82
2673 9
2672 32
2671 85
2670 1
2669 95
2668 34
2667 53
2666 74
2665 91
2664 20
2663 91
2662 70
2661 63
2660 41
2659 67
2658 63
2657 27
2656 18
2655 13
2654 37
2653 76
2652 100
2651 28
2650 26
2649 53
2648 4
2647 79
2646 33
2645 70
2644 93
2643 10
2642 49
2641 33
2640 65
2639 43
2638 97
2637 76
2636 90
2635 43
2634 41
2633 40
2632 82
2631 42
2630 62
2629 26
2628 61
2627 27
2626 49
2625 86
2624 41
2623 7
2622 55
2621 75
2620 12
2619 58
2618 75
2617 98
2616 39
2615 77
2614 66
2613 84
2612 63
2611 58
2610 72
2609 97
2608 76
2607 99
2606 66
2605 47
2604 3
2603 13
2602 72
2601 42
2600 18
2599 29
2598 29
2597 81
2596 4
2595 75
2594 93
2593 63
2592 21
2591 33
2590 13
2589 11
2588 5
2587 74
2586 59
2585 68
2584 72
2583 58
2582 69
2581 17
2580 19
2579 82
2578 57
2577 47
2576 57
2575 78
2574 42
2573 41
2572 48
2571 22
2570 94
2569 93
2568 52
2567 94
2566 57
2565 63
2564 22
2563 0
2562 93
2561 67
2560 92
2559 49
2558 50
2557 8
2556 90
2555 48
2554 95
2553 18
2552 43
2551 72
2550 47
2549 61
2548 41
2547 35
2546 87
2545 65
2544 84
2543 29
2542 18
2541 42
2540 35
2539 71
2538 3
2537 44
2536 47
2535 17
2534 90
2533 65
2532 97
2531 61
2530 54
2529 58
2528 36
2527 63
2526 87
2525 93
2524 92
2523 2
2522 94
2521 88
2520 11
2519 19
2518 18
2517 49
2516 41
2515 8
2514 15
2513 89
2512 85
2511 85
2510 8
2509 32
2508 33
2507 10
2506 69
2505 16
2504 98
2503 47
2502 29
2501 45
2500 32
2499 26
2498 24
2497 1
2496 62
2495 6
2494 99
2493 87
2492 69
2491 39
2490 8
2489 14
2488 95
2487 86
2486 76
2485 0
2484 2
2483 32
2482 32
2481 71
2480 71
2479 16
2478 18
2477 40
2476 32
2475 100
2474 87
2473 41
2472 65
2471 87
2470 52
2469 20
2468 77
2467 31
2466 95
2465 34
2464 2
2463 52
2462 17
2461 88
2460 35
2459 4
2458 10
2457 88
2456 18
2455 8
2454 43
2453 72
2452 72
2451 11
2450 64
2449 29
2448 48
2447 1
2446 46
2445 65
2444 98
2443 99
2442 42
2441 52
2440 64
2439 82
2438 99
2437 46
2436 11
2435 58
2434 53
2433 18
2432 82
2431 76
2430 87
2429 80
2428 58
2427 23
2426 18
2425 31
2424 80
2423 96
2422 41
2421 46
2420 79
2419 90
2418 80
2417 60
2416 91
2415 83
2414 53
2413 57
2412 42
2411 44
2410 67
2409 49
2408 32
2407 19
2406 13
2405 34
2404 61
2403 2
2402 4
2401 19
2400 45
2399 64
2398 12
2397 35
2396 13
2395 66
2394 89
2393 15
2392 79
2391 44
2390 52
2389 88
2388 6
2387 80
2386 23
2385 16
2384 63
2383 17
2382 61
2381 49
2380 22
2379 0
2378 57
2377 43
2376 87
2375 40
2374 28
2373 30
2372 21
2371 6
2370 81
2369 42
2368 47
2367 34
2366 1
2365 83
2364 70
2363 85
2362 17
2361 15
2360 69
2359 33
2358 96
2357 23
2356 96
2355 20
2354 91
2353 13
2352 35
2351 37
2350 92
2349 77
2348 9
2347 16
2346 60
2345 94
2344 30
2343 35
2342 61
2341 62
2340 36
2339 61
2338 16
2337 38
2336 84
2335 69
2334 34
2333 28
2332 31
2331 54
2330 16
2329 58
2328 72
2327 64
2326 30
2325 39
2324 59
2323 66
2322 66
2321 67
2320 20
2319 71
2318 30
2317 45
2316 64
2315 33
2314 25
2313 15
2312 74
2311 96
2310 54
2309 11
2308 48
2307 55
2306 8
2305 96
2304 31
2303 53
2302 46
2301 13
2300 14
2299 5
2298 25
2297 74
2296 84
2295 1
2294 9
2293 6
2292 36
2291 75
2290 74
2289 88
2288 94
2287 47
2286 28
2285 23
2284 78
2283 60
2282 54
2281 28
2280 43
2279 2
2278 66
2277 30
2276 46
2275 53
2274 49
2273 84
2272 42
2271 72
2270 81
2269 23
2268 43
2267 41
2266 28
2265 14
2264 2
2263 95
2262 56
2261 95
2260 55
2259 24
2258 49
2257 50
2256 8
2255 21
2254 70
2253 46
2252 87
2251 64
2250 37
2249 82
2248 77
2247 80
2246 70
2245 72
2244 44
2243 57
2242 35
2241 87
2240 83
2239 0
2238 65
2237 67
2236 85
2235 33
2234 52
2233 42
2232 90
2231 65
2230 57
2229 76
2228 65
2227 29
2226 58
2225 43
2224 30
2223 93
2222 41
2221 84
2220 56
2219 36
2218 7
2217 57
2216 30
2215 11
2214 66
2213 3
2212 27
2211 30
2210 62
2209 25
2208 11
2207 94
2206 74
2205 42
2204 99
2203 78
2202 25
2201 12
2200 86
2199 10
2198 50
2197 84
2196 52
2195 51
2194 76
2193 31
2192 57
2191 95
2190 62
2189 49
2188 94
2187 33
2186 73
2185 71
2184 70
2183 97
2182 39
2181 38
2180 62
2179 99
2178 13
2177 27
2176 52
2175 34
2174 83
2173 31
2172 28
2171 97
2170 21
2169 29
2168 47
2167 81
2166 24
2165 33
2164 46
2163 40
2162 76
2161 1
2160 96
2159 24
2158 89
2157 67
2156 42
2155 65
2154 97
2153 4
2152 55
2151 66
2150 65
2149 73
2148 4
2147 58
2146 44
2145 68
2144 65
2143 45
2142 55
2141 61
2140 10
2139 24
2138 31
2137 62
2136 57
2135 20
2134 80
2133 26
2132 54
2131 47
2130 43
2129 9
2128 1
2127 75
2126 79
2125 59
2124 4
2123 86
2122 60
2121 15
2120 65
2119 67
2118 94
2117 52
2116 13
2115 51
2114 61
2113 73
2112 9
2111 60
2110 10
2109 87
2108 84
2107 18
2106 51
2105 72
2104 12
2103 0
2102 7
2101 12
2100 14
2099 51
2098 72
2097 59
2096 89
2095 35
2094 58
2093 79
2092 36
2091 68
2090 67
2089 22
2088 44
2087 44
2086 7
2085 70
2084 50
2083 81
2082 88
2081 75
2080 10
2079 26
2078 61
2077 68
2076 56
2075 11
2074 32
2073 58
2072 81
2071 10
2070 88
2069 51
2068 77
2067 70
2066 81
2065 6
2064 50
2063 63
2062 23
2061 73
2060 10
2059 48
2058 42
2057 33
2056 37
2055 93
2054 33
2053 63
2052 24
2051 42
2050 4
2049 23
2048 18
2047 3
2046 62
2045 43
2044 70
2043 26
2042 19
2041 89
2040 77
2039 63
2038 76
2037 11
2036 41
2035 20
2034 12
2033 27
2032 80
2031 27
2030 72
2029 90
2028 14
2027 54
2026 29
2025 45
2024 65
2023 38
2022 93
2021 40
2020 94
2019 40
2018 61
2017 80
2016 63
2015 51
2014 33
2013 65
2012 93
2011 28
2010 9
2009 80
2008 40
2007 12
2006 12
2005 12
2004 80
2003 47
2002 56
2001 87
2000 100
1999 55
1998 36
1997 69
1996 63
1995 3
1994 81
1993 28
1992 32
1991 50
1990 72
1989 9
1988 72
1987 32
1986 7
1985 10
1984 39
1983 18
1982 22
1981 23
1980 2
1979 79
1978 34
1977 26
1976 92
1975 37
1974 84
1973 13
1972 61
1971 19
1970 46
1969 95
1968 95
1967 77
1966 86
1965 66
1964 94
1963 14
1962 91
1961 5
1960 1
1959 28
1958 29
1957 38
1956 62
1955 59
1954 62
1953 19
1952 66
1951 26
1950 78
1949 72
1948 39
1947 23
1946 35
1945 16
1944 96
1943 34
1942 2
1941 92
1940 84
1939 81
1938 28
1937 0
1936 48
1935 50
1934 56
1933 74
1932 82
1931 24
1930 44
1929 21
1928 35
1927 74
1926 88
1925 38
1924 57
1923 33
1922 93
1921 16
1920 52
1919 12
1918 67
1917 10
1916 5
1915 84
1914 54
1913 93
1912 10
1911 95
1910 48
1909 79
1908 83
1907 44
1906 89
1905 46
1904 20
1903 11
1902 83
1901 21
1900 18
1899 59
1898 42
1897 10
1896 11
1895 45
1894 4
1893 23
1892 9
1891 81
1890 8
1889 32
1888 54
1887 66
1886 59
1885 57
1884 47
1883 45
1882 21
1881 77
1880 26
1879 74
1878 20
1877 58
1876 81
1875 4
1874 98
1873 17
1872 61
1871 76
1870 70
1869 99
1868 61
1867 29
1866 54
1865 43
1864 30
1863 28
1862 20
1861 97
1860 27
1859 34
1858 26
1857 85
1856 73
1855 0
1854 23
1853 22
1852 7
1851 18
1850 95
1849 54
1848 71
1847 47
1846 17
1845 77
1844 69
1843 59
1842 38
1841 85
1840 68
1839 25
1838 53
1837 28
1836 80
1835 57
1834 100
1833 12
1832 26
1831 91
1830 85
1829 33
1828 39
1827 63
1826 14
1825 45
1824 98
1823 15
1822 38
1821 77
1820 62
1819 32
1818 27
1817 1
1816 1
1815 0
1814 3
1813 58
1812 76
1811 12
1810 50
1809 88
1808 70
1807 50
1806 98
1805 28
1804 20
1803 27
1802 98
1801 38
1800 51
1799 81
1798 67
1797 32
1796 95
1795 38
1794 86
1793 45
1792 0
1791 52
1790 3
1789 4
1788 34
1787 28
1786 11
1785 14
1784 92
1783 31
1782 25
1781 25
1780 63
1779 28
1778 8
1777 65
1776 0
1775 78
1774 1
1773 21
1772 86
1771 30
1770 43
1769 29
1768 20
1767 16
1766 71
1765 62
1764 18
1763 40
1762 91
1761 17
1760 5
1759 81
1758 24
1757 29
1756 12
1755 61
1754 31
1753 26
1752 11
1751 55
1750 89
1749 95
1748 41
1747 30
1746 57
1745 95
1744 22
1743 89
1742 91
1741 4
1740 4
1739 100
1738 88
1737 9
1736 60
1735 19
1734 69
1733 76
1732 47
1731 1
1730 29
1729 11
1728 79
1727 55
1726 13
1725 23
1724 60
1723 93
1722 52
1721 70
1720 97
1719 56
1718 46
1717 13
1716 15
1715 41
1714 29
1713 56
1712 10
1711 19
1710 50
1709 58
1708 91
1707 6
1706 43
1705 98
1704 92
1703 96
1702 12
1701 21
1700 81
1699 63
1698 70
1697 11
1696 21
1695 12
1694 93
1693 16
1692 20
1691 61
1690 51
1689 36
1688 17
1687 77
1686 21
1685 64
1684 77
1683 89
1682 94
1681 26
1680 24
1679 49
1678 94
1677 29
1676 12
1675 23
1674 90
1673 46
1672 12
1671 42
1670 54
1669 86
1668 14
1667 26
1666 81
1665 95
1664 57
1663 19
1662 7
1661 38
1660 49
1659 12
1658 19
1657 0
1656 63
1655 47
1654 67
1653 51
1652 67
1651 29
1650 66
1649 33
1648 29
1647 79
1646 24
1645 39
1644 56
1643 97
1642 13
1641 78
1640 87
1639 87
1638 49
1637 0
1636 58
1635 46
1634 97
1633 54
1632 81
1631 38
1630 82
1629 38
1628 6
1627 41
1626 0
1625 49
1624 32
1623 24
1622 29
1621 84
1620 83
1619 53
1618 63
1617 82
1616 48
1615 90
1614 68
1613 71
1612 43
1611 100
1610 36
1609 41
1608 21
1607 29
1606 5
1605 15
1604 29
1603 8
1602 79
1601 8
1600 76
1599 55
1598 10
1597 17
1596 52
1595 23
1594 79
1593 72
1592 32
1591 40
1590 53
1589 45
1588 88
1587 38
1586 26
1585 93
1584 92
1583 33
1582 38
1581 51
1580 28
1579 95
1578 89
1577 27
1576 96
1575 84
1574 74
1573 41
1572 36
1571 58
1570 66
1569 25
1568 89
1567 72
1566 2
1565 8
1564 87
1563 91
1562 60
1561 90
1560 58
1559 17
1558 17
1557 83
1556 64
1555 76
1554 1
1553 62
1552 21
1551 27
1550 66
1549 12
1548 84
1547 68
1546 99
1545 11
1544 72
1543 44
1542 24
1541 43
1540 40
1539 20
1538 85
1537 75
1536 5
1535 91
1534 90
1533 91
1532 70
1531 2
1530 35
1529 16
1528 74
1527 39
1526 79
1525 29
1524 42
1523 95
1522 71
1521 20
1520 90
1519 51
1518 35
1517 40
1516 11
1515 11
1514 61
1513 22
1512 26
1511 65
1510 58
1509 50
1508 0
1507 14
1506 60
1505 32
1504 91
1503 64
1502 47
1501 30
1500 91
1499 21
1498 12
1497 86
1496 79
1495 74
1494 55
1493 75
1492 27
1491 42
1490 75
1489 21
1488 82
1487 51
1486 72
1485 75
1484 99
1483 79
1482 22
1481 97
1480 98
1479 24
1478 80
1477 85
1476 29
1475 77
1474 43
1473 7
1472 51
1471 4
1470 92
1469 46
1468 35
1467 25
1466 92
1465 47
1464 76
1463 64
1462 39
1461 62
1460 15
1459 2
1458 74
1457 93
1456 27
1455 11
1454 19
1453 1
1452 1
1451 55
1450 43
1449 39
1448 15
1447 33
1446 31
1445 61
1444 7
1443 58
1442 10
1441 53
1440 72
1439 21
1438 49
1437 70
1436 78
1435 82
1434 71
1433 94
1432 51
1431 68
1430 90
1429 71
1428 99
1427 8
1426 77
1425 11
1424 56
1423 95
1422 93
1421 86
1420 35
1419 60
1418 83
1417 90
1416 53
1415 34
1414 21
1413 45
1412 71
1411 25
1410 9
1409 35
1408 40
1407 56
1406 3
1405 38
1404 49
1403 29
1402 73
1401 25
1400 98
1399 24
1398 59
1397 0
1396 60
1395 85
1394 7
1393 60
1392 20
1391 57
1390 15
1389 36
1388 38
1387 77
1386 51
1385 34
1384 23
1383 6
1382 54
1381 55
1380 51
1379 98
1378 80
1377 91
1376 75
1375 78
1374 44
1373 6
1372 38
1371 56
1370 93
1369 45
1368 46
1367 85
1366 51
1365 33
1364 33
1363 93
1362 71
1361 82
1360 59
1359 63
1358 13
1357 46
1356 66
1355 40
1354 64
1353 92
1352 35
1351 0
1350 14
1349 13
1348 63
1347 34
1346 57
1345 36
1344 8
1343 39
1342 33
1341 95
1340 54
1339 52
1338 73
1337 56
1336 7
1335 85
1334 97
1333 19
1332 4
1331 30
1330 90
1329 68
1328 32
1327 72
1326 15
1325 61
1324 24
1323 78
1322 51
1321 40
1320 90
1319 41
1318 52
1317 45
1316 80
1315 40
1314 8
1313 100
1312 81
1311 28
1310 75
1309 90
1308 56
1307 24
1306 26
1305 21
1304 20
1303 62
1302 81
1301 34
1300 57
1299 3
1298 4
1297 40
1296 25
1295 94
1294 77
1293 56
1292 73
1291 28
1290 5
1289 59
1288 37
1287 89
1286 98
1285 60
1284 12
1283 1
1282 25
1281 41
1280 43
1279 56
1278 92
1277 47
1276 58
1275 10
1274 91
1273 69
1272 50
1271 16
1270 65
1269 1
1268 86
1267 25
1266 20
1265 25
1264 30
1263 48
1262 86
1261 78
1260 29
1259 31
1258 26
1257 31
1256 13
1255 80
1254 2
1253 13
1252 15
1251 76
1250 81
1249 94
1248 48
1247 21
1246 41
1245 14
1244 30
1243 76
1242 71
1241 49
1240 47
1239 30
1238 53
1237 0
1236 23
1235 10
1234 5
1233 35
1232 25
1231 98
1230 17
1229 95
1228 78
1227 92
1226 27
1225 7
1224 59
1223 52
1222 75
1221 20
1220 5
1219 95
1218 9
1217 91
1216 49
1215 27
1214 52
1213 19
1212 48
1211 90
1210 97
1209 71
1208 38
1207 87
1206 52
1205 68
1204 70
1203 41
1202 78
1201 34
1200 32
1199 45
1198 70
1197 37
1196 85
1195 1
1194 9
1193 30
1192 27
1191 17
1190 17
1189 10
1188 55
1187 100
1186 85
1185 85
1184 43
1183 72
1182 20
1181 51
1180 54
1179 24
1178 13
1177 95
1176 33
1175 1
1174 20
1173 85
1172 34
1171 19
1170 8
1169 71
1168 43
1167 37
1166 91
1165 26
1164 74
1163 50
1162 60
1161 7
1160 75
1159 87
1158 53
1157 40
1156 13
1155 32
1154 20
1153 84
1152 5
1151 16
1150 55
1149 37
1148 0
1147 36
1146 52
1145 40
1144 0
1143 90
1142 27
1141 60
1140 6
1139 57
1138 75
1137 12
1136 17
1135 74
1134 43
1133 86
1132 13
1131 28
1130 63
1129 59
1128 29
1127 71
1126 17
1125 10
1124 33
1123 8
1122 0
1121 44
1120 23
1119 36
1118 29
1117 78
1116 89
1115 69
1114 68
1113 8
1112 65
1111 20
1110 51
1109 93
1108 18
1107 32
1106 3
1105 35
1104 49
1103 85
1102 62
1101 71
1100 38
1099 34
1098 22
1097 73
1096 24
1095 73
1094 81
1093 76
1092 85
1091 15
1090 34
1089 53
1088 54
1087 48
1086 46
1085 41
1084 46
1083 71
1082 20
1081 59
1080 26
1079 19
1078 41
1077 78
1076 98
1075 98
1074 30
1073 78
1072 16
1071 8
1070 27
1069 86
1068 71
1067 91
1066 97
1065 69
1064 33
1063 58
1062 29
1061 26
1060 15
1059 72
1058 74
1057 91
1056 21
1055 46
1054 34
1053 92
1052 18
1051 26
1050 93
1049 33
1048 14
1047 14
1046 26
1045 6
1044 71
1043 2
1042 43
1041 65
1040 55
1039 80
1038 82
1037 54
1036 17
1035 36
1034 61
1033 7
1032 34
1031 41
1030 9
1029 56
1028 62
1027 64
1026 59
1025 61
1024 3
1023 22
1022 63
1021 75
1020 65
1019 55
1018 45
1017 98
1016 60
1015 53
1014 19
1013 86
1012 68
1011 31
1010 13
1009 15
1008 81
1007 49
1006 69
1005 43
1004 57
1003 0
1002 99
1001 0
1000 88
999 87
998 6
997 46
996 74
995 18
994 18
993 64
992 51
991 28
990 59
989 24
988 44
987 7
986 87
985 69
984 98
983 59
982 63
981 93
980 7
979 46
978 79
977 94
976 74
975 43
974 90
973 97
972 19
971 80
970 21
969 75
968 62
967 99
966 9
965 30
964 22
963 17
962 70
961 30
960 68
959 84
958 100
957 44
956 66
955 62
954 73
953 24
952 95
951 35
950 45
949 34
948 82
947 63
946 5
945 77
944 17
943 89
942 1
941 74
940 43
939 61
938 98
937 65
936 81
935 16
934 82
933 37
932 93
931 16
930 44
929 70
928 63
927 27
926 80
925 70
924 96
923 99
922 85
921 96
920 99
919 3
918 53
917 80
916 23
915 80
914 82
913 98
912 55
911 16
910 10
909 49
908 52
907 88
906 99
905 27
904 24
903 41
902 18
901 52
900 50
899 0
898 66
897 87
896 88
895 16
894 28
893 66
892 99
891 93
890 11
889 77
888 90
887 85
886 33
885 7
884 35
883 85
882 83
881 4
880 5
879 57
878 72
877 22
876 29
875 38
874 52
873 21
872 36
871 94
870 73
869 27
868 69
867 48
866 40
865 0
864 42
863 4
862 17
861 82
860 100
859 60
858 72
857 89
856 45
855 57
854 45
853 46
852 72
851 80
850 63
849 96
848 98
847 88
846 77
845 26
844 64
843 39
842 22
841 65
840 64
839 70
838 6
837 7
836 93
835 69
834 15
833 71
832 48
831 97
830 60
829 2
828 84
827 56
826 44
825 54
824 42
823 22
822 0
821 1
820 20
819 15
818 99
817 40
816 92
815 34
814 89
813 39
812 27
811 67
810 23
809 77
808 70
807 36
806 76
805 95
804 63
803 73
802 55
801 94
800 46
799 80
798 44
797 89
796 43
795 86
794 29
793 27
792 79
791 3
790 62
789 46
788 28
787 7
786 78
785 73
784 0
783 21
782 100
781 65
780 63
779 15
778 64
777 77
776 33
775 83
774 71
773 80
772 77
771 22
770 27
769 2
768 58
767 72
766 78
765 24
764 72
763 75
762 100
761 3
760 22
759 0
758 19
757 57
756 30
755 34
754 86
753 71
752 79
751 51
750 95
749 17
748 32
747 78
746 85
745 12
744 2
743 15
742 94
741 66
740 14
739 13
738 61
737 41
736 82
735 80
734 66
733 37
732 96
731 17
730 100
729 54
728 20
727 65
726 31
725 87
724 57
723 84
722 28
721 39
720 90
719 29
718 11
717 39
716 80
715 7
714 67
713 80
712 65
711 74
710 57
709 32
708 23
707 5
706 87
705 5
704 79
703 98
702 11
701 37
700 28
699 49
698 81
697 64
696 64
695 9
694 6
693 15
692 13
691 5
690 19
689 86
688 76
687 48
686 70
685 54
684 86
683 50
682 73
681 99
680 67
679 92
678 17
677 86
676 13
675 77
674 16
673 94
672 30
671 93
670 9
669 94
668 54
667 26
666 45
665 2
664 53
663 98
662 93
661 100
660 97
659 61
658 18
657 65
656 94
655 18
654 28
653 31
652 67
651 87
650 6
649 85
648 84
647 10
646 67
645 88
644 76
643 35
642 73
641 23
640 86
639 29
638 94
637 92
636 6
635 10
634 89
633 0
632 45
631 26
630 62
629 4
628 92
627 28
626 7
625 38
624 36
623 28
622 52
621 70
620 1
619 23
618 87
617 72
616 41
615 8
614 27
613 38
612 100
611 87
610 18
609 24
608 41
607 41
606 51
605 67
604 45
603 76
602 67
601 14
600 69
599 9
598 5
597 1
596 3
595 52
594 40
593 52
592 42
591 47
590 66
589 69
588 76
587 19
586 36
585 11
584 90
583 79
582 62
581 27
580 29
579 18
578 42
577 61
576 19
575 47
574 13
573 86
572 16
571 34
570 71
569 4
568 64
567 4
566 0
565 45
564 65
563 9
562 28
561 55
560 92
559 62
558 21
557 52
556 45
555 97
554 87
553 69
552 96
551 53
550 63
549 92
548 79
547 85
546 10
545 43
544 6
543 48
542 60
541 31
540 58
539 47
538 80
537 73
536 74
535 74
534 76
533 17
532 21
531 84
530 14
529 63
528 32
527 85
526 20
525 10
524 12
523 55
522 27
521 9
520 83
519 49
518 57
517 88
516 49
515 96
514 69
513 50
512 92
511 30
510 91
509 36
508 47
507 80
506 86
505 71
504 73
503 68
502 50
501 19
500 13
499 64
498 41
497 77
496 44
495 62
494 41
493 62
492 5
491 97
490 4
489 82
488 86
487 62
486 13
485 45
484 41
483 85
482 86
481 84
480 67
479 91
478 7
477 30
476 96
475 92
474 15
473 5
472 81
471 63
470 11
469 58
468 44
467 76
466 56
465 1
464 79
463 23
462 36
461 66
460 60
459 98
458 37
457 21
456 69
455 70
454 76
453 7
452 9
451 41
450 6
449 39
448 22
447 28
446 10
445 24
444 85
443 19
442 39
441 15
440 3
439 93
438 96
437 57
436 82
435 9
434 48
433 89
432 40
431 2
430 22
429 91
428 97
427 22
426 5
425 14
424 80
423 62
422 62
421 84
420 66
419 55
418 81
417 31
416 77
415 23
414 59
413 13
412 88
411 39
410 43
409 40
408 32
407 40
406 2
405 90
404 2
403 79
402 99
401 55
400 92
399 52
398 39
397 98
396 14
395 39
394 31
393 86
392 32
391 45
390 88
389 79
388 67
387 26
386 44
385 10
384 30
383 89
382 52
381 49
380 55
379 56
378 72
377 39
376 43
375 78
374 56
373 27
372 4
371 77
370 11
369 10
368 18
367 41
366 14
365 82
364 9
363 61
362 99
361 52
360 98
359 33
358 59
357 77
356 83
355 22
354 61
353 60
352 22
351 76
350 2
349 97
348 63
347 32
346 91
345 87
344 77
343 47
342 92
341 97
340 5
339 99
338 77
337 68
336 11
335 82
334 84
333 58
332 1
331 12
330 97
329 20
328 24
327 18
326 85
325 74
324 48
323 34
322 58
321 23
320 15
319 79
318 70
317 63
316 55
315 78
314 70
313 26
312 19
311 45
310 88
309 39
308 70
307 89
306 67
305 39
304 73
303 95
302 56
301 76
300 97
299 90
298 28
297 64
296 95
295 62
294 58
293 86
292 62
291 38
290 61
289 12
288 73
287 29
286 88
285 43
284 9
283 51
282 55
281 74
280 7
279 84
278 1
277 6
276 49
275 91
274 38
273 98
272 40
271 42
270 36
269 77
268 52
267 79
266 20
265 70
264 50
263 99
262 1
261 45
260 35
259 38
258 78
257 8
256 71
255 62
254 40
253 69
252 44
251 21
250 38
249 63
248 56
247 62
246 4
245 78
244 25
243 25
242 97
241 63
240 4
239 38
238 85
237 80
236 77
235 36
234 30
233 30
232 12
231 20
230 35
229 40
228 59
227 33
226 23
225 14
224 77
223 64
222 41
221 9
220 65
219 66
218 66
217 53
216 20
215 4
214 26
213 62
212 71
211 99
210 71
209 30
208 86
207 21
206 9
205 79
204 4
203 96
202 49
201 10
200 80
199 54
198 42
197 7
196 44
195 4
194 91
193 97
192 82
191 66
190 26
189 76
188 64
187 39
186 96
185 10
184 5
183 54
182 67
181 97
180 34
179 79
178 19
177 48
176 13
175 67
174 95
173 96
172 99
171 99
170 70
169 23
168 83
167 72
166 70
165 34
164 90
163 98
162 60
161 46
160 2
159 14
158 53
157 11
156 59
155 75
154 12
153 17
152 43
151 51
150 43
149 98
148 11
147 62
146 67
145 99
144 17
143 40
142 56
141 87
140 66
139 54
138 85
137 13
136 14
135 33
134 83
133 15
132 56
131 83
130 93
129 100
128 15
127 84
126 72
125 46
124 43
123 88
122 100
121 81
120 93
119 12
118 84
117 100
116 87
115 42
114 85
113 4
112 27
111 12
110 2
109 2
108 32
107 23
106 88
105 51
104 58
103 32
102 89
101 17
100 60
99 87
98 63
97 3
96 83
95 75
94 41
93 81
92 19
91 11
90 63
89 83
88 36
87 32
86 47
85 29
84 15
83 10
82 1
81 40
80 61
79 53
78 60
77 27
76 97
75 98
74 63
73 100
72 14
71 0
70 48
69 67
68 13
67 95
66 70
65 15
64 9
63 86
62 86
61 97
60 33
59 72
58 55
57 24
56 94
55 97
54 54
53 50
52 45
51 13
50 81
49 25
48 75
47 54
46 61
45 9
44 15
43 72
42 49
41 91
40 35
39 91
38 59
37 8
36 17
35 22
34 90
33 81
32 67
31 65
30 25
29 56
28 1
27 30
26 5
25 0
24 38
23 7
22 16
21 82
20 12
19 17
18 75
17 64
16 94
15 63
14 42
13 46
12 24
11 6
10 27
9 14
8 50
7 40
6 97
5 93
4 65
3 5
2 42
1 68
0 77
