10000 24
9999 63
9998 22
9997 46
9996 99
9995 67
9994 69
9993 52
9992 64
9991 34
9990 26
9989 20
9988 39
9987 14
9986 63
9985 62
9984 34
9983 45
9982 44
9981 53
9980 43
9979 28
9978 18
9977 78
9976 34
9975 77
9974 56
9973 45
9972 9
9971 3
9970 43
9969 55
9968 96
9967 83
9966 79
9965 51
9964 62
9963 67
9962 33
9961 51
9960 43
9959 38
9958 43
9957 28
9956 50
9955 85
9954 98
9953 44
9952 72
9951 24
9950 46
9949 97
9948 71
9947 28
9946 92
9945 94
9944 84
9943 52
9942 66
9941 84
9940 51
9939 43
9938 52
9937 66
9936 26
9935 18
9934 80
9933 27
9932 46
9931 14
9930 86
9929 43
9928 7
9927 12
9926 9
9925 83
9924 56
9923 82
9922 96
9921 47
9920 85
9919 100
9918 0
9917 28
9916 4
9915 78
9914 11
9913 19
9912 77
9911 80
9910 28
9909 23
9908 34
9907 39
9906 17
9905 24
9904 39
9903 37
9902 50
9901 79
9900 94
9899 30
9898 48
9897 38
9896 56
9895 80
9894 81
9893 58
9892 8
9891 30
9890 45
9889 5
9888 92
9887 66
9886 38
9885 66
9884 53
9883 71
9882 43
9881 42
9880 72
9879 70
9878 49
9877 43
9876 62
9875 82
9874 33
9873 78
9872 9
9871 61
9870 36
9869 63
9868 50
9867 49
9866 89
9865 3
9864 35
9863 23
9862 0
9861 57
9860 94
9859 27
9858 50
9857 9
9856 48
9855 32
9854 23
9853 100
9852 24
9851 32
9850 76
9849 54
9848 28
9847 61
9846 64
9845 2
9844 44
9843 89
9842 16
9841 99
9840 11
9839 72
9838 20
9837 55
9836 2
9835 26
9834 91
9833 20
9832 27
9831 61
9830 92
9829 98
9828 37
9827 22
9826 71
9825 72
9824 2
9823 75
9822 23
9821 68
9820 85
9819 71
9818 11
9817 30
9816 1
9815 21
9814 26
9813 26
9812 99
9811 72
9810 49
9809 33
9808 11
9807 69
9806 36
9805 51
9804 85
9803 19
9802 0
9801 14
9800 62
9799 26
9798 5
9797 55
9796 63
9795 25
9794 29
9793 12
9792 34
9791 11
9790 72
9789 95
9788 16
9787 1
9786 61
9785 57
9784 97
9783 78
9782 55
9781 44
9780 79
9779 61
9778 79
9777 69
9776 50
9775 92
9774 77
9773 15
9772 51
9771 17
9770 97
9769 41
9768 35
9767 58
9766 100
9765 53
9764 61
9763 45
9762 37
9761 81
9760 37
9759 91
9758 50
9757 34
9756 88
9755 71
9754 45
9753 89
9752 83
9751 88
9750 62
9749 58
9748 24
9747 4
9746 27
9745 57
9744 5
9743 68
9742 78
9741 3
9740 17
9739 55
9738 55
9737 48
9736 53
9735 25
9734 10
9733 61
9732 68
9731 84
9730 12
9729 26
9728 68
9727 34
9726 96
9725 75
9724 38
9723 29
9722 32
9721 24
9720 61
9719 24
9718 3
9717 50
9716 26
9715 3
9714 25
9713 80
9712 57
9711 86
9710 17
9709 92
9708 68
9707 43
9706 81
9705 56
9704 14
9703 63
9702 48
9701 14
9700 31
9699 71
9698 92
9697 45
9696 97
9695 33
9694 28
9693 17
9692 67
9691 39
9690 79
9689 11
9688 92
9687 8
9686 81
9685 40
9684 23
9683 22
9682 84
9681 17
9680 13
9679 31
9678 94
9677 14
9676 100
9675 81
9674 64
9673 84
9672 84
9671 6
9670 23
9669 27
9668 83
9667 45
9666 33
9665 8
9664 9
9663 55
9662 5
9661 46
9660 63
9659 29
9658 8
9657 30
9656 10
9655 57
9654 29
9653 86
9652 82
9651 58
9650 33
9649 86
9648 51
9647 12
9646 24
9645 85
9644 97
9643 19
9642 100
9641 27
9640 41
9639 68
9638 66
9637 22
9636 63
9635 77
9634 42
9633 89
9632 44
9631 46
9630 29
9629 76
9628 84
9627 87
9626 28
9625 18
9624 72
9623 8
9622 83
9621 64
9620 25
9619 26
9618 60
9617 68
9616 46
9615 47
9614 17
9613 81
9612 45
9611 2
9610 73
9609 79
9608 17
9607 23
9606 74
9605 48
9604 90
9603 9
9602 89
9601 49
9600 51
9599 38
9598 77
9597 89
9596 38
9595 23
9594 82
9593 67
9592 41
9591 1
9590 39
9589 66
9588 34
9587 72
9586 9
9585 33
9584 25
9583 7
9582 31
9581 12
9580 39
9579 65
9578 0
9577 5
9576 41
9575 95
9574 43
9573 57
9572 39
9571 39
9570 55
9569 62
9568 53
9567 23
9566 88
9565 17
9564 13
9563 51
9562 5
9561 88
9560 92
9559 25
9558 96
9557 71
9556 83
9555 30
9554 93
9553 35
9552 34
9551 97
9550 45
9549 60
9548 36
9547 4
9546 10
9545 66
9544 9
9543 81
9542 11
9541 28
9540 44
9539 81
9538 67
9537 75
9536 59
9535 95
9534 75
9533 14
9532 42
9531 67
9530 26
9529 56
9528 6
9527 62
9526 15
9525 65
9524 12
9523 39
9522 84
9521 35
9520 20
9519 47
9518 12
9517 97
9516 59
9515 47
9514 70
9513 46
9512 26
9511 89
9510 42
9509 55
9508 34
9507 2
9506 20
9505 60
9504 16
9503 94
9502 55
9501 70
9500 56
9499 71
9498 58
9497 64
9496 58
9495 95
9494 69
9493 42
9492 48
9491 48
9490 67
9489 77
9488 50
9487 40
9486 24
9485 39
9484 23
9483 50
9482 61
9481 44
9480 7
9479 71
9478 86
9477 14
9476 60
9475 14
9474 2
9473 67
9472 45
9471 54
9470 39
9469 83
9468 28
9467 2
9466 6
9465 4
9464 95
9463 47
9462 68
9461 16
9460 17
9459 30
9458 95
9457 6
9456 30
9455 37
9454 30
9453 89
9452 40
9451 64
9450 99
9449 72
9448 51
9447 39
9446 87
9445 88
9444 30
9443 28
9442 65
9441 25
9440 80
9439 76
9438 42
9437 75
9436 16
9435 11
9434 75
9433 5
9432 94
9431 87
9430 82
9429 14
9428 6
9427 35
9426 70
9425 91
9424 92
9423 79
9422 28
9421 71
9420 44
9419 1
9418 96
9417 95
9416 3
9415 40
9414 61
9413 82
9412 25
9411 75
9410 27
9409 53
9408 26
9407 52
9406 23
9405 69
9404 60
9403 70
9402 6
9401 61
9400 1
9399 56
9398 74
9397 9
9396 88
9395 77
9394 4
9393 79
9392 89
9391 67
9390 45
9389 51
9388 36
9387 36
9386 43
9385 3
9384 65
9383 21
9382 29
9381 54
9380 29
9379 44
9378 100
9377 11
9376 64
9375 74
9374 66
9373 70
9372 69
9371 30
9370 5
9369 14
9368 66
9367 40
9366 51
9365 13
9364 26
9363 91
9362 98
9361 51
9360 87
9359 88
9358 94
9357 33
9356 74
9355 32
9354 63
9353 49
9352 49
9351 10
9350 47
9349 10
9348 38
9347 99
9346 3
9345 77
9344 17
9343 21
9342 34
9341 4
9340 77
9339 44
9338 16
9337 66
9336 56
9335 91
9334 10
9333 2
9332 82
9331 60
9330 33
9329 92
9328 33
9327 9
9326 78
9325 57
9324 52
9323 74
9322 80
9321 10
9320 56
9319 64
9318 87
9317 75
9316 51
9315 6
9314 81
9313 39
9312 53
9311 13
9310 69
9309 39
9308 47
9307 48
9306 84
9305 66
9304 45
9303 23
9302 23
9301 59
9300 17
9299 16
9298 85
9297 73
9296 90
9295 63
9294 49
9293 44
9292 96
9291 65
9290 1
9289 58
9288 27
9287 59
9286 28
9285 59
9284 70
9283 75
9282 93
9281 37
9280 73
9279 29
9278 86
9277 57
9276 11
9275 92
9274 77
9273 11
9272 76
9271 65
9270 49
9269 68
9268 89
9267 41
9266 19
9265 96
9264 36
9263 56
9262 70
9261 88
9260 75
9259 53
9258 47
9257 20
9256 16
9255 45
9254 26
9253 10
9252 57
9251 72
9250 12
9249 9
9248 99
9247 61
9246 84
9245 43
9244 93
9243 99
9242 94
9241 83
9240 55
9239 49
9238 96
9237 47
9236 27
9235 34
9234 98
9233 91
9232 41
9231 74
9230 66
9229 73
9228 98
9227 65
9226 50
9225 79
9224 13
9223 24
9222 50
9221 89
9220 21
9219 19
9218 75
9217 47
9216 58
9215 76
9214 20
9213 21
9212 34
9211 90
9210 88
9209 15
9208 40
9207 24
9206 1
9205 64
9204 68
9203 63
9202 10
9201 19
9200 15
9199 10
9198 93
9197 57
9196 33
9195 61
9194 14
9193 23
9192 38
9191 75
9190 12
9189 63
9188 73
9187 75
9186 21
9185 6
9184 55
9183 2
9182 38
9181 16
9180 0
9179 85
9178 14
9177 87
9176 45
9175 45
9174 64
9173 0
9172 81
9171 98
9170 15
9169 81
9168 47
9167 60
9166 6
9165 6
9164 31
9163 67
9162 8
9161 21
9160 1
9159 41
9158 26
9157 89
9156 68
9155 74
9154 62
9153 45
9152 81
9151 27
9150 49
9149 19
9148 28
9147 74
9146 0
9145 1
9144 35
9143 7
9142 29
9141 89
9140 72
9139 71
9138 3
9137 23
9136 57
9135 64
9134 98
9133 56
9132 18
9131 96
9130 11
9129 30
9128 95
9127 40
9126 17
9125 16
9124 24
9123 43
9122 5
9121 28
9120 71
9119 52
9118 68
9117 52
9116 13
9115 6
9114 1
9113 26
9112 89
9111 95
9110 91
9109 73
9108 65
9107 89
9106 39
9105 20
9104 83
9103 58
9102 90
9101 37
9100 90
9099 47
9098 64
9097 60
9096 81
9095 91
9094 75
9093 14
9092 63
9091 98
9090 39
9089 47
9088 76
9087 59
9086 85
9085 67
9084 79
9083 72
9082 40
9081 49
9080 72
9079 18
9078 11
9077 1
9076 4
9075 25
9074 87
9073 85
9072 37
9071 40
9070 36
9069 87
9068 96
9067 24
9066 44
9065 56
9064 84
9063 70
9062 81
9061 53
9060 77
9059 37
9058 37
9057 47
9056 37
9055 75
9054 40
9053 79
9052 15
9051 74
9050 43
9049 33
9048 43
9047 87
9046 67
9045 48
9044 15
9043 13
9042 23
9041 54
9040 97
9039 27
9038 86
9037 89
9036 46
9035 33
9034 38
9033 23
9032 41
9031 17
9030 80
9029 66
9028 4
9027 79
9026 60
9025 73
9024 18
9023 35
9022 5
9021 66
9020 65
9019 28
9018 87
9017 25
9016 46
9015 70
9014 1
9013 31
9012 23
9011 9
9010 97
9009 6
9008 62
9007 90
9006 97
9005 100
9004 98
9003 99
9002 8
9001 36
9000 29
8999 68
8998 33
8997 10
8996 57
8995 39
8994 81
8993 48
8992 99
8991 17
8990 44
8989 31
8988 49
8987 81
8986 2
8985 79
8984 29
8983 37
8982 3
8981 60
8980 19
8979 23
8978 34
8977 49
8976 60
8975 20
8974 39
8973 48
8972 54
8971 97
8970 25
8969 59
8968 40
8967 2
8966 40
8965 9
8964 19
8963 50
8962 68
8961 42
8960 97
8959 8
8958 100
8957 14
8956 2
8955 25
8954 76
8953 85
8952 16
8951 43
8950 75
8949 13
8948 87
8947 25
8946 74
8945 11
8944 8
8943 86
8942 40
8941 40
8940 25
8939 33
8938 91
8937 22
8936 7
8935 24
8934 47
8933 83
8932 70
8931 8
8930 55
8929 39
8928 52
8927 11
8926 5
8925 77
8924 21
8923 36
8922 82
8921 8
8920 74
8919 62
8918 71
8917 76
8916 82
8915 50
8914 65
8913 35
8912 87
8911 90
8910 43
8909 74
8908 33
8907 76
8906 60
8905 73
8904 86
8903 57
8902 51
8901 0
8900 78
8899 45
8898 46
8897 25
8896 71
8895 80
8894 48
8893 19
8892 13
8891 29
8890 31
8889 25
8888 34
8887 72
8886 8
8885 45
8884 37
8883 45
8882 39
8881 3
8880 9
8879 2
8878 17
8877 100
8876 33
8875 1
8874 61
8873 45
8872 32
8871 63
8870 71
8869 90
8868 78
8867 96
8866 67
8865 80
8864 2
8863 88
8862 56
8861 35
8860 69
8859 18
8858 14
8857 46
8856 41
8855 9
8854 41
8853 29
8852 16
8851 80
8850 75
8849 74
8848 36
8847 48
8846 44
8845 84
8844 54
8843 88
8842 38
8841 75
8840 56
8839 18
8838 0
8837 29
8836 32
8835 96
8834 19
8833 86
8832 99
8831 12
8830 49
8829 58
8828 57
8827 54
8826 85
8825 62
8824 15
8823 57
8822 9
8821 9
8820 95
8819 100
8818 67
8817 79
8816 17
8815 21
8814 94
8813 52
8812 64
8811 64
8810 95
8809 67
8808 96
8807 76
8806 65
8805 34
8804 64
8803 10
8802 85
8801 71
8800 85
8799 32
8798 99
8797 20
8796 19
8795 61
8794 83
8793 84
8792 55
8791 20
8790 82
8789 27
8788 93
8787 78
8786 26
8785 92
8784 79
8783 55
8782 2
8781 73
8780 73
8779 33
8778 99
8777 6
8776 33
8775 22
8774 100
8773 91
8772 11
8771 47
8770 89
8769 45
8768 9
8767 46
8766 56
8765 33
8764 49
8763 60
8762 22
8761 68
8760 49
8759 73
8758 76
8757 13
8756 32
8755 8
8754 12
8753 37
8752 36
8751 97
8750 12
8749 50
8748 62
8747 85
8746 80
8745 23
8744 36
8743 49
8742 88
8741 51
8740 59
8739 81
8738 95
8737 30
8736 34
8735 43
8734 61
8733 11
8732 3
8731 53
8730 60
8729 65
8728 86
8727 39
8726 74
8725 29
8724 44
8723 69
8722 72
8721 63
8720 53
8719 94
8718 45
8717 57
8716 97
8715 56
8714 31
8713 32
8712 68
8711 18
8710 98
8709 11
8708 79
8707 60
8706 83
8705 47
8704 10
8703 59
8702 84
8701 58
8700 5
8699 0
8698 22
8697 67
8696 85
8695 58
8694 10
8693 91
8692 42
8691 16
8690 30
8689 14
8688 100
8687 16
8686 36
8685 81
8684 89
8683 4
8682 58
8681 27
8680 31
8679 48
8678 9
8677 83
8676 93
8675 12
8674 22
8673 38
8672 89
8671 13
8670 75
8669 15
8668 0
8667 44
8666 46
8665 61
8664 19
8663 96
8662 62
8661 67
8660 66
8659 54
8658 70
8657 52
8656 11
8655 5
8654 42
8653 38
8652 41
8651 70
8650 73
8649 54
8648 3
8647 25
8646 66
8645 6
8644 7
8643 49
8642 6
8641 5
8640 18
8639 99
8638 90
8637 94
8636 49
8635 73
8634 17
8633 58
8632 62
8631 5
8630 67
8629 97
8628 34
8627 11
8626 53
8625 67
8624 57
8623 44
8622 29
8621 7
8620 15
8619 10
8618 9
8617 96
8616 50
8615 96
8614 22
8613 7
8612 34
8611 94
8610 5
8609 26
8608 13
8607 29
8606 50
8605 49
8604 67
8603 95
8602 20
8601 67
8600 58
8599 32
8598 89
8597 14
8596 36
8595 74
8594 96
8593 57
8592 30
8591 22
8590 46
8589 28
8588 43
8587 30
8586 34
8585 13
8584 54
8583 92
8582 90
8581 52
8580 21
8579 4
8578 48
8577 12
8576 9
8575 27
8574 44
8573 49
8572 68
8571 82
8570 15
8569 94
8568 78
8567 37
8566 8
8565 91
8564 88
8563 41
8562 96
8561 93
8560 0
8559 65
8558 14
8557 48
8556 28
8555 22
8554 16
8553 64
8552 94
8551 70
8550 100
8549 38
8548 28
8547 69
8546 29
8545 74
8544 15
8543 40
8542 36
8541 52
8540 28
8539 26
8538 97
8537 99
8536 79
8535 96
8534 56
8533 86
8532 36
8531 0
8530 36
8529 63
8528 70
8527 14
8526 18
8525 72
8524 31
8523 81
8522 74
8521 30
8520 75
8519 76
8518 70
8517 97
8516 91
8515 8
8514 74
8513 41
8512 100
8511 68
8510 81
8509 71
8508 6
8507 1
8506 13
8505 79
8504 35
8503 82
8502 73
8501 81
8500 27
8499 84
8498 49
8497 72
8496 64
8495 12
8494 1
8493 98
8492 67
8491 17
8490 64
8489 3
8488 99
8487 33
8486 55
8485 63
8484 52
8483 67
8482 22
8481 47
8480 56
8479 44
8478 42
8477 90
8476 99
8475 97
8474 65
8473 3
8472 47
8471 59
8470 83
8469 24
8468 86
8467 57
8466 18
8465 32
8464 66
8463 70
8462 14
8461 14
8460 60
8459 7
8458 82
8457 84
8456 97
8455 86
8454 71
8453 49
8452 53
8451 74
8450 84
8449 38
8448 18
8447 2
8446 88
8445 90
8444 41
8443 27
8442 34
8441 41
8440 22
8439 64
8438 20
8437 91
8436 25
8435 11
8434 5
8433 28
8432 7
8431 30
8430 3
8429 54
8428 82
8427 33
8426 82
8425 51
8424 61
8423 55
8422 57
8421 59
8420 31
8419 52
8418 36
8417 76
8416 81
8415 65
8414 21
8413 9
8412 84
8411 59
8410 56
8409 41
8408 93
8407 22
8406 79
8405 17
8404 76
8403 95
8402 22
8401 83
8400 46
8399 99
8398 62
8397 41
8396 99
8395 65
8394 34
8393 31
8392 43
8391 73
8390 97
8389 70
8388 95
8387 10
8386 95
8385 6
8384 33
8383 1
8382 50
8381 30
8380 83
8379 56
8378 57
8377 45
8376 84
8375 26
8374 6
8373 54
8372 99
8371 78
8370 26
8369 24
8368 94
8367 52
8366 40
8365 29
8364 18
8363 68
8362 35
8361 3
8360 53
8359 12
8358 65
8357 56
8356 19
8355 38
8354 61
8353 49
8352 77
8351 27
8350 37
8349 69
8348 85
8347 92
8346 35
8345 11
8344 7
8343 81
8342 54
8341 30
8340 27
8339 25
8338 55
8337 90
8336 33
8335 58
8334 30
8333 67
8332 73
8331 18
8330 90
8329 84
8328 15
8327 94
8326 96
8325 14
8324 18
8323 20
8322 75
8321 16
8320 75
8319 0
8318 12
8317 37
8316 43
8315 83
8314 3
8313 7
8312 80
8311 74
8310 49
8309 29
8308 59
8307 1
8306 55
8305 71
8304 55
8303 6
8302 38
8301 53
8300 97
8299 7
8298 13
8297 5
8296 71
8295 66
8294 29
8293 28
8292 29
8291 58
8290 18
8289 0
8288 28
8287 18
8286 33
8285 69
8284 19
8283 76
8282 50
8281 82
8280 0
8279 19
8278 43
8277 79
8276 37
8275 15
8274 52
8273 14
8272 10
8271 7
8270 60
8269 53
8268 12
8267 19
8266 71
8265 31
8264 61
8263 20
8262 88
8261 3
8260 76
8259 6
8258 11
8257 6
8256 81
8255 18
8254 76
8253 40
8252 85
8251 33
8250 18
8249 68
8248 9
8247 50
8246 55
8245 49
8244 91
8243 35
8242 43
8241 40
8240 90
8239 85
8238 88
8237 38
8236 77
8235 7
8234 70
8233 24
8232 29
8231 84
8230 81
8229 42
8228 90
8227 22
8226 66
8225 60
8224 52
8223 77
8222 45
8221 100
8220 72
8219 0
8218 8
8217 38
8216 86
8215 60
8214 26
8213 43
8212 88
8211 71
8210 33
8209 88
8208 46
8207 51
8206 46
8205 85
8204 40
8203 32
8202 97
8201 100
8200 69
8199 12
8198 9
8197 20
8196 90
8195 18
8194 65
8193 38
8192 64
8191 49
8190 11
8189 60
8188 33
8187 44
8186 73
8185 17
8184 85
8183 23
8182 34
8181 48
8180 55
8179 97
8178 32
8177 30
8176 80
8175 97
8174 93
8173 66
8172 54
8171 70
8170 29
8169 86
8168 24
8167 60
8166 13
8165 100
8164 68
8163 75
8162 70
8161 57
8160 100
8159 37
8158 59
8157 26
8156 4
8155 64
8154 47
8153 21
8152 51
8151 33
8150 12
8149 19
8148 8
8147 43
8146 54
8145 61
8144 73
8143 76
8142 86
8141 36
8140 69
8139 19
8138 59
8137 70
8136 98
8135 16
8134 32
8133 25
8132 30
8131 16
8130 13
8129 22
8128 47
8127 62
8126 73
8125 21
8124 16
8123 79
8122 61
8121 50
8120 35
8119 82
8118 41
8117 93
8116 49
8115 58
8114 7
8113 17
8112 3
8111 19
8110 78
8109 68
8108 9
8107 41
8106 7
8105 32
8104 51
8103 23
8102 50
8101 70
8100 6
8099 6
8098 22
8097 13
8096 84
8095 3
8094 72
8093 47
8092 49
8091 61
8090 83
8089 68
8088 58
8087 52
8086 37
8085 92
8084 1
8083 70
8082 6
8081 1
8080 94
8079 43
8078 46
8077 27
8076 75
8075 60
8074 1
8073 47
8072 49
8071 21
8070 95
8069 42
8068 21
8067 60
8066 29
8065 18
8064 79
8063 46
8062 64
8061 14
8060 23
8059 95
8058 57
8057 48
8056 71
8055 39
8054 10
8053 100
8052 92
8051 59
8050 92
8049 9
8048 31
8047 38
8046 50
8045 60
8044 85
8043 72
8042 41
8041 47
8040 14
8039 76
8038 47
8037 11
8036 61
8035 20
8034 42
8033 4
8032 96
8031 13
8030 96
8029 35
8028 7
8027 31
8026 2
8025 97
8024 69
8023 28
8022 96
8021 95
8020 57
8019 61
8018 30
8017 25
8016 83
8015 75
8014 90
8013 47
8012 77
8011 48
8010 41
8009 57
8008 9
8007 38
8006 94
8005 87
8004 5
8003 63
8002 40
8001 9
8000 50
7999 55
7998 59
7997 87
7996 95
7995 100
7994 56
7993 45
7992 67
7991 10
7990 79
7989 11
7988 70
7987 45
7986 47
7985 87
7984 59
7983 9
7982 93
7981 10
7980 88
7979 1
7978 88
7977 57
7976 91
7975 48
7974 49
7973 23
7972 90
7971 97
7970 95
7969 68
7968 74
7967 87
7966 44
7965 75
7964 28
7963 34
7962 6
7961 24
7960 58
7959 94
7958 96
7957 3
7956 25
7955 56
7954 57
7953 50
7952 3
7951 37
7950 33
7949 89
7948 25
7947 59
7946 4
7945 74
7944 48
7943 74
7942 39
7941 37
7940 29
7939 60
7938 50
7937 57
7936 25
7935 8
7934 62
7933 24
7932 31
7931 76
7930 16
7929 96
7928 7
7927 39
7926 68
7925 32
7924 5
7923 67
7922 25
7921 98
7920 25
7919 89
7918 81
7917 23
7916 82
7915 62
7914 34
7913 75
7912 61
7911 90
7910 68
7909 56
7908 38
7907 78
7906 87
7905 78
7904 44
7903 14
7902 43
7901 20
7900 83
7899 11
7898 66
7897 44
7896 22
7895 39
7894 1
7893 82
7892 82
7891 28
7890 35
7889 38
7888 29
7887 68
7886 86
7885 54
7884 69
7883 1
7882 63
7881 95
7880 68
7879 96
7878 28
7877 13
7876 22
7875 12
7874 57
7873 21
7872 82
7871 49
7870 74
7869 25
7868 99
7867 90
7866 51
7865 22
7864 60
7863 82
7862 95
7861 83
7860 18
7859 30
7858 82
7857 51
7856 54
7855 4
7854 87
7853 54
7852 5
7851 51
7850 58
7849 54
7848 23
7847 6
7846 54
7845 4
7844 49
7843 14
7842 100
7841 74
7840 44
7839 89
7838 72
7837 20
7836 64
7835 11
7834 27
7833 56
7832 79
7831 16
7830 41
7829 16
7828 19
7827 56
7826 70
7825 30
7824 77
7823 9
7822 24
7821 44
7820 57
7819 67
7818 85
7817 85
7816 93
7815 50
7814 51
7813 25
7812 4
7811 27
7810 88
7809 36
7808 85
7807 96
7806 100
7805 62
7804 92
7803 24
7802 21
7801 33
7800 64
7799 21
7798 72
7797 94
7796 10
7795 84
7794 43
7793 30
7792 56
7791 9
7790 79
7789 12
7788 51
7787 52
7786 73
7785 44
7784 6
7783 67
7782 100
7781 36
7780 61
7779 66
7778 97
7777 84
7776 100
7775 71
7774 57
7773 20
7772 80
7771 35
7770 85
7769 93
7768 88
7767 95
7766 99
7765 88
7764 95
7763 48
7762 16
7761 80
7760 74
7759 95
7758 13
7757 10
7756 20
7755 60
7754 86
7753 38
7752 62
7751 17
7750 12
7749 44
7748 84
7747 42
7746 98
7745 42
7744 43
7743 14
7742 70
7741 74
7740 85
7739 43
7738 44
7737 57
7736 54
7735 75
7734 60
7733 6
7732 43
7731 16
7730 35
7729 2
7728 90
7727 69
7726 10
7725 93
7724 62
7723 53
7722 47
7721 32
7720 0
7719 95
7718 89
7717 8
7716 34
7715 67
7714 13
7713 2
7712 44
7711 78
7710 98
7709 42
7708 99
7707 77
7706 97
7705 2
7704 3
7703 6
7702 68
7701 53
7700 0
7699 25
7698 9
7697 69
7696 83
7695 20
7694 69
7693 96
7692 0
7691 70
7690 70
7689 36
7688 7
7687 9
7686 55
7685 63
7684 3
7683 32
7682 25
7681 82
7680 78
7679 59
7678 62
7677 17
7676 10
7675 7
7674 33
7673 40
7672 73
7671 82
7670 23
7669 49
7668 43
7667 27
7666 40
7665 17
7664 14
7663 90
7662 39
7661 63
7660 95
7659 89
7658 2
7657 81
7656 86
7655 49
7654 47
7653 36
7652 70
7651 8
7650 10
7649 97
7648 7
7647 61
7646 41
7645 1
7644 62
7643 93
7642 47
7641 25
7640 81
7639 65
7638 69
7637 97
7636 33
7635 2
7634 47
7633 84
7632 46
7631 91
7630 58
7629 3
7628 0
7627 20
7626 57
7625 95
7624 62
7623 5
7622 100
7621 14
7620 29
7619 10
7618 71
7617 13
7616 46
7615 91
7614 73
7613 34
7612 67
7611 85
7610 27
7609 30
7608 2
7607 65
7606 71
7605 56
7604 59
7603 11
7602 3
7601 61
7600 2
7599 34
7598 66
7597 73
7596 38
7595 6
7594 8
7593 83
7592 48
7591 76
7590 50
7589 34
7588 49
7587 52
7586 15
7585 3
7584 15
7583 48
7582 25
7581 33
7580 81
7579 50
7578 8
7577 58
7576 5
7575 87
7574 13
7573 1
7572 18
7571 83
7570 60
7569 24
7568 96
7567 70
7566 77
7565 51
7564 70
7563 81
7562 45
7561 67
7560 82
7559 7
7558 83
7557 89
7556 53
7555 80
7554 72
7553 89
7552 34
7551 99
7550 19
7549 54
7548 41
7547 57
7546 43
7545 27
7544 32
7543 68
7542 16
7541 57
7540 82
7539 6
7538 75
7537 40
7536 1
7535 61
7534 29
7533 67
7532 58
7531 92
7530 67
7529 55
7528 89
7527 71
7526 51
7525 99
7524 36
7523 69
7522 23
7521 17
7520 35
7519 100
7518 73
7517 100
7516 92
7515 47
7514 22
7513 43
7512 21
7511 88
7510 69
7509 12
7508 51
7507 58
7506 79
7505 93
7504 14
7503 77
7502 76
7501 28
7500 45
7499 5
7498 53
7497 81
7496 83
7495 86
7494 45
7493 29
7492 84
7491 91
7490 99
7489 91
7488 70
7487 7
7486 34
7485 14
7484 1
7483 40
7482 92
7481 52
7480 39
7479 67
7478 46
7477 86
7476 58
7475 68
7474 0
7473 25
7472 33
7471 22
7470 0
7469 71
7468 24
7467 52
7466 57
7465 39
7464 96
7463 40
7462 3
7461 99
7460 36
7459 29
7458 92
7457 70
7456 87
7455 72
7454 11
7453 94
7452 45
7451 51
7450 10
7449 26
7448 79
7447 69
7446 82
7445 93
7444 77
7443 86
7442 63
7441 82
7440 60
7439 54
7438 8
7437 32
7436 43
7435 64
7434 29
7433 56
7432 36
7431 20
7430 59
7429 3
7428 74
7427 7
7426 74
7425 86
7424 57
7423 46
7422 81
7421 46
7420 5
7419 10
7418 78
7417 39
7416 72
7415 29
7414 59
7413 79
7412 59
7411 93
7410 43
7409 45
7408 80
7407 56
7406 66
7405 53
7404 80
7403 56
7402 4
7401 12
7400 27
7399 18
7398 45
7397 76
7396 10
7395 27
7394 23
7393 69
7392 41
7391 56
7390 92
7389 34
7388 40
7387 98
7386 70
7385 90
7384 38
7383 52
7382 51
7381 72
7380 89
7379 36
7378 40
7377 20
7376 46
7375 10
7374 18
7373 37
7372 86
7371 94
7370 17
7369 54
7368 91
7367 97
7366 28
7365 47
7364 32
7363 46
7362 92
7361 47
7360 5
7359 38
7358 27
7357 75
7356 37
7355 42
7354 2
7353 27
7352 13
7351 99
7350 49
7349 75
7348 2
7347 83
7346 62
7345 12
7344 57
7343 30
7342 30
7341 35
7340 89
7339 38
7338 78
7337 7
7336 42
7335 14
7334 67
7333 82
7332 56
7331 87
7330 12
7329 29
7328 44
7327 86
7326 86
7325 14
7324 64
7323 42
7322 40
7321 90
7320 40
7319 81
7318 71
7317 81
7316 81
7315 60
7314 59
7313 42
7312 83
7311 12
7310 65
7309 88
7308 45
7307 13
7306 45
7305 52
7304 19
7303 30
7302 31
7301 49
7300 60
7299 95
7298 51
7297 95
7296 53
7295 55
7294 52
7293 59
7292 5
7291 12
7290 42
7289 72
7288 48
7287 42
7286 32
7285 92
7284 13
7283 18
7282 49
7281 4
7280 52
7279 23
7278 85
7277 96
7276 42
7275 53
7274 67
7273 68
7272 66
7271 77
7270 14
7269 34
7268 36
7267 5
7266 71
7265 93
7264 3
7263 38
7262 57
7261 18
7260 7
7259 16
7258 44
7257 47
7256 26
7255 81
7254 56
7253 55
7252 67
7251 80
7250 46
7249 82
7248 75
7247 4
7246 92
7245 13
7244 52
7243 95
7242 4
7241 38
7240 25
7239 10
7238 43
7237 52
7236 80
7235 97
7234 91
7233 28
7232 43
7231 87
7230 99
7229 40
7228 28
7227 63
7226 38
7225 47
7224 81
7223 23
7222 10
7221 43
7220 28
7219 2
7218 89
7217 74
7216 15
7215 49
7214 28
7213 1
7212 35
7211 61
7210 67
7209 92
7208 28
7207 22
7206 74
7205 67
7204 73
7203 43
7202 68
7201 43
7200 93
7199 80
7198 78
7197 85
7196 26
7195 93
7194 70
7193 64
7192 24
7191 9
7190 62
7189 18
7188 17
7187 76
7186 67
7185 57
7184 9
7183 54
7182 9
7181 73
7180 95
7179 54
7178 28
7177 36
7176 7
7175 8
7174 90
7173 50
7172 27
7171 60
7170 75
7169 24
7168 65
7167 16
7166 29
7165 61
7164 9
7163 50
7162 25
7161 43
7160 80
7159 26
7158 49
7157 68
7156 2
7155 87
7154 14
7153 11
7152 82
7151 51
7150 19
7149 61
7148 17
7147 35
7146 47
7145 66
7144 56
7143 54
7142 20
7141 4
7140 100
7139 13
7138 68
7137 42
7136 55
7135 88
7134 75
7133 4
7132 37
7131 88
7130 34
7129 66
7128 18
7127 92
7126 68
7125 98
7124 27
7123 93
7122 40
7121 19
7120 72
7119 16
7118 42
7117 53
7116 32
7115 14
7114 85
7113 19
7112 42
7111 79
7110 24
7109 3
7108 94
7107 54
7106 7
7105 48
7104 13
7103 5
7102 65
7101 74
7100 15
7099 21
7098 100
7097 53
7096 46
7095 13
7094 55
7093 60
7092 34
7091 61
7090 17
7089 35
7088 48
7087 50
7086 16
7085 4
7084 51
7083 64
7082 74
7081 25
7080 25
7079 71
7078 26
7077 58
7076 33
7075 23
7074 14
7073 64
7072 93
7071 47
7070 39
7069 38
7068 57
7067 16
7066 77
7065 31
7064 19
7063 61
7062 76
7061 0
7060 4
7059 79
7058 82
7057 17
7056 83
7055 37
7054 29
7053 26
7052 89
7051 77
7050 35
7049 50
7048 37
7047 40
7046 94
7045 59
7044 98
7043 36
7042 73
7041 1
7040 43
7039 49
7038 20
7037 1
7036 63
7035 22
7034 7
7033 50
7032 11
7031 32
7030 8
7029 17
7028 87
7027 35
7026 86
7025 41
7024 70
7023 84
7022 71
7021 19
7020 50
7019 74
7018 66
7017 8
7016 0
7015 67
7014 89
7013 22
7012 12
7011 14
7010 32
7009 45
7008 49
7007 22
7006 51
7005 61
7004 96
7003 41
7002 42
7001 23
7000 15
6999 44
6998 41
6997 36
6996 86
6995 7
6994 33
6993 65
6992 68
6991 31
6990 52
6989 73
6988 47
6987 28
6986 16
6985 9
6984 34
6983 98
6982 35
6981 45
6980 85
6979 96
6978 64
6977 87
6976 82
6975 83
6974 98
6973 98
6972 80
6971 83
6970 18
6969 96
6968 55
6967 93
6966 55
6965 88
6964 98
6963 45
6962 31
6961 80
6960 94
6959 73
6958 23
6957 85
6956 52
6955 45
6954 73
6953 62
6952 74
6951 31
6950 56
6949 87
6948 86
6947 21
6946 79
6945 67
6944 88
6943 37
6942 70
6941 31
6940 30
6939 10
6938 88
6937 65
6936 30
6935 80
6934 96
6933 13
6932 42
6931 30
6930 56
6929 20
6928 75
6927 63
6926 56
6925 49
6924 87
6923 74
6922 15
6921 88
6920 39
6919 40
6918 93
6917 37
6916 78
6915 35
6914 71
6913 32
6912 1
6911 50
6910 69
6909 56
6908 8
6907 78
6906 69
6905 64
6904 82
6903 59
6902 89
6901 34
6900 81
6899 44
6898 9
6897 15
6896 76
6895 45
6894 52
6893 88
6892 8
6891 59
6890 4
6889 17
6888 87
6887 59
6886 2
6885 44
6884 63
6883 95
6882 41
6881 62
6880 22
6879 96
6878 16
6877 19
6876 25
6875 24
6874 19
6873 21
6872 53
6871 94
6870 21
6869 49
6868 14
6867 89
6866 12
6865 36
6864 94
6863 50
6862 94
6861 59
6860 69
6859 18
6858 61
6857 1
6856 76
6855 14
6854 61
6853 81
6852 62
6851 97
6850 65
6849 47
6848 47
6847 96
6846 18
6845 26
6844 20
6843 98
6842 24
6841 32
6840 95
6839 68
6838 59
6837 30
6836 54
6835 67
6834 98
6833 55
6832 90
6831 46
6830 9
6829 5
6828 3
6827 90
6826 68
6825 42
6824 49
6823 32
6822 44
6821 25
6820 59
6819 8
6818 100
6817 41
6816 75
6815 46
6814 39
6813 56
6812 53
6811 58
6810 14
6809 27
6808 46
6807 98
6806 94
6805 10
6804 28
6803 78
6802 38
6801 27
6800 24
6799 89
6798 93
6797 12
6796 54
6795 81
6794 87
6793 95
6792 68
6791 40
6790 54
6789 31
6788 47
6787 22
6786 99
6785 26
6784 91
6783 16
6782 45
6781 35
6780 33
6779 53
6778 64
6777 92
6776 86
6775 43
6774 38
6773 76
6772 27
6771 34
6770 1
6769 26
6768 62
6767 54
6766 24
6765 42
6764 65
6763 72
6762 12
6761 98
6760 84
6759 54
6758 25
6757 20
6756 94
6755 2
6754 38
6753 86
6752 28
6751 49
6750 85
6749 16
6748 26
6747 39
6746 42
6745 81
6744 30
6743 14
6742 72
6741 8
6740 21
6739 73
6738 80
6737 63
6736 77
6735 9
6734 19
6733 41
6732 38
6731 2
6730 46
6729 39
6728 44
6727 59
6726 31
6725 95
6724 76
6723 35
6722 8
6721 55
6720 10
6719 32
6718 19
6717 19
6716 5
6715 2
6714 95
6713 52
6712 95
6711 2
6710 11
6709 6
6708 13
6707 0
6706 11
6705 22
6704 0
6703 37
6702 55
6701 94
6700 64
6699 76
6698 9
6697 48
6696 91
6695 7
6694 82
6693 31
6692 14
6691 35
6690 32
6689 55
6688 32
6687 31
6686 46
6685 49
6684 44
6683 28
6682 34
6681 28
6680 37
6679 25
6678 55
6677 22
6676 38
6675 51
6674 80
6673 25
6672 29
6671 18
6670 33
6669 41
6668 16
6667 39
6666 44
6665 59
6664 0
6663 43
6662 84
6661 51
6660 34
6659 82
6658 33
6657 97
6656 61
6655 96
6654 70
6653 100
6652 81
6651 38
6650 58
6649 71
6648 10
6647 80
6646 95
6645 1
6644 58
6643 42
6642 61
6641 32
6640 80
6639 15
6638 9
6637 64
6636 11
6635 21
6634 53
6633 29
6632 11
6631 43
6630 22
6629 10
6628 86
6627 14
6626 3
6625 32
6624 5
6623 30
6622 46
6621 74
6620 35
6619 76
6618 54
6617 34
6616 80
6615 15
6614 62
6613 49
6612 3
6611 99
6610 62
6609 81
6608 72
6607 70
6606 58
6605 41
6604 42
6603 48
6602 14
6601 39
6600 58
6599 90
6598 44
6597 49
6596 37
6595 96
6594 27
6593 83
6592 37
6591 41
6590 91
6589 92
6588 56
6587 26
6586 90
6585 41
6584 89
6583 50
6582 43
6581 33
6580 77
6579 86
6578 68
6577 29
6576 19
6575 74
6574 17
6573 51
6572 39
6571 76
6570 23
6569 5
6568 4
6567 87
6566 95
6565 95
6564 25
6563 66
6562 94
6561 13
6560 22
6559 1
6558 74
6557 69
6556 89
6555 50
6554 57
6553 87
6552 22
6551 69
6550 67
6549 4
6548 41
6547 8
6546 7
6545 57
6544 17
6543 22
6542 91
6541 23
6540 72
6539 4
6538 64
6537 40
6536 72
6535 44
6534 19
6533 80
6532 68
6531 24
6530 36
6529 17
6528 95
6527 76
6526 74
6525 69
6524 43
6523 15
6522 7
6521 0
6520 65
6519 38
6518 83
6517 60
6516 100
6515 18
6514 39
6513 88
6512 14
6511 36
6510 25
6509 48
6508 44
6507 80
6506 3
6505 28
6504 34
6503 7
6502 56
6501 95
6500 76
6499 76
6498 32
6497 37
6496 72
6495 48
6494 83
6493 11
6492 45
6491 16
6490 71
6489 54
6488 33
6487 62
6486 61
6485 91
6484 25
6483 14
6482 15
6481 63
6480 29
6479 31
6478 97
6477 14
6476 2
6475 1
6474 96
6473 20
6472 43
6471 48
6470 22
6469 11
6468 100
6467 39
6466 24
6465 47
6464 26
6463 52
6462 6
6461 21
6460 58
6459 23
6458 94
6457 74
6456 51
6455 60
6454 69
6453 99
6452 19
6451 96
6450 33
6449 94
6448 0
6447 65
6446 91
6445 72
6444 93
6443 28
6442 59
6441 6
6440 59
6439 78
6438 61
6437 11
6436 62
6435 83
6434 66
6433 91
6432 89
6431 72
6430 13
6429 13
6428 82
6427 45
6426 38
6425 98
6424 36
6423 15
6422 8
6421 47
6420 18
6419 0
6418 33
6417 82
6416 79
6415 21
6414 89
6413 87
6412 74
6411 15
6410 44
6409 66
6408 39
6407 13
6406 18
6405 22
6404 95
6403 52
6402 64
6401 53
6400 37
6399 35
6398 84
6397 68
6396 30
6395 29
6394 96
6393 98
6392 11
6391 16
6390 34
6389 95
6388 93
6387 34
6386 48
6385 38
6384 5
6383 81
6382 65
6381 86
6380 77
6379 84
6378 3
6377 78
6376 99
6375 63
6374 41
6373 47
6372 5
6371 66
6370 72
6369 86
6368 27
6367 23
6366 70
6365 19
6364 85
6363 8
6362 87
6361 51
6360 83
6359 31
6358 23
6357 71
6356 36
6355 49
6354 35
6353 78
6352 25
6351 91
6350 11
6349 30
6348 52
6347 25
6346 44
6345 67
6344 61
6343 14
6342 6
6341 18
6340 40
6339 38
6338 84
6337 68
6336 71
6335 97
6334 55
6333 100
6332 12
6331 12
6330 57
6329 43
6328 61
6327 44
6326 34
6325 11
6324 36
6323 74
6322 27
6321 44
6320 92
6319 51
6318 63
6317 79
6316 33
6315 72
6314 28
6313 38
6312 51
6311 24
6310 44
6309 32
6308 38
6307 57
6306 40
6305 20
6304 52
6303 41
6302 27
6301 57
6300 48
6299 68
6298 49
6297 85
6296 20
6295 93
6294 9
6293 18
6292 41
6291 73
6290 96
6289 69
6288 24
6287 40
6286 10
6285 77
6284 82
6283 95
6282 16
6281 93
6280 79
6279 50
6278 18
6277 80
6276 60
6275 33
6274 39
6273 87
6272 32
6271 64
6270 18
6269 72
6268 99
6267 57
6266 6
6265 95
6264 35
6263 63
6262 43
6261 21
6260 43
6259 16
6258 35
6257 12
6256 58
6255 22
6254 65
6253 37
6252 89
6251 7
6250 89
6249 89
6248 64
6247 24
6246 67
6245 88
6244 67
6243 73
6242 32
6241 70
6240 86
6239 78
6238 93
6237 45
6236 0
6235 96
6234 85
6233 98
6232 16
6231 92
6230 53
6229 1
6228 86
6227 43
6226 60
6225 20
6224 93
6223 25
6222 57
6221 15
6220 21
6219 37
6218 17
6217 89
6216 79
6215 56
6214 78
6213 29
6212 74
6211 80
6210 78
6209 33
6208 64
6207 97
6206 56
6205 3
6204 53
6203 11
6202 1
6201 20
6200 0
6199 84
6198 14
6197 76
6196 95
6195 72
6194 87
6193 0
6192 32
6191 94
6190 37
6189 40
6188 26
6187 82
6186 12
6185 50
6184 40
6183 20
6182 10
6181 39
6180 63
6179 50
6178 87
6177 95
6176 18
6175 57
6174 29
6173 66
6172 55
6171 73
6170 19
6169 68
6168 68
6167 79
6166 9
6165 45
6164 91
6163 6
6162 63
6161 28
6160 62
6159 98
6158 1
6157 37
6156 42
6155 87
6154 81
6153 32
6152 20
6151 7
6150 57
6149 29
6148 55
6147 68
6146 27
6145 50
6144 86
6143 52
6142 8
6141 16
6140 20
6139 9
6138 35
6137 34
6136 74
6135 63
6134 96
6133 10
6132 32
6131 17
6130 92
6129 18
6128 61
6127 32
6126 19
6125 81
6124 44
6123 99
6122 2
6121 26
6120 30
6119 50
6118 92
6117 22
6116 19
6115 59
6114 91
6113 19
6112 39
6111 52
6110 71
6109 61
6108 78
6107 25
6106 10
6105 26
6104 83
6103 65
6102 20
6101 70
6100 40
6099 58
6098 84
6097 37
6096 27
6095 79
6094 20
6093 34
6092 85
6091 77
6090 12
6089 49
6088 64
6087 87
6086 48
6085 35
6084 74
6083 36
6082 41
6081 90
6080 57
6079 80
6078 57
6077 46
6076 27
6075 42
6074 98
6073 85
6072 19
6071 96
6070 69
6069 3
6068 82
6067 53
6066 12
6065 84
6064 51
6063 61
6062 24
6061 81
6060 9
6059 45
6058 0
6057 4
6056 81
6055 36
6054 54
6053 89
6052 19
6051 51
6050 99
6049 56
6048 65
6047 27
6046 20
6045 11
6044 28
6043 49
6042 43
6041 24
6040 9
6039 30
6038 44
6037 25
6036 72
6035 16
6034 11
6033 35
6032 20
6031 20
6030 17
6029 89
6028 4
6027 28
6026 50
6025 15
6024 13
6023 37
6022 34
6021 3
6020 36
6019 94
6018 7
6017 14
6016 97
6015 70
6014 54
6013 41
6012 12
6011 68
6010 28
6009 32
6008 15
6007 22
6006 54
6005 61
6004 5
6003 17
6002 90
6001 39
6000 68
5999 29
5998 77
5997 58
5996 70
5995 80
5994 1
5993 4
5992 11
5991 98
5990 96
5989 88
5988 75
5987 31
5986 32
5985 96
5984 56
5983 27
5982 19
5981 19
5980 14
5979 86
5978 77
5977 90
5976 26
5975 6
5974 59
5973 93
5972 62
5971 42
5970 57
5969 57
5968 9
5967 87
5966 16
5965 63
5964 78
5963 12
5962 77
5961 27
5960 88
5959 80
5958 50
5957 2
5956 82
5955 3
5954 10
5953 74
5952 65
5951 67
5950 52
5949 16
5948 45
5947 31
5946 0
5945 53
5944 71
5943 72
5942 63
5941 93
5940 85
5939 93
5938 44
5937 29
5936 34
5935 13
5934 66
5933 58
5932 48
5931 88
5930 68
5929 52
5928 85
5927 33
5926 91
5925 93
5924 16
5923 48
5922 33
5921 91
5920 19
5919 8
5918 69
5917 44
5916 72
5915 64
5914 21
5913 81
5912 24
5911 66
5910 6
5909 69
5908 62
5907 60
5906 30
5905 96
5904 18
5903 2
5902 85
5901 2
5900 35
5899 18
5898 58
5897 52
5896 56
5895 83
5894 31
5893 33
5892 36
5891 22
5890 17
5889 22
5888 94
5887 64
5886 51
5885 5
5884 73
5883 56
5882 54
5881 2
5880 1
5879 21
5878 86
5877 14
5876 49
5875 64
5874 59
5873 94
5872 48
5871 36
5870 98
5869 11
5868 8
5867 52
5866 64
5865 84
5864 63
5863 11
5862 74
5861 66
5860 10
5859 50
5858 93
5857 21
5856 15
5855 9
5854 3
5853 24
5852 9
5851 68
5850 5
5849 22
5848 81
5847 93
5846 17
5845 18
5844 97
5843 67
5842 66
5841 86
5840 78
5839 88
5838 7
5837 5
5836 79
5835 6
5834 12
5833 11
5832 53
5831 95
5830 63
5829 54
5828 95
5827 100
5826 64
5825 8
5824 60
5823 30
5822 77
5821 28
5820 26
5819 83
5818 28
5817 68
5816 73
5815 80
5814 97
5813 74
5812 77
5811 83
5810 29
5809 96
5808 24
5807 89
5806 28
5805 8
5804 41
5803 88
5802 14
5801 78
5800 58
5799 50
5798 43
5797 97
5796 36
5795 95
5794 83
5793 64
5792 81
5791 28
5790 6
5789 73
5788 75
5787 24
5786 100
5785 77
5784 94
5783 51
5782 35
5781 44
5780 92
5779 0
5778 95
5777 38
5776 64
5775 19
5774 25
5773 82
5772 35
5771 19
5770 63
5769 24
5768 31
5767 97
5766 39
5765 58
5764 18
5763 72
5762 55
5761 13
5760 29
5759 32
5758 14
5757 29
5756 41
5755 8
5754 14
5753 85
5752 20
5751 70
5750 53
5749 67
5748 77
5747 37
5746 95
5745 99
5744 99
5743 97
5742 6
5741 73
5740 32
5739 33
5738 95
5737 31
5736 46
5735 77
5734 94
5733 24
5732 52
5731 55
5730 32
5729 74
5728 40
5727 83
5726 63
5725 44
5724 44
5723 47
5722 69
5721 67
5720 72
5719 77
5718 55
5717 81
5716 84
5715 65
5714 39
5713 32
5712 60
5711 83
5710 63
5709 35
5708 58
5707 56
5706 53
5705 65
5704 97
5703 90
5702 35
5701 43
5700 9
5699 39
5698 65
5697 90
5696 8
5695 5
5694 100
5693 61
5692 52
5691 45
5690 69
5689 69
5688 77
5687 1
5686 23
5685 18
5684 32
5683 35
5682 1
5681 80
5680 85
5679 25
5678 88
5677 59
5676 43
5675 69
5674 4
5673 10
5672 29
5671 63
5670 71
5669 54
5668 18
5667 81
5666 15
5665 39
5664 58
5663 0
5662 54
5661 79
5660 3
5659 85
5658 46
5657 59
5656 80
5655 55
5654 4
5653 24
5652 64
5651 15
5650 42
5649 8
5648 51
5647 86
5646 12
5645 6
5644 91
5643 96
5642 22
5641 88
5640 38
5639 27
5638 80
5637 40
5636 54
5635 44
5634 92
5633 86
5632 13
5631 22
5630 1
5629 39
5628 2
5627 74
5626 83
5625 80
5624 11
5623 94
5622 68
5621 79
5620 7
5619 24
5618 27
5617 94
5616 98
5615 31
5614 89
5613 35
5612 25
5611 24
5610 70
5609 81
5608 31
5607 2
5606 86
5605 100
5604 53
5603 81
5602 6
5601 45
5600 60
5599 98
5598 34
5597 58
5596 28
5595 44
5594 31
5593 73
5592 15
5591 71
5590 61
5589 38
5588 42
5587 1
5586 83
5585 71
5584 68
5583 21
5582 49
5581 75
5580 93
5579 93
5578 69
5577 45
5576 19
5575 49
5574 75
5573 35
5572 42
5571 33
5570 1
5569 25
5568 100
5567 50
5566 3
5565 9
5564 14
5563 17
5562 81
5561 44
5560 34
5559 0
5558 45
5557 19
5556 4
5555 87
5554 52
5553 23
5552 30
5551 81
5550 24
5549 69
5548 47
5547 44
5546 74
5545 72
5544 83
5543 95
5542 56
5541 77
5540 5
5539 72
5538 53
5537 78
5536 1
5535 50
5534 5
5533 59
5532 78
5531 17
5530 20
5529 77
5528 10
5527 67
5526 17
5525 31
5524 68
5523 66
5522 47
5521 33
5520 28
5519 4
5518 63
5517 12
5516 17
5515 15
5514 38
5513 24
5512 90
5511 3
5510 61
5509 43
5508 73
5507 86
5506 74
5505 59
5504 14
5503 6
5502 34
5501 15
5500 49
5499 83
5498 43
5497 0
5496 60
5495 18
5494 50
5493 85
5492 87
5491 51
5490 1
5489 6
5488 49
5487 21
5486 76
5485 97
5484 31
5483 49
5482 5
5481 95
5480 27
5479 76
5478 33
5477 3
5476 86
5475 48
5474 78
5473 40
5472 77
5471 24
5470 45
5469 65
5468 20
5467 63
5466 53
5465 87
5464 17
5463 37
5462 83
5461 52
5460 17
5459 39
5458 29
5457 4
5456 1
5455 50
5454 55
5453 5
5452 51
5451 55
5450 7
5449 76
5448 88
5447 96
5446 43
5445 17
5444 43
5443 60
5442 93
5441 56
5440 12
5439 96
5438 91
5437 57
5436 96
5435 48
5434 78
5433 34
5432 92
5431 62
5430 0
5429 0
5428 15
5427 99
5426 5
5425 100
5424 96
5423 50
5422 11
5421 15
5420 95
5419 84
5418 6
5417 15
5416 59
5415 45
5414 64
5413 41
5412 63
5411 41
5410 40
5409 35
5408 33
5407 63
5406 26
5405 1
5404 53
5403 11
5402 53
5401 7
5400 92
5399 82
5398 96
5397 80
5396 95
5395 27
5394 57
5393 81
5392 64
5391 91
5390 25
5389 30
5388 78
5387 53
5386 23
5385 76
5384 44
5383 24
5382 9
5381 40
5380 81
5379 32
5378 70
5377 36
5376 91
5375 80
5374 93
5373 100
5372 16
5371 54
5370 35
5369 41
5368 66
5367 57
5366 88
5365 77
5364 63
5363 57
5362 83
5361 82
5360 69
5359 31
5358 40
5357 9
5356 38
5355 57
5354 71
5353 61
5352 14
5351 51
5350 97
5349 73
5348 45
5347 75
5346 85
5345 2
5344 0
5343 2
5342 1
5341 31
5340 5
5339 31
5338 100
5337 50
5336 71
5335 40
5334 80
5333 0
5332 32
5331 47
5330 39
5329 22
5328 79
5327 39
5326 80
5325 83
5324 38
5323 56
5322 35
5321 68
5320 96
5319 49
5318 41
5317 11
5316 11
5315 1
5314 28
5313 85
5312 51
5311 33
5310 59
5309 88
5308 52
5307 43
5306 28
5305 51
5304 58
5303 58
5302 88
5301 64
5300 64
5299 61
5298 92
5297 10
5296 35
5295 19
5294 9
5293 61
5292 65
5291 82
5290 6
5289 11
5288 54
5287 1
5286 98
5285 1
5284 91
5283 42
5282 89
5281 50
5280 83
5279 40
5278 37
5277 69
5276 74
5275 14
5274 81
5273 90
5272 98
5271 27
5270 70
5269 88
5268 84
5267 34
5266 72
5265 21
5264 39
5263 56
5262 5
5261 39
5260 35
5259 95
5258 15
5257 5
5256 6
5255 78
5254 15
5253 94
5252 40
5251 74
5250 37
5249 63
5248 21
5247 0
5246 5
5245 40
5244 44
5243 64
5242 26
5241 36
5240 41
5239 30
5238 90
5237 10
5236 40
5235 61
5234 95
5233 38
5232 30
5231 93
5230 16
5229 55
5228 59
5227 92
5226 56
5225 85
5224 43
5223 32
5222 38
5221 42
5220 39
5219 44
5218 21
5217 42
5216 10
5215 32
5214 13
5213 32
5212 80
5211 65
5210 83
5209 62
5208 88
5207 94
5206 50
5205 89
5204 68
5203 66
5202 42
5201 99
5200 99
5199 96
5198 94
5197 8
5196 82
5195 21
5194 79
5193 49
5192 34
5191 46
5190 34
5189 15
5188 8
5187 82
5186 79
5185 6
5184 69
5183 100
5182 38
5181 71
5180 96
5179 99
5178 98
5177 49
5176 39
5175 89
5174 58
5173 66
5172 79
5171 30
5170 89
5169 83
5168 52
5167 87
5166 52
5165 7
5164 17
5163 64
5162 5
5161 48
5160 82
5159 99
5158 57
5157 36
5156 8
5155 46
5154 82
5153 46
5152 81
5151 83
5150 77
5149 5
5148 17
5147 64
5146 93
5145 80
5144 4
5143 74
5142 68
5141 91
5140 44
5139 78
5138 14
5137 90
5136 24
5135 58
5134 26
5133 72
5132 60
5131 74
5130 83
5129 56
5128 95
5127 92
5126 2
5125 67
5124 86
5123 24
5122 69
5121 56
5120 5
5119 89
5118 72
5117 7
5116 82
5115 14
5114 16
5113 55
5112 6
5111 88
5110 79
5109 86
5108 62
5107 31
5106 94
5105 32
5104 83
5103 90
5102 94
5101 56
5100 47
5099 59
5098 86
5097 52
5096 1
5095 96
5094 9
5093 94
5092 3
5091 72
5090 6
5089 0
5088 24
5087 22
5086 19
5085 68
5084 65
5083 8
5082 35
5081 70
5080 36
5079 23
5078 85
5077 60
5076 44
5075 10
5074 14
5073 54
5072 14
5071 20
5070 24
5069 82
5068 79
5067 60
5066 97
5065 95
5064 87
5063 87
5062 11
5061 20
5060 46
5059 0
5058 2
5057 1
5056 44
5055 98
5054 72
5053 29
5052 46
5051 73
5050 24
5049 46
5048 100
5047 47
5046 5
5045 94
5044 0
5043 66
5042 61
5041 61
5040 31
5039 49
5038 4
5037 37
5036 46
5035 54
5034 36
5033 59
5032 43
5031 69
5030 65
5029 59
5028 36
5027 75
5026 51
5025 53
5024 64
5023 48
5022 88
5021 49
5020 81
5019 62
5018 99
5017 13
5016 26
5015 94
5014 76
5013 52
5012 98
5011 9
5010 4
5009 12
5008 69
5007 96
5006 80
5005 26
5004 19
5003 5
5002 93
5001 14
5000 35
4999 90
4998 6
4997 72
4996 74
4995 28
4994 97
4993 66
4992 29
4991 72
4990 87
4989 33
4988 9
4987 35
4986 16
4985 62
4984 31
4983 92
4982 52
4981 60
4980 86
4979 94
4978 80
4977 53
4976 98
4975 19
4974 4
4973 24
4972 48
4971 68
4970 87
4969 92
4968 43
4967 10
4966 80
4965 0
4964 48
4963 12
4962 93
4961 41
4960 29
4959 82
4958 42
4957 2
4956 27
4955 4
4954 49
4953 100
4952 100
4951 81
4950 28
4949 7
4948 75
4947 81
4946 81
4945 78
4944 23
4943 26
4942 18
4941 5
4940 79
4939 28
4938 90
4937 17
4936 31
4935 30
4934 10
4933 15
4932 96
4931 2
4930 84
4929 99
4928 73
4927 85
4926 44
4925 57
4924 76
4923 88
4922 24
4921 19
4920 98
4919 28
4918 23
4917 17
4916 98
4915 99
4914 36
4913 3
4912 73
4911 87
4910 56
4909 90
4908 58
4907 12
4906 6
4905 82
4904 23
4903 28
4902 50
4901 27
4900 78
4899 39
4898 15
4897 8
4896 2
4895 66
4894 79
4893 78
4892 58
4891 41
4890 74
4889 7
4888 76
4887 14
4886 61
4885 7
4884 99
4883 47
4882 0
4881 37
4880 36
4879 88
4878 20
4877 81
4876 92
4875 94
4874 95
4873 39
4872 30
4871 77
4870 78
4869 5
4868 64
4867 26
4866 68
4865 39
4864 99
4863 72
4862 99
4861 60
4860 21
4859 93
4858 51
4857 81
4856 89
4855 71
4854 63
4853 56
4852 42
4851 59
4850 68
4849 19
4848 21
4847 0
4846 51
4845 98
4844 11
4843 64
4842 1
4841 34
4840 58
4839 89
4838 25
4837 33
4836 39
4835 94
4834 74
4833 78
4832 81
4831 1
4830 12
4829 81
4828 88
4827 61
4826 16
4825 51
4824 12
4823 63
4822 36
4821 53
4820 41
4819 88
4818 95
4817 31
4816 72
4815 61
4814 63
4813 69
4812 65
4811 75
4810 3
4809 35
4808 3
4807 39
4806 37
4805 73
4804 75
4803 51
4802 41
4801 67
4800 0
4799 90
4798 6
4797 31
4796 25
4795 0
4794 34
4793 37
4792 19
4791 93
4790 28
4789 58
4788 80
4787 100
4786 9
4785 77
4784 25
4783 50
4782 10
4781 43
4780 58
4779 3
4778 9
4777 22
4776 23
4775 99
4774 47
4773 58
4772 34
4771 10
4770 22
4769 12
4768 2
4767 95
4766 11
4765 22
4764 61
4763 1
4762 31
4761 44
4760 68
4759 68
4758 62
4757 8
4756 48
4755 7
4754 8
4753 60
4752 5
4751 95
4750 57
4749 3
4748 80
4747 97
4746 88
4745 52
4744 57
4743 57
4742 28
4741 72
4740 2
4739 28
4738 17
4737 43
4736 34
4735 29
4734 31
4733 84
4732 3
4731 52
4730 34
4729 89
4728 29
4727 74
4726 21
4725 40
4724 77
4723 37
4722 62
4721 3
4720 86
4719 4
4718 26
4717 95
4716 41
4715 0
4714 56
4713 41
4712 70
4711 72
4710 84
4709 47
4708 17
4707 88
4706 94
4705 39
4704 33
4703 45
4702 28
4701 2
4700 76
4699 55
4698 73
4697 92
4696 26
4695 35
4694 25
4693 24
4692 17
4691 29
4690 72
4689 3
4688 87
4687 55
4686 76
4685 20
4684 38
4683 4
4682 8
4681 26
4680 65
4679 41
4678 59
4677 86
4676 64
4675 62
4674 69
4673 81
4672 93
4671 66
4670 97
4669 86
4668 90
4667 38
4666 16
4665 83
4664 36
4663 41
4662 51
4661 39
4660 83
4659 53
4658 53
4657 50
4656 83
4655 13
4654 42
4653 90
4652 97
4651 69
4650 26
4649 14
4648 94
4647 57
4646 15
4645 36
4644 57
4643 87
4642 86
4641 62
4640 2
4639 40
4638 23
4637 6
4636 100
4635 83
4634 29
4633 6
4632 48
4631 14
4630 44
4629 69
4628 76
4627 45
4626 19
4625 17
4624 66
4623 7
4622 40
4621 30
4620 60
4619 32
4618 28
4617 38
4616 1
4615 90
4614 27
4613 19
4612 4
4611 14
4610 43
4609 65
4608 43
4607 17
4606 43
4605 66
4604 54
4603 52
4602 14
4601 9
4600 78
4599 24
4598 12
4597 38
4596 1
4595 62
4594 61
4593 61
4592 29
4591 99
4590 75
4589 53
4588 12
4587 39
4586 6
4585 0
4584 97
4583 88
4582 83
4581 53
4580 47
4579 79
4578 50
4577 30
4576 43
4575 66
4574 10
4573 3
4572 9
4571 39
4570 34
4569 18
4568 41
4567 14
4566 76
4565 67
4564 9
4563 27
4562 5
4561 73
4560 38
4559 80
4558 64
4557 85
4556 33
4555 49
4554 35
4553 62
4552 65
4551 76
4550 62
4549 52
4548 14
4547 39
4546 45
4545 11
4544 27
4543 12
4542 33
4541 61
4540 65
4539 69
4538 34
4537 19
4536 82
4535 81
4534 96
4533 65
4532 16
4531 25
4530 56
4529 57
4528 49
4527 31
4526 18
4525 14
4524 83
4523 94
4522 70
4521 50
4520 34
4519 27
4518 62
4517 59
4516 92
4515 31
4514 99
4513 6
4512 7
4511 42
4510 59
4509 62
4508 60
4507 66
4506 46
4505 6
4504 61
4503 94
4502 26
4501 44
4500 88
4499 92
4498 50
4497 57
4496 19
4495 98
4494 23
4493 7
4492 67
4491 81
4490 6
4489 4
4488 21
4487 76
4486 94
4485 54
4484 66
4483 73
4482 78
4481 36
4480 79
4479 33
4478 86
4477 9
4476 95
4475 75
4474 6
4473 75
4472 97
4471 71
4470 87
4469 75
4468 77
4467 39
4466 37
4465 26
4464 40
4463 7
4462 12
4461 41
4460 18
4459 57
4458 74
4457 22
4456 25
4455 1
4454 60
4453 64
4452 96
4451 70
4450 72
4449 21
4448 63
4447 92
4446 27
4445 64
4444 8
4443 39
4442 74
4441 88
4440 36
4439 25
4438 10
4437 55
4436 11
4435 94
4434 66
4433 72
4432 76
4431 98
4430 49
4429 70
4428 96
4427 39
4426 52
4425 68
4424 10
4423 82
4422 10
4421 83
4420 41
4419 47
4418 3
4417 25
4416 68
4415 62
4414 71
4413 44
4412 63
4411 3
4410 95
4409 14
4408 76
4407 32
4406 92
4405 27
4404 11
4403 66
4402 29
4401 24
4400 40
4399 83
4398 61
4397 40
4396 8
4395 45
4394 92
4393 3
4392 23
4391 27
4390 70
4389 17
4388 31
4387 78
4386 68
4385 49
4384 20
4383 92
4382 85
4381 72
4380 62
4379 42
4378 16
4377 7
4376 47
4375 77
4374 72
4373 74
4372 18
4371 49
4370 53
4369 19
4368 13
4367 74
4366 50
4365 7
4364 8
4363 23
4362 89
4361 6
4360 11
4359 8
4358 81
4357 52
4356 88
4355 35
4354 100
4353 28
4352 9
4351 81
4350 58
4349 73
4348 23
4347 80
4346 72
4345 21
4344 21
4343 7
4342 54
4341 88
4340 60
4339 38
4338 71
4337 42
4336 45
4335 26
4334 88
4333 40
4332 54
4331 45
4330 91
4329 65
4328 4
4327 99
4326 21
4325 42
4324 50
4323 49
4322 23
4321 84
4320 10
4319 52
4318 19
4317 23
4316 52
4315 29
4314 96
4313 6
4312 4
4311 51
4310 62
4309 4
4308 52
4307 3
4306 13
4305 79
4304 25
4303 14
4302 54
4301 82
4300 73
4299 4
4298 37
4297 12
4296 95
4295 20
4294 97
4293 81
4292 98
4291 79
4290 7
4289 7
4288 55
4287 98
4286 25
4285 52
4284 61
4283 1
4282 82
4281 72
4280 92
4279 95
4278 92
4277 55
4276 72
4275 78
4274 87
4273 31
4272 16
4271 68
4270 1
4269 7
4268 86
4267 8
4266 87
4265 65
4264 20
4263 27
4262 84
4261 72
4260 96
4259 29
4258 27
4257 34
4256 72
4255 22
4254 18
4253 51
4252 34
4251 85
4250 48
4249 93
4248 78
4247 88
4246 43
4245 59
4244 11
4243 72
4242 23
4241 9
4240 33
4239 63
4238 13
4237 73
4236 13
4235 74
4234 82
4233 81
4232 6
4231 26
4230 6
4229 39
4228 14
4227 14
4226 35
4225 15
4224 84
4223 27
4222 97
4221 16
4220 60
4219 74
4218 59
4217 18
4216 57
4215 28
4214 71
4213 42
4212 56
4211 74
4210 29
4209 51
4208 18
4207 44
4206 2
4205 17
4204 100
4203 83
4202 35
4201 96
4200 43
4199 45
4198 100
4197 40
4196 0
4195 25
4194 82
4193 81
4192 68
4191 21
4190 55
4189 24
4188 15
4187 67
4186 7
4185 29
4184 86
4183 87
4182 20
4181 48
4180 76
4179 30
4178 36
4177 13
4176 53
4175 36
4174 98
4173 66
4172 87
4171 80
4170 84
4169 79
4168 100
4167 24
4166 42
4165 19
4164 93
4163 91
4162 25
4161 61
4160 11
4159 73
4158 63
4157 71
4156 52
4155 70
4154 7
4153 91
4152 25
4151 53
4150 90
4149 89
4148 91
4147 56
4146 75
4145 41
4144 78
4143 56
4142 69
4141 83
4140 71
4139 57
4138 37
4137 97
4136 29
4135 32
4134 5
4133 97
4132 83
4131 63
4130 5
4129 83
4128 27
4127 92
4126 52
4125 87
4124 65
4123 83
4122 50
4121 54
4120 16
4119 25
4118 94
4117 43
4116 35
4115 29
4114 2
4113 21
4112 10
4111 36
4110 47
4109 58
4108 46
4107 20
4106 87
4105 35
4104 75
4103 72
4102 73
4101 65
4100 90
4099 39
4098 5
4097 3
4096 63
4095 86
4094 37
4093 40
4092 65
4091 83
4090 41
4089 94
4088 79
4087 13
4086 100
4085 66
4084 97
4083 29
4082 39
4081 58
4080 3
4079 98
4078 39
4077 76
4076 0
4075 5
4074 78
4073 21
4072 13
4071 1
4070 79
4069 16
4068 56
4067 5
4066 75
4065 27
4064 11
4063 79
4062 55
4061 86
4060 95
4059 57
4058 27
4057 20
4056 29
4055 62
4054 34
4053 51
4052 62
4051 46
4050 91
4049 1
4048 67
4047 87
4046 83
4045 56
4044 92
4043 38
4042 82
4041 51
4040 92
4039 54
4038 13
4037 20
4036 76
4035 9
4034 72
4033 34
4032 36
4031 100
4030 94
4029 5
4028 92
4027 71
4026 44
4025 61
4024 89
4023 45
4022 13
4021 96
4020 61
4019 56
4018 59
4017 59
4016 32
4015 70
4014 52
4013 39
4012 78
4011 54
4010 19
4009 66
4008 29
4007 72
4006 13
4005 27
4004 48
4003 35
4002 72
4001 81
4000 75
3999 71
3998 8
3997 88
3996 87
3995 14
3994 53
3993 59
3992 90
3991 10
3990 92
3989 23
3988 97
3987 42
3986 57
3985 65
3984 82
3983 93
3982 78
3981 8
3980 59
3979 25
3978 64
3977 45
3976 89
3975 70
3974 59
3973 83
3972 72
3971 93
3970 61
3969 54
3968 87
3967 73
3966 69
3965 4
3964 18
3963 55
3962 59
3961 98
3960 98
3959 82
3958 100
3957 40
3956 60
3955 7
3954 93
3953 59
3952 23
3951 88
3950 14
3949 27
3948 49
3947 40
3946 87
3945 50
3944 80
3943 10
3942 14
3941 42
3940 92
3939 54
3938 54
3937 89
3936 44
3935 61
3934 84
3933 58
3932 20
3931 32
3930 59
3929 79
3928 27
3927 90
3926 57
3925 18
3924 68
3923 64
3922 80
3921 96
3920 17
3919 26
3918 52
3917 14
3916 17
3915 99
3914 15
3913 45
3912 54
3911 82
3910 48
3909 99
3908 49
3907 0
3906 80
3905 10
3904 7
3903 2
3902 24
3901 88
3900 14
3899 54
3898 68
3897 91
3896 81
3895 67
3894 83
3893 11
3892 64
3891 64
3890 19
3889 97
3888 94
3887 10
3886 21
3885 99
3884 25
3883 92
3882 43
3881 1
3880 44
3879 18
3878 24
3877 1
3876 91
3875 14
3874 42
3873 46
3872 99
3871 66
3870 33
3869 60
3868 55
3867 80
3866 70
3865 73
3864 82
3863 79
3862 46
3861 92
3860 95
3859 22
3858 49
3857 98
3856 23
3855 42
3854 57
3853 7
3852 73
3851 95
3850 42
3849 16
3848 21
3847 19
3846 77
3845 96
3844 12
3843 80
3842 26
3841 17
3840 1
3839 57
3838 24
3837 68
3836 6
3835 96
3834 95
3833 64
3832 22
3831 9
3830 16
3829 35
3828 15
3827 19
3826 88
3825 71
3824 0
3823 2
3822 73
3821 41
3820 37
3819 42
3818 97
3817 50
3816 100
3815 86
3814 63
3813 85
3812 99
3811 2
3810 75
3809 41
3808 30
3807 11
3806 39
3805 21
3804 3
3803 47
3802 34
3801 70
3800 14
3799 55
3798 82
3797 9
3796 18
3795 37
3794 18
3793 78
3792 57
3791 7
3790 53
3789 82
3788 19
3787 57
3786 9
3785 38
3784 58
3783 13
3782 47
3781 4
3780 52
3779 3
3778 74
3777 44
3776 45
3775 68
3774 87
3773 90
3772 18
3771 98
3770 34
3769 3
3768 84
3767 39
3766 33
3765 84
3764 47
3763 98
3762 32
3761 30
3760 84
3759 8
3758 50
3757 81
3756 89
3755 92
3754 92
3753 60
3752 40
3751 37
3750 45
3749 74
3748 65
3747 20
3746 50
3745 86
3744 43
3743 66
3742 83
3741 17
3740 68
3739 38
3738 50
3737 93
3736 70
3735 29
3734 95
3733 85
3732 30
3731 73
3730 11
3729 82
3728 51
3727 100
3726 46
3725 21
3724 24
3723 83
3722 95
3721 46
3720 79
3719 46
3718 98
3717 0
3716 9
3715 67
3714 38
3713 91
3712 69
3711 83
3710 73
3709 34
3708 66
3707 2
3706 43
3705 35
3704 100
3703 18
3702 38
3701 91
3700 75
3699 0
3698 38
3697 90
3696 69
3695 1
3694 76
3693 55
3692 34
3691 33
3690 93
3689 79
3688 54
3687 97
3686 34
3685 13
3684 32
3683 19
3682 62
3681 65
3680 61
3679 4
3678 77
3677 10
3676 56
3675 85
3674 83
3673 20
3672 68
3671 2
3670 21
3669 47
3668 48
3667 96
3666 17
3665 84
3664 46
3663 93
3662 51
3661 16
3660 97
3659 60
3658 3
3657 28
3656 52
3655 73
3654 99
3653 43
3652 77
3651 34
3650 13
3649 17
3648 79
3647 1
3646 59
3645 1
3644 10
3643 5
3642 82
3641 29
3640 29
3639 49
3638 5
3637 58
3636 7
3635 13
3634 76
3633 100
3632 60
3631 42
3630 9
3629 10
3628 79
3627 74
3626 64
3625 16
3624 56
3623 82
3622 36
3621 92
3620 100
3619 61
3618 57
3617 24
3616 9
3615 32
3614 18
3613 28
3612 77
3611 83
3610 40
3609 38
3608 20
3607 13
3606 60
3605 92
3604 60
3603 61
3602 88
3601 13
3600 83
3599 31
3598 74
3597 40
3596 52
3595 64
3594 10
3593 83
3592 31
3591 54
3590 5
3589 33
3588 18
3587 14
3586 56
3585 79
3584 20
3583 53
3582 42
3581 64
3580 36
3579 5
3578 56
3577 28
3576 71
3575 97
3574 23
3573 29
3572 78
3571 69
3570 47
3569 19
3568 60
3567 4
3566 26
3565 18
3564 39
3563 37
3562 40
3561 45
3560 82
3559 88
3558 16
3557 82
3556 98
3555 42
3554 56
3553 38
3552 14
3551 28
3550 35
3549 16
3548 35
3547 61
3546 75
3545 9
3544 37
3543 19
3542 9
3541 98
3540 55
3539 51
3538 82
3537 30
3536 12
3535 40
3534 27
3533 78
3532 3
3531 42
3530 22
3529 98
3528 72
3527 24
3526 33
3525 74
3524 16
3523 24
3522 33
3521 33
3520 45
3519 45
3518 91
3517 40
3516 23
3515 84
3514 77
3513 36
3512 28
3511 13
3510 71
3509 79
3508 75
3507 5
3506 35
3505 99
3504 49
3503 58
3502 24
3501 63
3500 28
3499 0
3498 16
3497 29
3496 38
3495 68
3494 66
3493 9
3492 43
3491 33
3490 26
3489 38
3488 92
3487 53
3486 94
3485 28
3484 6
3483 35
3482 3
3481 46
3480 91
3479 88
3478 11
3477 32
3476 44
3475 84
3474 42
3473 57
3472 8
3471 77
3470 30
3469 25
3468 41
3467 97
3466 70
3465 56
3464 82
3463 79
3462 92
3461 10
3460 6
3459 50
3458 98
3457 93
3456 96
3455 87
3454 41
3453 55
3452 73
3451 69
3450 15
3449 61
3448 76
3447 82
3446 86
3445 99
3444 98
3443 39
3442 8
3441 1
3440 81
3439 7
3438 92
3437 36
3436 63
3435 83
3434 2
3433 38
3432 12
3431 99
3430 36
3429 40
3428 61
3427 19
3426 86
3425 3
3424 30
3423 7
3422 92
3421 1
3420 94
3419 91
3418 96
3417 99
3416 77
3415 60
3414 13
3413 14
3412 47
3411 31
3410 59
3409 46
3408 22
3407 26
3406 69
3405 100
3404 36
3403 22
3402 88
3401 4
3400 95
3399 56
3398 48
3397 0
3396 46
3395 57
3394 48
3393 50
3392 20
3391 29
3390 93
3389 34
3388 65
3387 71
3386 17
3385 56
3384 8
3383 55
3382 53
3381 74
3380 28
3379 11
3378 46
3377 40
3376 48
3375 58
3374 29
3373 44
3372 70
3371 67
3370 67
3369 65
3368 72
3367 39
3366 30
3365 30
3364 16
3363 26
3362 28
3361 7
3360 71
3359 94
3358 48
3357 28
3356 37
3355 21
3354 50
3353 37
3352 59
3351 31
3350 19
3349 37
3348 27
3347 41
3346 97
3345 29
3344 85
3343 4
3342 53
3341 88
3340 75
3339 100
3338 53
3337 4
3336 30
3335 8
3334 42
3333 79
3332 98
3331 70
3330 52
3329 76
3328 42
3327 67
3326 55
3325 49
3324 100
3323 60
3322 4
3321 12
3320 53
3319 16
3318 24
3317 85
3316 3
3315 83
3314 24
3313 10
3312 68
3311 40
3310 30
3309 18
3308 8
3307 72
3306 38
3305 20
3304 59
3303 18
3302 13
3301 5
3300 100
3299 8
3298 7
3297 90
3296 35
3295 55
3294 85
3293 45
3292 30
3291 95
3290 87
3289 62
3288 13
3287 27
3286 3
3285 84
3284 59
3283 49
3282 41
3281 64
3280 42
3279 65
3278 56
3277 6
3276 44
3275 16
3274 88
3273 14
3272 50
3271 1
3270 100
3269 6
3268 42
3267 34
3266 95
3265 69
3264 89
3263 96
3262 95
3261 27
3260 69
3259 80
3258 76
3257 48
3256 75
3255 66
3254 56
3253 100
3252 8
3251 50
3250 32
3249 48
3248 56
3247 54
3246 59
3245 69
3244 56
3243 51
3242 70
3241 64
3240 44
3239 10
3238 53
3237 87
3236 61
3235 61
3234 83
3233 51
3232 52
3231 51
3230 61
3229 26
3228 14
3227 75
3226 51
3225 70
3224 25
3223 35
3222 46
3221 60
3220 53
3219 7
3218 40
3217 35
3216 3
3215 60
3214 56
3213 100
3212 83
3211 84
3210 78
3209 0
3208 38
3207 3
3206 31
3205 23
3204 88
3203 75
3202 82
3201 64
3200 78
3199 32
3198 100
3197 12
3196 53
3195 51
3194 53
3193 52
3192 34
3191 67
3190 11
3189 57
3188 97
3187 36
3186 4
3185 79
3184 64
3183 49
3182 44
3181 86
3180 87
3179 87
3178 50
3177 55
3176 94
3175 70
3174 52
3173 85
3172 52
3171 51
3170 49
3169 78
3168 43
3167 56
3166 42
3165 19
3164 72
3163 1
3162 85
3161 78
3160 45
3159 63
3158 65
3157 34
3156 33
3155 12
3154 73
3153 84
3152 38
3151 58
3150 90
3149 87
3148 84
3147 0
3146 55
3145 62
3144 7
3143 96
3142 94
3141 7
3140 94
3139 48
3138 73
3137 68
3136 0
3135 17
3134 72
3133 27
3132 40
3131 29
3130 38
3129 57
3128 11
3127 51
3126 84
3125 14
3124 68
3123 20
3122 50
3121 21
3120 71
3119 51
3118 41
3117 36
3116 71
3115 4
3114 92
3113 97
3112 14
3111 59
3110 69
3109 84
3108 49
3107 55
3106 68
3105 87
3104 94
3103 9
3102 46
3101 89
3100 6
3099 69
3098 10
3097 40
3096 41
3095 22
3094 2
3093 85
3092 16
3091 26
3090 70
3089 61
3088 58
3087 24
3086 49
3085 72
3084 92
3083 23
3082 6
3081 87
3080 95
3079 48
3078 76
3077 13
3076 30
3075 44
3074 68
3073 49
3072 91
3071 59
3070 45
3069 49
3068 2
3067 59
3066 74
3065 67
3064 81
3063 11
3062 13
3061 78
3060 36
3059 5
3058 75
3057 26
3056 72
3055 20
3054 76
3053 19
3052 68
3051 21
3050 55
3049 4
3048 72
3047 65
3046 99
3045 44
3044 69
3043 70
3042 13
3041 28
3040 90
3039 62
3038 0
3037 70
3036 54
3035 50
3034 27
3033 58
3032 4
3031 33
3030 66
3029 85
3028 38
3027 84
3026 96
3025 36
3024 77
3023 52
3022 47
3021 42
3020 28
3019 14
3018 36
3017 39
3016 16
3015 86
3014 41
3013 89
3012 55
3011 20
3010 54
3009 93
3008 83
3007 82
3006 28
3005 86
3004 72
3003 85
3002 12
3001 12
3000 81
2999 24
2998 98
2997 63
2996 58
2995 40
2994 91
2993 93
2992 22
2991 1
2990 87
2989 43
2988 12
2987 0
2986 85
2985 97
2984 11
2983 11
2982 48
2981 9
2980 10
2979 98
2978 54
2977 56
2976 41
2975 86
2974 72
2973 26
2972 81
2971 58
2970 72
2969 10
2968 46
2967 98
2966 40
2965 40
2964 46
2963 91
2962 95
2961 68
2960 72
2959 63
2958 30
2957 64
2956 71
2955 26
2954 92
2953 27
2952 49
2951 5
2950 96
2949 49
2948 17
2947 63
2946 13
2945 73
2944 5
2943 51
2942 40
2941 75
2940 96
2939 48
2938 37
2937 93
2936 79
2935 25
2934 54
2933 48
2932 16
2931 98
2930 54
2929 23
2928 67
2927 96
2926 59
2925 68
2924 94
2923 89
2922 90
2921 87
2920 67
2919 57
2918 31
2917 56
2916 23
2915 44
2914 18
2913 41
2912 30
2911 67
2910 100
2909 58
2908 72
2907 58
2906 99
2905 11
2904 59
2903 48
2902 7
2901 19
2900 46
2899 57
2898 16
2897 2
2896 23
2895 55
2894 71
2893 95
2892 23
2891 1
2890 72
2889 33
2888 70
2887 29
2886 16
2885 89
2884 58
2883 66
2882 52
2881 21
2880 25
2879 45
2878 64
2877 72
2876 62
2875 91
2874 2
2873 19
2872 88
2871 17
2870 80
2869 48
2868 2
2867 83
2866 60
2865 60
2864 73
2863 93
2862 45
2861 29
2860 15
2859 26
2858 92
2857 18
2856 29
2855 27
2854 24
2853 83
2852 0
2851 16
2850 54
2849 24
2848 24
2847 59
2846 86
2845 38
2844 87
2843 76
2842 60
2841 66
2840 95
2839 4
2838 8
2837 44
2836 81
2835 40
2834 13
2833 88
2832 66
2831 15
2830 46
2829 98
2828 50
2827 38
2826 10
2825 42
2824 12
2823 70
2822 34
2821 69
2820 60
2819 4
2818 54
2817 54
2816 16
2815 57
2814 36
2813 66
2812 9
2811 64
2810 14
2809 72
2808 43
2807 99
2806 68
2805 53
2804 81
2803 62
2802 94
2801 85
2800 48
2799 29
2798 48
2797 96
2796 97
2795 56
2794 90
2793 8
2792 38
2791 27
2790 84
2789 80
2788 30
2787 43
2786 79
2785 51
2784 4
2783 1
2782 38
2781 8
2780 61
2779 62
2778 100
2777 36
2776 43
2775 12
2774 16
2773 1
2772 20
2771 93
2770 19
2769 20
2768 73
2767 23
2766 62
2765 36
2764 96
2763 42
2762 98
2761 82
2760 34
2759 36
2758 48
2757 76
2756 98
2755 34
2754 99
2753 55
2752 23
2751 20
2750 55
2749 88
2748 63
2747 45
2746 49
2745 56
2744 44
2743 11
2742 49
2741 14
2740 53
2739 48
2738 13
2737 10
2736 83
2735 0
2734 29
2733 85
2732 89
2731 94
2730 90
2729 1
2728 65
2727 89
2726 81
2725 64
2724 31
2723 48
2722 23
2721 37
2720 93
2719 85
2718 10
2717 93
2716 75
2715 44
2714 87
2713 48
2712 27
2711 42
2710 44
2709 83
2708 26
2707 63
2706 56
2705 50
2704 94
2703 11
2702 10
2701 2
2700 68
2699 42
2698 42
2697 35
2696 85
2695 85
2694 86
2693 30
2692 40
2691 87
2690 62
2689 18
2688 17
2687 93
2686 80
2685 2
2684 65
2683 37
2682 16
2681 82
2680 78
2679 26
2678 57
2677 72
2676 76
2675 89
2674 16
2673 97
2672 51
2671 72
2670 72
2669 62
2668 13
2667 48
2666 24
2665 24
2664 93
2663 70
2662 71
2661 2
2660 61
2659 27
2658 69
2657 22
2656 35
2655 51
2654 64
2653 50
2652 12
2651 16
2650 90
2649 13
2648 26
2647 16
2646 71
2645 16
2644 62
2643 19
2642 70
2641 5
2640 85
2639 84
2638 72
2637 68
2636 75
2635 59
2634 54
2633 34
2632 19
2631 99
2630 8
2629 25
2628 46
2627 11
2626 51
2625 17
2624 5
2623 63
2622 89
2621 9
2620 95
2619 98
2618 67
2617 33
2616 72
2615 79
2614 22
2613 22
2612 37
2611 97
2610 68
2609 53
2608 40
2607 74
2606 6
2605 37
2604 6
2603 74
2602 96
2601 29
2600 13
2599 16
2598 45
2597 97
2596 72
2595 6
2594 69
2593 19
2592 78
2591 47
2590 25
2589 69
2588 41
2587 4
2586 94
2585 46
2584 30
2583 54
2582 29
2581 87
2580 100
2579 71
2578 19
2577 46
2576 35
2575 95
2574 97
2573 25
2572 22
2571 100
2570 9
2569 86
2568 57
2567 66
2566 17
2565 88
2564 56
2563 88
2562 23
2561 60
2560 36
2559 91
2558 33
2557 13
2556 44
2555 55
2554 67
2553 65
2552 76
2551 61
2550 86
2549 24
2548 29
2547 51
2546 91
2545 45
2544 34
2543 59
2542 93
2541 24
2540 68
2539 13
2538 9
2537 64
2536 88
2535 81
2534 46
2533 21
2532 61
2531 26
2530 4
2529 80
2528 63
2527 5
2526 30
2525 32
2524 23
2523 68
2522 26
2521 39
2520 74
2519 52
2518 88
2517 17
2516 55
2515 5
2514 92
2513 45
2512 11
2511 52
2510 88
2509 51
2508 38
2507 84
2506 28
2505 50
2504 6
2503 37
2502 39
2501 32
2500 1
2499 56
2498 67
2497 79
2496 64
2495 24
2494 11
2493 37
2492 94
2491 23
2490 58
2489 23
2488 64
2487 80
2486 6
2485 94
2484 39
2483 86
2482 39
2481 9
2480 95
2479 20
2478 57
2477 85
2476 88
2475 30
2474 6
2473 27
2472 100
2471 61
2470 42
2469 57
2468 11
2467 56
2466 92
2465 66
2464 25
2463 82
2462 64
2461 69
2460 13
2459 89
2458 23
2457 94
2456 75
2455 79
2454 83
2453 76
2452 44
2451 98
2450 77
2449 54
2448 34
2447 42
2446 65
2445 40
2444 17
2443 16
2442 84
2441 13
2440 10
2439 53
2438 58
2437 71
2436 9
2435 40
2434 76
2433 1
2432 33
2431 91
2430 1
2429 18
2428 69
2427 98
2426 79
2425 24
2424 92
2423 30
2422 32
2421 50
2420 69
2419 35
2418 7
2417 11
2416 56
2415 95
2414 29
2413 28
2412 85
2411 33
2410 43
2409 61
2408 26
2407 42
2406 22
2405 51
2404 95
2403 30
2402 15
2401 99
2400 8
2399 18
2398 90
2397 65
2396 81
2395 87
2394 7
2393 16
2392 84
2391 69
2390 84
2389 3
2388 59
2387 95
2386 37
2385 99
2384 2
2383 17
2382 96
2381 12
2380 62
2379 64
2378 95
2377 90
2376 84
2375 89
2374 8
2373 88
2372 69
2371 34
2370 43
2369 87
2368 25
2367 1
2366 23
2365 33
2364 65
2363 90
2362 80
2361 91
2360 87
2359 39
2358 52
2357 61
2356 82
2355 41
2354 85
2353 45
2352 91
2351 98
2350 96
2349 16
2348 10
2347 28
2346 7
2345 20
2344 80
2343 50
2342 22
2341 96
2340 62
2339 43
2338 92
2337 74
2336 0
2335 30
2334 70
2333 65
2332 97
2331 58
2330 64
2329 63
2328 9
2327 4
2326 14
2325 5
2324 14
2323 72
2322 57
2321 0
2320 26
2319 78
2318 14
2317 98
2316 78
2315 47
2314 58
2313 38
2312 13
2311 29
2310 62
2309 29
2308 83
2307 3
2306 18
2305 54
2304 31
2303 22
2302 88
2301 11
2300 89
2299 39
2298 25
2297 81
2296 62
2295 57
2294 17
2293 80
2292 68
2291 83
2290 17
2289 69
2288 29
2287 75
2286 15
2285 10
2284 42
2283 22
2282 84
2281 82
2280 94
2279 43
2278 100
2277 72
2276 30
2275 35
2274 83
2273 68
2272 7
2271 53
2270 48
2269 1
2268 38
2267 74
2266 10
2265 16
2264 83
2263 91
2262 96
2261 99
2260 78
2259 7
2258 66
2257 53
2256 65
2255 100
2254 100
2253 61
2252 68
2251 97
2250 86
2249 13
2248 9
2247 62
2246 0
2245 60
2244 13
2243 92
2242 22
2241 96
2240 44
2239 96
2238 37
2237 6
2236 63
2235 29
2234 57
2233 80
2232 79
2231 43
2230 47
2229 71
2228 9
2227 95
2226 10
2225 28
2224 33
2223 26
2222 96
2221 88
2220 64
2219 98
2218 47
2217 65
2216 75
2215 82
2214 82
2213 48
2212 86
2211 4
2210 9
2209 33
2208 10
2207 85
2206 85
2205 43
2204 58
2203 38
2202 18
2201 90
2200 97
2199 89
2198 86
2197 79
2196 92
2195 17
2194 8
2193 58
2192 6
2191 69
2190 45
2189 0
2188 4
2187 32
2186 24
2185 73
2184 56
2183 6
2182 23
2181 75
2180 56
2179 70
2178 16
2177 86
2176 17
2175 62
2174 50
2173 0
2172 57
2171 52
2170 49
2169 39
2168 47
2167 81
2166 94
2165 57
2164 64
2163 55
2162 5
2161 6
2160 32
2159 3
2158 21
2157 79
2156 50
2155 97
2154 53
2153 54
2152 17
2151 68
2150 54
2149 4
2148 22
2147 78
2146 51
2145 55
2144 77
2143 42
2142 57
2141 45
2140 5
2139 64
2138 67
2137 77
2136 25
2135 72
2134 7
2133 60
2132 89
2131 81
2130 13
2129 21
2128 65
2127 99
2126 16
2125 28
2124 43
2123 67
2122 3
2121 72
2120 13
2119 54
2118 72
2117 35
2116 3
2115 58
2114 36
2113 54
2112 40
2111 63
2110 64
2109 86
2108 5
2107 39
2106 86
2105 19
2104 11
2103 82
2102 4
2101 69
2100 74
2099 84
2098 7
2097 27
2096 17
2095 83
2094 82
2093 97
2092 60
2091 42
2090 43
2089 74
2088 64
2087 71
2086 22
2085 49
2084 67
2083 1
2082 70
2081 26
2080 10
2079 53
2078 77
2077 46
2076 9
2075 20
2074 15
2073 9
2072 43
2071 12
2070 0
2069 55
2068 31
2067 92
2066 81
2065 5
2064 30
2063 38
2062 45
2061 14
2060 81
2059 68
2058 45
2057 55
2056 82
2055 14
2054 78
2053 98
2052 61
2051 29
2050 11
2049 6
2048 76
2047 83
2046 61
2045 89
2044 52
2043 10
2042 1
2041 47
2040 27
2039 11
2038 69
2037 75
2036 39
2035 42
2034 69
2033 26
2032 96
2031 83
2030 15
2029 93
2028 36
2027 45
2026 15
2025 60
2024 38
2023 12
2022 60
2021 25
2020 61
2019 1
2018 65
2017 95
2016 10
2015 70
2014 72
2013 64
2012 23
2011 25
2010 71
2009 59
2008 95
2007 16
2006 38
2005 27
2004 80
2003 70
2002 1
2001 71
2000 94
1999 13
1998 30
1997 84
1996 50
1995 15
1994 57
1993 3
1992 93
1991 6
1990 78
1989 0
1988 65
1987 46
1986 12
1985 9
1984 26
1983 33
1982 9
1981 1
1980 57
1979 21
1978 9
1977 7
1976 97
1975 12
1974 24
1973 42
1972 76
1971 22
1970 36
1969 69
1968 29
1967 49
1966 19
1965 65
1964 87
1963 71
1962 88
1961 81
1960 23
1959 7
1958 9
1957 78
1956 3
1955 89
1954 81
1953 84
1952 68
1951 70
1950 93
1949 19
1948 20
1947 69
1946 48
1945 43
1944 33
1943 98
1942 94
1941 62
1940 78
1939 57
1938 30
1937 87
1936 42
1935 19
1934 49
1933 13
1932 95
1931 75
1930 61
1929 75
1928 19
1927 86
1926 49
1925 41
1924 88
1923 10
1922 59
1921 70
1920 17
1919 8
1918 64
1917 19
1916 21
1915 94
1914 87
1913 89
1912 66
1911 46
1910 28
1909 90
1908 70
1907 60
1906 18
1905 38
1904 76
1903 62
1902 49
1901 71
1900 94
1899 33
1898 46
1897 64
1896 8
1895 38
1894 84
1893 43
1892 52
1891 65
1890 77
1889 22
1888 46
1887 58
1886 40
1885 3
1884 86
1883 31
1882 18
1881 10
1880 1
1879 96
1878 69
1877 97
1876 5
1875 50
1874 15
1873 16
1872 66
1871 36
1870 16
1869 9
1868 81
1867 9
1866 4
1865 65
1864 48
1863 56
1862 97
1861 50
1860 96
1859 90
1858 13
1857 64
1856 11
1855 63
1854 94
1853 62
1852 11
1851 83
1850 92
1849 48
1848 78
1847 69
1846 45
1845 29
1844 21
1843 39
1842 87
1841 37
1840 11
1839 33
1838 39
1837 14
1836 86
1835 5
1834 59
1833 65
1832 87
1831 74
1830 23
1829 65
1828 81
1827 17
1826 51
1825 18
1824 25
1823 52
1822 87
1821 23
1820 1
1819 86
1818 16
1817 30
1816 26
1815 29
1814 87
1813 9
1812 15
1811 46
1810 93
1809 10
1808 75
1807 11
1806 32
1805 24
1804 53
1803 69
1802 33
1801 66
1800 80
1799 42
1798 47
1797 14
1796 41
1795 80
1794 38
1793 33
1792 46
1791 3
1790 97
1789 86
1788 1
1787 22
1786 30
1785 83
1784 80
1783 57
1782 97
1781 69
1780 45
1779 25
1778 55
1777 56
1776 20
1775 62
1774 53
1773 73
1772 95
1771 71
1770 10
1769 9
1768 85
1767 26
1766 74
1765 73
1764 34
1763 73
1762 59
1761 0
1760 33
1759 93
1758 59
1757 24
1756 18
1755 32
1754 12
1753 62
1752 81
1751 2
1750 63
1749 69
1748 2
1747 22
1746 34
1745 81
1744 51
1743 61
1742 33
1741 82
1740 1
1739 15
1738 26
1737 84
1736 79
1735 90
1734 84
1733 1
1732 76
1731 48
1730 77
1729 68
1728 62
1727 91
1726 10
1725 29
1724 9
1723 40
1722 23
1721 75
1720 66
1719 93
1718 37
1717 68
1716 66
1715 81
1714 30
1713 64
1712 64
1711 88
1710 92
1709 77
1708 6
1707 13
1706 94
1705 49
1704 80
1703 96
1702 59
1701 76
1700 96
1699 41
1698 57
1697 48
1696 37
1695 87
1694 6
1693 45
1692 22
1691 51
1690 31
1689 24
1688 91
1687 5
1686 16
1685 0
1684 53
1683 1
1682 91
1681 73
1680 52
1679 97
1678 59
1677 7
1676 64
1675 64
1674 15
1673 72
1672 59
1671 82
1670 22
1669 69
1668 20
1667 49
1666 91
1665 51
1664 25
1663 51
1662 47
1661 75
1660 63
1659 25
1658 24
1657 9
1656 100
1655 11
1654 90
1653 30
1652 40
1651 88
1650 11
1649 90
1648 28
1647 91
1646 90
1645 78
1644 41
1643 51
1642 100
1641 81
1640 36
1639 66
1638 15
1637 22
1636 61
1635 51
1634 3
1633 46
1632 96
1631 67
1630 68
1629 58
1628 27
1627 89
1626 75
1625 19
1624 58
1623 73
1622 94
1621 58
1620 34
1619 14
1618 84
1617 93
1616 8
1615 45
1614 13
1613 45
1612 72
1611 27
1610 34
1609 65
1608 18
1607 62
1606 31
1605 36
1604 93
1603 77
1602 92
1601 20
1600 5
1599 22
1598 50
1597 71
1596 50
1595 89
1594 33
1593 44
1592 5
1591 41
1590 30
1589 3
1588 65
1587 45
1586 22
1585 94
1584 39
1583 31
1582 75
1581 11
1580 85
1579 80
1578 25
1577 25
1576 18
1575 70
1574 77
1573 18
1572 96
1571 82
1570 18
1569 62
1568 64
1567 15
1566 56
1565 7
1564 22
1563 92
1562 26
1561 50
1560 4
1559 96
1558 57
1557 6
1556 98
1555 79
1554 75
1553 91
1552 83
1551 28
1550 84
1549 65
1548 15
1547 74
1546 94
1545 37
1544 2
1543 99
1542 56
1541 80
1540 33
1539 40
1538 97
1537 36
1536 11
1535 84
1534 81
1533 83
1532 30
1531 48
1530 100
1529 4
1528 6
1527 26
1526 43
1525 58
1524 77
1523 3
1522 60
1521 73
1520 89
1519 100
1518 82
1517 22
1516 82
1515 52
1514 42
1513 96
1512 71
1511 70
1510 58
1509 63
1508 51
1507 45
1506 68
1505 91
1504 65
1503 75
1502 73
1501 73
1500 83
1499 42
1498 18
1497 94
1496 50
1495 36
1494 99
1493 4
1492 11
1491 49
1490 2
1489 45
1488 82
1487 94
1486 19
1485 28
1484 60
1483 13
1482 77
1481 44
1480 97
1479 86
1478 59
1477 49
1476 82
1475 93
1474 5
1473 57
1472 58
1471 50
1470 25
1469 30
1468 8
1467 40
1466 54
1465 69
1464 71
1463 86
1462 97
1461 37
1460 22
1459 53
1458 76
1457 76
1456 42
1455 2
1454 91
1453 75
1452 57
1451 76
1450 26
1449 19
1448 44
1447 39
1446 61
1445 89
1444 73
1443 69
1442 7
1441 11
1440 9
1439 55
1438 47
1437 50
1436 100
1435 82
1434 27
1433 3
1432 46
1431 21
1430 76
1429 81
1428 14
1427 81
1426 100
1425 26
1424 31
1423 83
1422 1
1421 52
1420 64
1419 84
1418 63
1417 3
1416 2
1415 33
1414 87
1413 19
1412 82
1411 26
1410 12
1409 90
1408 49
1407 93
1406 29
1405 55
1404 93
1403 19
1402 97
1401 53
1400 96
1399 19
1398 2
1397 47
1396 32
1395 69
1394 81
1393 61
1392 8
1391 35
1390 31
1389 88
1388 91
1387 74
1386 41
1385 66
1384 0
1383 96
1382 37
1381 10
1380 35
1379 95
1378 48
1377 45
1376 14
1375 63
1374 31
1373 64
1372 70
1371 22
1370 53
1369 29
1368 63
1367 71
1366 73
1365 21
1364 3
1363 21
1362 85
1361 60
1360 36
1359 44
1358 69
1357 85
1356 19
1355 46
1354 78
1353 17
1352 43
1351 46
1350 69
1349 54
1348 12
1347 15
1346 97
1345 51
1344 95
1343 7
1342 25
1341 8
1340 18
1339 91
1338 6
1337 7
1336 34
1335 19
1334 81
1333 67
1332 42
1331 52
1330 3
1329 62
1328 99
1327 78
1326 34
1325 4
1324 50
1323 30
1322 84
1321 48
1320 51
1319 92
1318 45
1317 84
1316 0
1315 9
1314 87
1313 38
1312 81
1311 53
1310 92
1309 5
1308 52
1307 86
1306 63
1305 75
1304 73
1303 12
1302 24
1301 70
1300 1
1299 98
1298 26
1297 82
1296 11
1295 80
1294 74
1293 57
1292 46
1291 54
1290 66
1289 71
1288 64
1287 64
1286 30
1285 40
1284 8
1283 65
1282 48
1281 63
1280 7
1279 57
1278 81
1277 1
1276 91
1275 55
1274 82
1273 53
1272 6
1271 61
1270 41
1269 79
1268 88
1267 59
1266 11
1265 92
1264 81
1263 23
1262 15
1261 40
1260 19
1259 73
1258 52
1257 96
1256 45
1255 35
1254 31
1253 4
1252 72
1251 66
1250 18
1249 27
1248 22
1247 48
1246 18
1245 22
1244 100
1243 40
1242 93
1241 98
1240 57
1239 89
1238 57
1237 33
1236 58
1235 24
1234 88
1233 12
1232 88
1231 18
1230 24
1229 75
1228 48
1227 72
1226 18
1225 38
1224 82
1223 25
1222 6
1221 69
1220 4
1219 35
1218 14
1217 70
1216 77
1215 54
1214 44
1213 44
1212 89
1211 24
1210 33
1209 29
1208 32
1207 89
1206 56
1205 67
1204 39
1203 20
1202 91
1201 31
1200 18
1199 57
1198 17
1197 31
1196 20
1195 30
1194 38
1193 83
1192 56
1191 34
1190 68
1189 46
1188 61
1187 56
1186 85
1185 42
1184 26
1183 70
1182 31
1181 10
1180 67
1179 87
1178 2
1177 14
1176 73
1175 93
1174 30
1173 60
1172 40
1171 5
1170 1
1169 97
1168 90
1167 71
1166 87
1165 81
1164 95
1163 54
1162 0
1161 61
1160 38
1159 91
1158 75
1157 51
1156 77
1155 3
1154 71
1153 82
1152 10
1151 54
1150 5
1149 41
1148 29
1147 59
1146 77
1145 10
1144 96
1143 97
1142 94
1141 100
1140 14
1139 95
1138 14
1137 79
1136 14
1135 96
1134 5
1133 40
1132 46
1131 34
1130 85
1129 42
1128 59
1127 63
1126 87
1125 50
1124 64
1123 54
1122 39
1121 21
1120 37
1119 40
1118 10
1117 84
1116 29
1115 3
1114 31
1113 24
1112 45
1111 56
1110 30
1109 30
1108 46
1107 94
1106 38
1105 96
1104 68
1103 84
1102 82
1101 73
1100 26
1099 51
1098 34
1097 43
1096 100
1095 21
1094 83
1093 53
1092 6
1091 13
1090 55
1089 41
1088 89
1087 27
1086 66
1085 20
1084 51
1083 87
1082 6
1081 74
1080 28
1079 35
1078 45
1077 70
1076 26
1075 67
1074 37
1073 88
1072 96
1071 19
1070 95
1069 51
1068 76
1067 61
1066 23
1065 81
1064 96
1063 22
1062 32
1061 40
1060 83
1059 76
1058 5
1057 33
1056 97
1055 67
1054 18
1053 18
1052 0
1051 95
1050 34
1049 58
1048 77
1047 35
1046 89
1045 51
1044 46
1043 40
1042 28
1041 42
1040 49
1039 87
1038 39
1037 78
1036 54
1035 34
1034 63
1033 8
1032 22
1031 53
1030 0
1029 94
1028 95
1027 13
1026 50
1025 80
1024 34
1023 23
1022 78
1021 77
1020 95
1019 63
1018 73
1017 99
1016 93
1015 34
1014 39
1013 68
1012 52
1011 83
1010 18
1009 72
1008 37
1007 67
1006 62
1005 59
1004 22
1003 9
1002 50
1001 8
1000 68
999 59
998 9
997 100
996 42
995 95
994 98
993 39
992 79
991 92
990 78
989 40
988 7
987 11
986 17
985 21
984 61
983 81
982 99
981 69
980 14
979 75
978 9
977 48
976 93
975 28
974 69
973 16
972 8
971 24
970 96
969 49
968 43
967 30
966 30
965 59
964 49
963 91
962 2
961 42
960 2
959 33
958 61
957 47
956 74
955 12
954 39
953 81
952 12
951 27
950 49
949 71
948 94
947 2
946 29
945 53
944 71
943 9
942 20
941 78
940 92
939 38
938 43
937 39
936 56
935 76
934 60
933 32
932 67
931 24
930 28
929 32
928 81
927 95
926 80
925 46
924 22
923 83
922 66
921 23
920 12
919 78
918 83
917 73
916 17
915 34
914 39
913 80
912 55
911 65
910 3
909 35
908 97
907 96
906 51
905 26
904 90
903 21
902 74
901 22
900 87
899 96
898 60
897 89
896 42
895 41
894 100
893 42
892 1
891 63
890 4
889 87
888 73
887 27
886 28
885 97
884 28
883 82
882 61
881 88
880 22
879 65
878 88
877 19
876 55
875 49
874 95
873 38
872 64
871 63
870 20
869 27
868 79
867 21
866 12
865 85
864 72
863 21
862 9
861 49
860 58
859 59
858 92
857 43
856 23
855 30
854 55
853 95
852 65
851 25
850 90
849 81
848 94
847 55
846 59
845 82
844 66
843 86
842 14
841 44
840 87
839 40
838 28
837 38
836 26
835 54
834 34
833 33
832 5
831 30
830 38
829 2
828 48
827 6
826 87
825 49
824 70
823 34
822 100
821 78
820 57
819 77
818 16
817 64
816 35
815 89
814 5
813 15
812 21
811 46
810 76
809 32
808 46
807 98
806 52
805 68
804 26
803 78
802 91
801 100
800 2
799 43
798 74
797 81
796 40
795 88
794 6
793 3
792 80
791 81
790 77
789 26
788 15
787 79
786 74
785 60
784 19
783 97
782 15
781 19
780 6
779 90
778 39
777 30
776 21
775 45
774 1
773 48
772 50
771 81
770 57
769 1
768 85
767 51
766 61
765 81
764 45
763 19
762 54
761 36
760 21
759 62
758 7
757 66
756 70
755 76
754 97
753 5
752 27
751 5
750 56
749 77
748 93
747 73
746 81
745 12
744 42
743 57
742 13
741 10
740 1
739 10
738 15
737 12
736 4
735 64
734 39
733 48
732 29
731 44
730 28
729 52
728 34
727 85
726 100
725 75
724 6
723 19
722 28
721 4
720 14
719 67
718 0
717 94
716 4
715 82
714 15
713 20
712 62
711 9
710 60
709 91
708 76
707 73
706 28
705 82
704 8
703 49
702 73
701 48
700 67
699 70
698 27
697 0
696 75
695 91
694 20
693 22
692 43
691 16
690 15
689 96
688 27
687 54
686 72
685 37
684 51
683 45
682 15
681 97
680 54
679 30
678 43
677 49
676 78
675 4
674 24
673 92
672 17
671 98
670 78
669 93
668 7
667 84
666 33
665 94
664 40
663 9
662 73
661 96
660 48
659 4
658 85
657 80
656 36
655 15
654 59
653 88
652 24
651 60
650 56
649 34
648 9
647 7
646 59
645 86
644 1
643 70
642 52
641 68
640 28
639 77
638 96
637 24
636 14
635 60
634 61