1550 41
1549 66
1548 43
1547 34
1546 100
1545 48
1544 94
1543 79
1542 99
1541 72
1540 28
1539 70
1538 74
1537 100
1536 96
1535 31
1534 47
1533 77
1532 40
1531 1
1530 21
1529 71
1528 69
1527 24
1526 13
1525 84
1524 23
1523 79
1522 55
1521 13
1520 71
1519 2
1518 46
1517 67
1516 33
1515 23
1514 46
1513 42
1512 29
1511 17
1510 83
1509 6
1508 27
1507 24
1506 39
1505 14
1504 4
1503 46
1502 93
1501 94
1500 70
1499 73
1498 60
1497 74
1496 67
1495 43
1494 48
1493 20
1492 97
1491 19
1490 90
1489 24
1488 15
1487 82
1486 41
1485 1
1484 24
1483 85
1482 68
1481 29
1480 13
1479 11
1478 20
1477 100
1476 56
1475 1
1474 69
1473 39
1472 89
1471 52
1470 42
1469 23
1468 72
1467 36
1466 55
1465 39
1464 0
1463 93
1462 97
1461 33
1460 17
1459 56
1458 65
1457 38
1456 82
1455 7
1454 49
1453 8
1452 62
1451 64
1450 39
1449 54
1448 85
1447 20
1446 22
1445 75
1444 48
1443 53
1442 90
1441 58
1440 19
1439 31
1438 86
1437 20
1436 94
1435 9
1434 22
1433 19
1432 11
1431 14
1430 41
1429 25
1428 21
1427 6
1426 35
1425 15
1424 77
1423 59
1422 33
1421 1
1420 90
1419 4
1418 74
1417 72
1416 22
1415 54
1414 56
1413 40
1412 77
1411 23
1410 35
1409 10
1408 76
1407 20
1406 13
1405 66
1404 86
1403 36
1402 11
1401 98
1400 71
1399 35
1398 28
1397 20
1396 41
1395 6
1394 0
1393 30
1392 73
1391 68
1390 93
1389 93
1388 87
1387 89
1386 6
1385 64
1384 14
1383 4
1382 92
1381 22
1380 83
1379 23
1378 17
1377 48
1376 76
1375 32
1374 13
1373 45
1372 51
1371 63
1370 52
1369 48
1368 90
1367 77
1366 21
1365 39
1364 94
1363 70
1362 48
1361 20
1360 34
1359 34
1358 53
1357 32
1356 49
1355 68
1354 27
1353 89
1352 30
1351 70
1350 92
1349 34
1348 38
1347 63
1346 76
1345 22
1344 68
1343 19
1342 40
1341 10
1340 95
1339 16
1338 41
1337 18
1336 83
1335 1
1334 97
1333 51
1332 68
1331 5
1330 6
1329 43
1328 43
1327 50
1326 13
1325 6
1324 15
1323 26
1322 88
1321 18
1320 15
1319 86
1318 4
1317 15
1316 63
1315 81
1314 88
1313 54
1312 11
1311 27
1310 51
1309 44
1308 49
1307 53
1306 25
1305 34
1304 85
1303 18
1302 90
1301 0
1300 9
1299 69
1298 82
1297 52
1296 96
1295 28
1294 63
1293 90
1292 44
1291 66
1290 17
1289 7
1288 82
1287 88
1286 65
1285 69
1284 0
1283 48
1282 31
1281 69
1280 55
1279 18
1278 46
1277 90
1276 3
1275 74
1274 83
1273 88
1272 87
1271 40
1270 50
1269 74
1268 45
1267 5
1266 62
1265 20
1264 16
1263 1
1262 12
1261 80
1260 32
1259 63
1258 11
1257 22
1256 93
1255 49
1254 66
1253 61
1252 92
1251 53
1250 0
1249 9
1248 91
1247 20
1246 72
1245 68
1244 5
1243 17
1242 44
1241 37
1240 56
1239 46
1238 91
1237 47
1236 2
1235 12
1234 16
1233 47
1232 92
1231 27
1230 28
1229 97
1228 86
1227 46
1226 30
1225 32
1224 11
1223 73
1222 40
1221 100
1220 33
1219 23
1218 75
1217 56
1216 46
1215 9
1214 67
1213 2
1212 67
1211 15
1210 4
1209 10
1208 51
1207 25
1206 66
1205 36
1204 4
1203 6
1202 27
1201 74
1200 16
1199 71
1198 57
1197 27
1196 68
1195 1
1194 38
1193 19
1192 40
1191 38
1190 74
1189 100
1188 36
1187 51
1186 46
1185 52
1184 59
1183 88
1182 6
1181 62
1180 74
1179 25
1178 8
1177 76
1176 75
1175 59
1174 48
1173 27
1172 54
1171 88
1170 42
1169 91
1168 19
1167 82
1166 43
1165 65
1164 25
1163 51
1162 50
1161 0
1160 28
1159 24
1158 69
1157 61
1156 6
1155 69
1154 27
1153 68
1152 15
1151 29
1150 13
1149 10
1148 38
1147 91
1146 1
1145 75
1144 64
1143 81
1142 76
1141 75
1140 69
1139 2
1138 67
1137 45
1136 10
1135 90
1134 9
1133 26
1132 66
1131 75
1130 20
1129 54
1128 94
1127 62
1126 72
1125 1
1124 84
1123 25
1122 52
1121 4
1120 3
1119 82
1118 8
1117 77
1116 50
1115 83
1114 9
1113 74
1112 16
1111 14
1110 19
1109 89
1108 29
1107 76
1106 72
1105 85
1104 71
1103 30
1102 58
1101 40
1100 11
1099 81
1098 45
1097 98
1096 93
1095 95
1094 78
1093 1
1092 9
1091 72
1090 30
1089 77
1088 65
1087 42
1086 94
1085 94
1084 41
1083 37
1082 90
1081 99
1080 85
1079 52
1078 57
1077 50
1076 51
1075 70
1074 83
1073 61
1072 67
1071 44
1070 43
1069 70
1068 0
1067 54
1066 28
1065 35
1064 29
1063 62
1062 39
1061 41
1060 51
1059 21
1058 19
1057 94
1056 29
1055 22
1054 68
1053 33
1052 11
1051 97
1050 48
1049 23
1048 12
1047 81
1046 42
1045 40
1044 35
1043 21
1042 8
1041 94
1040 32
1039 55
1038 91
1037 10
1036 73
1035 78
1034 97
1033 59
1032 81
1031 36
1030 84
1029 44
1028 88
1027 56
1026 18
1025 87
1024 85
1023 16
1022 21
1021 65
1020 2
1019 93
1018 53
1017 11
1016 29
1015 79
1014 5
1013 85
1012 74
1011 94
1010 18
1009 49
1008 15
1007 73
1006 90
1005 59
1004 93
1003 46
1002 24
1001 84
1000 29
999 39
998 65
997 45
996 89
995 59
994 86
993 8
992 91
991 92
990 18
989 87
988 40
987 27
986 17
985 9
984 97
983 26
982 13
981 93
980 73
979 8
978 71
977 28
976 63
975 57
974 33
973 43
972 30
971 5
970 30
969 36
968 42
967 11
966 30
965 41
964 14
963 76
962 72
961 70
960 62
959 21
958 25
957 42
956 10
955 63
954 84
953 92
952 74
951 56
950 6
949 54
948 20
947 75
946 44
945 77
944 93
943 91
942 66
941 79
940 79
939 23
938 78
937 12
936 66
935 71
934 82
933 19
932 11
931 97
930 81
929 51
928 96
927 38
926 3
925 42
924 81
923 75
922 70
921 58
920 70
919 18
918 83
917 31
916 82
915 78
914 18
913 36
912 44
911 58
910 48
909 3
908 95
907 88
906 60
905 84
904 87
903 48
902 87
901 81
900 40
899 28
898 72
897 20
896 1
895 56
894 73
893 44
892 59
891 48
890 51
889 23
888 86
887 53
886 99
885 71
884 70
883 74
882 39
881 50
880 47
879 66
878 13
877 4
876 8
875 99
874 18
873 87
872 52
871 16
870 24
869 71
868 16
867 62
866 70
865 95
864 48
863 53
862 71
861 30
860 84
859 77
858 11
857 45
856 65
855 30
854 81
853 14
852 73
851 48
850 55
849 45
848 39
847 94
846 27
845 38
844 92
843 64
842 41
841 74
840 22
839 65
838 67
837 62
836 87
835 58
834 72
833 70
832 5
831 92
830 93
829 47
828 61
827 60
826 22
825 54
824 82
823 55
822 89
821 25
820 97
819 37
818 1
817 1
816 67
815 63
814 37
813 26
812 98
811 72
810 100
809 25
808 44
807 92
806 80
805 26
804 96
803 33
802 96
801 92
800 1
799 28
798 52
797 9
796 1
795 44
794 92
793 58
792 62
791 56
790 61
789 23
788 24
787 89
786 35
785 64
784 61
783 65
782 73
781 54
780 49
779 81
778 60
777 98
776 24
775 85
774 44
773 15
772 44
771 58
770 100
769 1
768 50
767 22
766 89
765 31
764 37
763 29
762 80
761 4
760 41
759 38
758 34
757 89
756 26
755 49
754 41
753 39
752 6
751 40
750 91
749 7
748 77
747 90
746 7
745 47
744 100
743 87
742 99
741 36
740 40
739 56
738 71
737 21
736 56
735 46
734 4
733 60
732 94
731 48
730 45
729 92
728 99
727 32
726 17
725 48
724 95
723 88
722 92
721 7
720 49
719 84
718 98
717 13
716 35
715 72
714 6
713 1
712 25
711 39
710 87
709 95
708 43
707 24
706 16
705 80
704 52
703 90
702 7
701 57
700 85
699 79
698 63
697 3
696 81
695 94
694 9
693 100
692 83
691 83
690 75
689 84
688 96
687 69
686 43
685 56
684 63
683 43
682 3
681 11
680 37
679 20
678 96
677 41
676 1
675 41
674 32
673 38
672 91
671 57
670 47
669 68
668 68
667 33
666 65
665 25
664 8
663 41
662 3
661 51
660 40
659 44
658 85
657 21
656 84
655 68
654 99
653 58
652 29
651 21
650 43
649 37
648 99
647 29
646 93
645 16
644 80
643 38
642 66
641 38
640 24
639 44
638 1
637 57
636 14
635 10
634 65
633 84
632 13
631 45
630 0
629 56
628 25
627 67
626 37
625 37
624 80
623 85
622 37
621 3
620 87
619 46
618 17
617 57
616 81
615 86
614 40
613 28
612 13
611 92
610 57
609 5
608 81
607 85
606 14
605 0
604 68
603 92
602 28
601 66
600 12
599 46
598 2
597 38
596 8
595 50
594 16
593 51
592 50
591 11
590 36
589 96
588 78
587 64
586 33
585 9
584 69
583 18
582 8
581 66
580 92
579 72
578 15
577 71
576 24
575 28
574 86
573 91
572 64
571 95
570 94
569 0
568 81
567 31
566 27
565 49
564 82
563 16
562 54
561 33
560 85
559 21
558 8
557 93
556 48
555 41
554 41
553 57
552 63
551 75
550 75
549 45
548 66
547 89
546 97
545 61
544 76
543 50
542 78
541 43
540 0
539 88
538 83
537 80
536 37
535 76
534 31
533 39
532 37
531 31
530 64
529 82
528 68
527 60
526 23
525 70
524 45
523 3
522 21
521 49
520 42
519 40
518 42
517 23
516 43
515 20
514 93
513 33
512 95
511 18
510 78
509 99
508 96
507 9
506 51
505 45
504 91
503 71
502 84
501 1
500 73
499 54
498 10
497 59
496 2
495 82
494 29
493 68
492 96
491 71
490 34
489 40
488 19
487 81
486 23
485 8
484 50
483 73
482 9
481 5
480 38
479 100
478 12
477 24
476 4
475 89
474 28
473 83
472 27
471 81
470 21
469 59
468 38
467 19
466 40
465 0
464 74
463 93
462 26
461 96
460 92
459 24
458 48
457 42
456 65
455 6
454 35
453 13
452 13
451 59
450 6
449 12
448 97
447 55
446 7
445 70
444 86
443 76
442 41
441 12
440 98
439 94
438 12
437 59
436 18
435 23
434 71
433 87
432 41
431 91
430 77
429 20
428 66
427 62
426 41
425 64
424 80
423 9
422 94
421 65
420 44
419 6
418 12
417 44
416 1
415 9
414 75
413 100
412 30
411 2
410 17
409 56
408 12
407 66
406 82
405 12
404 38
403 2
402 14
401 9
400 31
399 56
398 66
397 82
396 71
395 59
394 81
393 18
392 44
391 70
390 58
389 56
388 97
387 88
386 69
385 84
384 36
383 36
382 76
381 38
380 4
379 53
378 72
377 97
376 32
375 91
374 62
373 39
372 86
371 55
370 94
369 43
368 95
367 38
366 63
365 23
364 78
363 79
362 77
361 51
360 45
359 58
358 68
357 88
356 41
355 72
354 96
353 94
352 94
351 61
350 49
349 28
348 87
347 25
346 16
345 20
344 69
343 62
342 54
341 90
340 83
339 82
338 55
337 74
336 97
335 23
334 4
333 16
332 56
331 89
330 7
329 32
328 84
327 45
326 0
325 95
324 45
323 39
322 100
321 28
320 6
319 68
318 41
317 39
316 24
315 18
314 9
313 44
312 19
311 62
310 6
309 42
308 12
307 71
306 74
305 65
304 72
303 95
302 79
301 29
300 91
299 96
298 56
297 78
296 90
295 11
294 89
293 17
292 58
291 20
290 91
289 42
288 12
287 68
286 38
285 45
284 44
283 97
282 96
281 65
280 71
279 78
278 65
277 43
276 60
275 77
274 64
273 19
272 13
271 81
270 93
269 36
268 93
267 57
266 21
265 98
264 54
263 88
262 53
261 62
260 48
259 82
258 26
257 75
256 0
255 0
254 35
253 94
252 19
251 15
250 28
249 29
248 1
247 12
246 25
245 84
244 2
243 99
242 72
241 76
240 22
239 65
238 11
237 89
236 12
235 31
234 70
233 32
232 62
231 4
230 67
229 74
228 5
227 20
226 37
225 6
224 96
223 29
222 2
221 14
220 28
219 27
218 4
217 44
216 100
215 51
214 100
213 97
212 90
211 93
210 41
209 98
208 64
207 3
206 46
205 65
204 71
203 17
202 98
201 91
200 50
199 68
198 4
197 98
196 29
195 67
194 47
193 29
192 9
191 2
190 98
189 8
188 90
187 16
186 86
185 60
184 2
183 56
182 4
181 84
180 0
179 52
178 3
177 34
176 80
175 17
174 79
173 60
172 40
171 68
170 29
169 82
168 0
167 42
166 14
165 86
164 17
163 57
162 36
161 43
160 16
159 10
158 94
157 85
156 4
155 44
154 75
153 20
152 16
151 55
150 28
149 58
148 96
147 12
146 99
145 70
144 9
143 90
142 5
141 69
140 96
139 73
138 96
137 66
136 77
135 32
134 13
133 25
132 70
131 51
130 43
129 40
128 78
127 11
126 37
125 77
124 36
123 21
122 24
121 74
120 32
119 59
118 0
117 57
116 37
115 3
114 23
113 54
112 68
111 29
110 16
109 19
108 92
107 74
106 89
105 46
104 82
103 34
102 40
101 81
100 2
99 57
98 27
97 16
96 2
95 11
94 77
93 99
92 58
91 63
90 18
89 6
88 51
87 64
86 69
85 73
84 10
83 14
82 9
81 47
80 61
79 20
78 27
77 70
76 42
75 100
74 84
73 39
72 84
71 56
70 60
69 89
68 62
67 32
66 21
65 5
64 88
63 20
62 22
61 64
60 9
59 35
58 88
57 86
56 38
55 56
54 23
53 83
52 18
51 46
50 98
49 38
48 65
47 94
46 6
45 14
44 89
43 3
42 9
41 89
40 25
39 2
38 98
37 35
36 26
35 13
34 96
33 32
32 50
31 61
30 15
29 94
28 94
27 83
26 13
25 66
24 57
23 74
22 1
21 88
20 67
19 10
18 73
17 62
16 3
15 15
14 100
13 90
12 76
11 32
10 23
9 92
8 73
7 62
6 22
5 81
4 79
3 80
2 51
1 58
0 63
