3500 23
3499 5
3498 0
3497 71
3496 67
3495 89
3494 8
3493 24
3492 100
3491 66
3490 1
3489 31
3488 5
3487 83
3486 81
3485 68
3484 99
3483 45
3482 97
3481 32
3480 26
3479 24
3478 57
3477 15
3476 78
3475 76
3474 30
3473 44
3472 17
3471 76
3470 55
3469 31
3468 69
3467 93
3466 19
3465 46
3464 67
3463 0
3462 68
3461 48
3460 70
3459 87
3458 62
3457 4
3456 86
3455 98
3454 49
3453 61
3452 90
3451 70
3450 41
3449 100
3448 98
3447 54
3446 4
3445 33
3444 27
3443 78
3442 84
3441 47
3440 57
3439 54
3438 32
3437 19
3436 87
3435 18
3434 15
3433 84
3432 50
3431 51
3430 45
3429 18
3428 62
3427 9
3426 72
3425 2
3424 84
3423 1
3422 61
3421 84
3420 70
3419 2
3418 30
3417 57
3416 75
3415 12
3414 73
3413 94
3412 16
3411 38
3410 48
3409 53
3408 34
3407 2
3406 73
3405 7
3404 76
3403 77
3402 55
3401 22
3400 69
3399 93
3398 3
3397 29
3396 86
3395 11
3394 3
3393 67
3392 18
3391 6
3390 55
3389 58
3388 96
3387 78
3386 10
3385 80
3384 81
3383 90
3382 94
3381 48
3380 29
3379 50
3378 16
3377 2
3376 44
3375 12
3374 73
3373 63
3372 69
3371 62
3370 23
3369 98
3368 98
3367 32
3366 90
3365 77
3364 61
3363 29
3362 61
3361 98
3360 93
3359 86
3358 88
3357 65
3356 34
3355 6
3354 14
3353 87
3352 92
3351 26
3350 36
3349 24
3348 73
3347 48
3346 6
3345 34
3344 20
3343 30
3342 32
3341 19
3340 97
3339 87
3338 94
3337 87
3336 75
3335 47
3334 46
3333 35
3332 83
3331 5
3330 15
3329 76
3328 15
3327 74
3326 9
3325 100
3324 53
3323 78
3322 19
3321 11
3320 34
3319 28
3318 20
3317 19
3316 10
3315 25
3314 1
3313 8
3312 22
3311 55
3310 83
3309 8
3308 80
3307 22
3306 34
3305 42
3304 87
3303 78
3302 54
3301 52
3300 46
3299 40
3298 67
3297 35
3296 76
3295 80
3294 65
3293 62
3292 45
3291 34
3290 57
3289 4
3288 86
3287 71
3286 71
3285 74
3284 42
3283 20
3282 30
3281 86
3280 13
3279 49
3278 54
3277 80
3276 70
3275 53
3274 51
3273 49
3272 48
3271 0
3270 75
3269 46
3268 40
3267 38
3266 43
3265 16
3264 32
3263 30
3262 19
3261 19
3260 80
3259 68
3258 86
3257 20
3256 0
3255 23
3254 15
3253 5
3252 80
3251 9
3250 73
3249 29
3248 26
3247 62
3246 25
3245 62
3244 52
3243 23
3242 57
3241 55
3240 27
3239 35
3238 86
3237 19
3236 11
3235 20
3234 13
3233 42
3232 49
3231 97
3230 44
3229 69
3228 53
3227 55
3226 52
3225 14
3224 96
3223 21
3222 91
3221 46
3220 85
3219 18
3218 23
3217 60
3216 29
3215 98
3214 37
3213 35
3212 27
3211 70
3210 16
3209 68
3208 63
3207 37
3206 52
3205 70
3204 25
3203 76
3202 17
3201 93
3200 80
3199 83
3198 70
3197 83
3196 69
3195 68
3194 47
3193 81
3192 61
3191 20
3190 40
3189 76
3188 30
3187 54
3186 71
3185 77
3184 71
3183 41
3182 18
3181 21
3180 29
3179 74
3178 9
3177 95
3176 31
3175 94
3174 60
3173 20
3172 32
3171 69
3170 68
3169 46
3168 40
3167 92
3166 21
3165 44
3164 44
3163 38
3162 15
3161 68
3160 8
3159 16
3158 38
3157 64
3156 16
3155 69
3154 27
3153 52
3152 23
3151 49
3150 54
3149 88
3148 45
3147 29
3146 15
3145 40
3144 34
3143 35
3142 16
3141 52
3140 99
3139 89
3138 38
3137 87
3136 21
3135 29
3134 90
3133 65
3132 54
3131 95
3130 62
3129 11
3128 38
3127 95
3126 39
3125 99
3124 25
3123 12
3122 92
3121 5
3120 77
3119 36
3118 98
3117 87
3116 79
3115 40
3114 75
3113 85
3112 39
3111 16
3110 43
3109 85
3108 38
3107 24
3106 91
3105 77
3104 58
3103 82
3102 59
3101 32
3100 96
3099 47
3098 45
3097 69
3096 3
3095 86
3094 38
3093 2
3092 87
3091 35
3090 52
3089 47
3088 68
3087 98
3086 69
3085 92
3084 48
3083 98
3082 36
3081 22
3080 74
3079 81
3078 74
3077 58
3076 81
3075 10
3074 82
3073 90
3072 8
3071 30
3070 30
3069 5
3068 60
3067 79
3066 30
3065 5
3064 73
3063 55
3062 1
3061 91
3060 13
3059 29
3058 22
3057 86
3056 48
3055 86
3054 34
3053 61
3052 57
3051 78
3050 23
3049 43
3048 37
3047 28
3046 40
3045 27
3044 70
3043 3
3042 27
3041 78
3040 18
3039 4
3038 1
3037 0
3036 26
3035 58
3034 37
3033 52
3032 49
3031 24
3030 75
3029 53
3028 92
3027 48
3026 17
3025 99
3024 64
3023 64
3022 16
3021 99
3020 40
3019 29
3018 11
3017 9
3016 71
3015 2
3014 36
3013 68
3012 38
3011 26
3010 94
3009 8
3008 0
3007 42
3006 81
3005 32
3004 21
3003 56
3002 41
3001 79
3000 84
2999 0
2998 93
2997 54
2996 31
2995 53
2994 36
2993 14
2992 73
2991 10
2990 71
2989 45
2988 7
2987 14
2986 59
2985 76
2984 37
2983 71
2982 32
2981 86
2980 34
2979 39
2978 81
2977 91
2976 27
2975 21
2974 50
2973 40
2972 41
2971 74
2970 66
2969 76
2968 60
2967 32
2966 31
2965 41
2964 39
2963 60
2962 8
2961 95
2960 3
2959 97
2958 73
2957 28
2956 100
2955 0
2954 23
2953 37
2952 33
2951 68
2950 64
2949 4
2948 67
2947 54
2946 16
2945 76
2944 11
2943 67
2942 67
2941 39
2940 11
2939 61
2938 43
2937 82
2936 90
2935 75
2934 62
2933 80
2932 28
2931 98
2930 16
2929 32
2928 87
2927 58
2926 92
2925 52
2924 78
2923 73
2922 88
2921 55
2920 77
2919 33
2918 78
2917 63
2916 75
2915 34
2914 57
2913 13
2912 59
2911 91
2910 53
2909 23
2908 64
2907 25
2906 13
2905 81
2904 53
2903 48
2902 53
2901 33
2900 37
2899 99
2898 93
2897 47
2896 61
2895 30
2894 86
2893 33
2892 21
2891 35
2890 41
2889 10
2888 87
2887 1
2886 51
2885 17
2884 29
2883 78
2882 39
2881 82
2880 49
2879 8
2878 78
2877 90
2876 85
2875 77
2874 42
2873 95
2872 88
2871 73
2870 99
2869 32
2868 58
2867 77
2866 70
2865 28
2864 23
2863 44
2862 13
2861 52
2860 97
2859 33
2858 45
2857 64
2856 14
2855 27
2854 0
2853 91
2852 45
2851 14
2850 76
2849 75
2848 88
2847 94
2846 2
2845 54
2844 94
2843 32
2842 32
2841 31
2840 15
2839 31
2838 37
2837 13
2836 45
2835 32
2834 28
2833 78
2832 9
2831 31
2830 63
2829 19
2828 28
2827 57
2826 74
2825 53
2824 94
2823 96
2822 91
2821 57
2820 18
2819 84
2818 30
2817 95
2816 81
2815 3
2814 53
2813 45
2812 85
2811 8
2810 58
2809 95
2808 23
2807 39
2806 52
2805 100
2804 90
2803 50
2802 58
2801 34
2800 97
2799 42
2798 1
2797 45
2796 80
2795 71
2794 52
2793 23
2792 46
2791 2
2790 75
2789 45
2788 35
2787 35
2786 74
2785 3
2784 17
2783 82
2782 14
2781 38
2780 60
2779 24
2778 97
2777 27
2776 44
2775 77
2774 43
2773 71
2772 83
2771 9
2770 35
2769 24
2768 62
2767 12
2766 11
2765 66
2764 68
2763 28
2762 24
2761 26
2760 3
2759 14
2758 40
2757 40
2756 15
2755 73
2754 11
2753 77
2752 49
2751 57
2750 25
2749 18
2748 100
2747 48
2746 73
2745 2
2744 90
2743 97
2742 71
2741 37
2740 9
2739 39
2738 0
2737 9
2736 33
2735 76
2734 42
2733 12
2732 53
2731 6
2730 58
2729 56
2728 84
2727 0
2726 32
2725 35
2724 54
2723 17
2722 34
2721 87
2720 62
2719 94
2718 62
2717 89
2716 60
2715 55
2714 11
2713 27
2712 63
2711 57
2710 1
2709 21
2708 28
2707 42
2706 45
2705 8
2704 67
2703 25
2702 82
2701 90
2700 68
2699 92
2698 55
2697 57
2696 24
2695 18
2694 100
2693 82
2692 1
2691 15
2690 5
2689 88
2688 57
2687 33
2686 86
2685 18
2684 99
2683 0
2682 31
2681 23
2680 77
2679 65
2678 4
2677 27
2676 51
2675 95
2674 59
2673 93
2672 71
2671 91
2670 48
2669 6
2668 43
2667 90
2666 79
2665 28
2664 58
2663 92
2662 55
2661 98
2660 39
2659 71
2658 1
2657 26
2656 57
2655 87
2654 80
2653 81
2652 64
2651 100
2650 12
2649 77
2648 16
2647 48
2646 40
2645 86
2644 7
2643 90
2642 93
2641 91
2640 3
2639 22
2638 27
2637 48
2636 18
2635 89
2634 100
2633 2
2632 90
2631 87
2630 3
2629 69
2628 98
2627 82
2626 58
2625 21
2624 74
2623 28
2622 17
2621 87
2620 22
2619 28
2618 75
2617 50
2616 54
2615 99
2614 99
2613 69
2612 47
2611 20
2610 17
2609 99
2608 8
2607 67
2606 76
2605 60
2604 82
2603 70
2602 91
2601 95
2600 10
2599 43
2598 5
2597 69
2596 28
2595 75
2594 30
2593 9
2592 26
2591 27
2590 51
2589 31
2588 70
2587 21
2586 62
2585 49
2584 34
2583 50
2582 6
2581 59
2580 82
2579 66
2578 89
2577 26
2576 60
2575 75
2574 58
2573 90
2572 16
2571 16
2570 8
2569 7
2568 12
2567 63
2566 3
2565 46
2564 29
2563 74
2562 5
2561 55
2560 28
2559 85
2558 73
2557 96
2556 14
2555 66
2554 32
2553 90
2552 74
2551 57
2550 8
2549 31
2548 11
2547 27
2546 53
2545 21
2544 84
2543 42
2542 84
2541 54
2540 85
2539 94
2538 85
2537 29
2536 12
2535 72
2534 7
2533 99
2532 49
2531 61
2530 50
2529 85
2528 8
2527 14
2526 88
2525 44
2524 55
2523 22
2522 65
2521 54
2520 4
2519 5
2518 16
2517 33
2516 17
2515 0
2514 86
2513 67
2512 10
2511 43
2510 19
2509 74
2508 56
2507 0
2506 4
2505 8
2504 34
2503 87
2502 54
2501 75
2500 47
2499 14
2498 44
2497 69
2496 66
2495 52
2494 24
2493 98
2492 91
2491 79
2490 62
2489 12
2488 32
2487 98
2486 76
2485 91
2484 72
2483 15
2482 67
2481 48
2480 81
2479 99
2478 63
2477 75
2476 35
2475 57
2474 41
2473 83
2472 77
2471 65
2470 85
2469 67
2468 71
2467 71
2466 60
2465 15
2464 44
2463 86
2462 70
2461 41
2460 54
2459 23
2458 43
2457 34
2456 98
2455 98
2454 56
2453 24
2452 20
2451 34
2450 70
2449 31
2448 12
2447 8
2446 28
2445 40
2444 60
2443 64
2442 58
2441 4
2440 65
2439 24
2438 5
2437 96
2436 78
2435 58
2434 84
2433 49
2432 61
2431 9
2430 27
2429 73
2428 51
2427 24
2426 61
2425 62
2424 27
2423 55
2422 32
2421 26
2420 70
2419 68
2418 70
2417 42
2416 19
2415 43
2414 49
2413 4
2412 10
2411 59
2410 8
2409 98
2408 58
2407 14
2406 25
2405 88
2404 85
2403 89
2402 17
2401 35
2400 10
2399 92
2398 77
2397 87
2396 21
2395 97
2394 76
2393 17
2392 15
2391 18
2390 15
2389 76
2388 28
2387 94
2386 12
2385 95
2384 29
2383 72
2382 72
2381 3
2380 89
2379 20
2378 47
2377 24
2376 78
2375 55
2374 74
2373 78
2372 59
2371 96
2370 29
2369 21
2368 57
2367 12
2366 50
2365 99
2364 39
2363 0
2362 26
2361 57
2360 100
2359 58
2358 20
2357 15
2356 76
2355 85
2354 28
2353 46
2352 12
2351 47
2350 36
2349 91
2348 26
2347 33
2346 55
2345 83
2344 82
2343 88
2342 41
2341 4
2340 67
2339 20
2338 79
2337 24
2336 67
2335 11
2334 43
2333 3
2332 97
2331 67
2330 52
2329 0
2328 31
2327 54
2326 73
2325 67
2324 92
2323 4
2322 77
2321 74
2320 16
2319 98
2318 94
2317 79
2316 16
2315 58
2314 53
2313 7
2312 3
2311 45
2310 88
2309 63
2308 71
2307 49
2306 22
2305 4
2304 99
2303 99
2302 21
2301 12
2300 99
2299 19
2298 46
2297 47
2296 39
2295 21
2294 84
2293 44
2292 40
2291 96
2290 72
2289 10
2288 8
2287 36
2286 32
2285 53
2284 32
2283 82
2282 28
2281 76
2280 62
2279 47
2278 82
2277 81
2276 42
2275 69
2274 35
2273 80
2272 36
2271 83
2270 42
2269 48
2268 12
2267 93
2266 28
2265 87
2264 59
2263 66
2262 9
2261 1
2260 16
2259 16
2258 57
2257 68
2256 58
2255 53
2254 2
2253 30
2252 29
2251 50
2250 9
2249 14
2248 7
2247 57
2246 37
2245 27
2244 62
2243 97
2242 37
2241 94
2240 12
2239 90
2238 50
2237 95
2236 18
2235 73
2234 13
2233 70
2232 82
2231 79
2230 70
2229 82
2228 90
2227 10
2226 50
2225 15
2224 60
2223 15
2222 1
2221 40
2220 47
2219 30
2218 32
2217 6
2216 9
2215 66
2214 78
2213 40
2212 68
2211 36
2210 9
2209 70
2208 65
2207 39
2206 88
2205 5
2204 48
2203 79
2202 34
2201 12
2200 44
2199 29
2198 16
2197 64
2196 63
2195 30
2194 60
2193 21
2192 0
2191 15
2190 13
2189 72
2188 51
2187 86
2186 41
2185 2
2184 0
2183 70
2182 40
2181 14
2180 24
2179 45
2178 40
2177 100
2176 62
2175 40
2174 81
2173 88
2172 36
2171 23
2170 61
2169 86
2168 29
2167 28
2166 34
2165 80
2164 65
2163 51
2162 28
2161 46
2160 90
2159 43
2158 94
2157 49
2156 76
2155 8
2154 95
2153 72
2152 38
2151 4
2150 67
2149 12
2148 8
2147 15
2146 4
2145 28
2144 93
2143 11
2142 67
2141 55
2140 86
2139 84
2138 40
2137 40
2136 80
2135 26
2134 21
2133 29
2132 1
2131 78
2130 31
2129 57
2128 78
2127 55
2126 43
2125 35
2124 86
2123 35
2122 29
2121 47
2120 96
2119 72
2118 3
2117 77
2116 39
2115 41
2114 68
2113 77
2112 85
2111 90
2110 98
2109 24
2108 39
2107 21
2106 63
2105 17
2104 60
2103 44
2102 33
2101 96
2100 65
2099 78
2098 27
2097 3
2096 39
2095 74
2094 3
2093 34
2092 52
2091 88
2090 66
2089 48
2088 90
2087 37
2086 89
2085 56
2084 38
2083 69
2082 18
2081 55
2080 25
2079 58
2078 62
2077 45
2076 77
2075 8
2074 54
2073 34
2072 16
2071 40
2070 45
2069 98
2068 100
2067 96
2066 95
2065 49
2064 94
2063 57
2062 62
2061 91
2060 28
2059 97
2058 6
2057 65
2056 41
2055 67
2054 46
2053 27
2052 32
2051 62
2050 2
2049 49
2048 83
2047 1
2046 4
2045 98
2044 46
2043 42
2042 89
2041 44
2040 1
2039 77
2038 40
2037 5
2036 100
2035 8
2034 29
2033 26
2032 47
2031 51
2030 54
2029 9
2028 74
2027 46
2026 5
2025 87
2024 50
2023 47
2022 0
2021 15
2020 5
2019 12
2018 42
2017 27
2016 90
2015 79
2014 34
2013 4
2012 55
2011 21
2010 1
2009 73
2008 59
2007 27
2006 15
2005 92
2004 92
2003 55
2002 16
2001 7
2000 92
1999 93
1998 73
1997 59
1996 99
1995 73
1994 1
1993 24
1992 93
1991 12
1990 38
1989 99
1988 40
1987 40
1986 33
1985 59
1984 55
1983 57
1982 35
1981 7
1980 59
1979 54
1978 84
1977 44
1976 97
1975 11
1974 87
1973 47
1972 55
1971 34
1970 41
1969 49
1968 56
1967 59
1966 5
1965 75
1964 35
1963 87
1962 89
1961 7
1960 32
1959 75
1958 82
1957 70
1956 8
1955 6
1954 22
1953 86
1952 87
1951 95
1950 59
1949 44
1948 15
1947 64
1946 73
1945 0
1944 30
1943 64
1942 70
1941 36
1940 16
1939 88
1938 33
1937 37
1936 59
1935 55
1934 83
1933 22
1932 26
1931 41
1930 14
1929 15
1928 58
1927 80
1926 10
1925 4
1924 81
1923 73
1922 88
1921 35
1920 67
1919 17
1918 57
1917 43
1916 98
1915 11
1914 73
1913 80
1912 82
1911 51
1910 0
1909 13
1908 26
1907 46
1906 16
1905 13
1904 37
1903 69
1902 86
1901 64
1900 74
1899 92
1898 49
1897 11
1896 5
1895 20
1894 67
1893 0
1892 81
1891 86
1890 48
1889 90
1888 68
1887 82
1886 27
1885 42
1884 9
1883 29
1882 20
1881 94
1880 80
1879 69
1878 56
1877 77
1876 71
1875 97
1874 33
1873 100
1872 47
1871 49
1870 99
1869 14
1868 2
1867 11
1866 18
1865 79
1864 29
1863 41
1862 6
1861 25
1860 99
1859 29
1858 2
1857 62
1856 29
1855 64
1854 99
1853 86
1852 97
1851 66
1850 93
1849 60
1848 75
1847 62
1846 60
1845 16
1844 100
1843 37
1842 32
1841 72
1840 77
1839 14
1838 19
1837 62
1836 51
1835 53
1834 5
1833 57
1832 27
1831 45
1830 69
1829 86
1828 87
1827 10
1826 27
1825 96
1824 2
1823 65
1822 66
1821 29
1820 45
1819 81
1818 87
1817 2
1816 66
1815 27
1814 15
1813 8
1812 95
1811 64
1810 69
1809 64
1808 23
1807 38
1806 15
1805 84
1804 51
1803 8
1802 82
1801 54
1800 98
1799 14
1798 47
1797 82
1796 63
1795 45
1794 38
1793 67
1792 25
1791 44
1790 97
1789 4
1788 27
1787 77
1786 80
1785 35
1784 7
1783 36
1782 83
1781 61
1780 4
1779 13
1778 30
1777 51
1776 56
1775 12
1774 73
1773 31
1772 89
1771 75
1770 78
1769 21
1768 26
1767 31
1766 95
1765 61
1764 50
1763 38
1762 19
1761 87
1760 35
1759 2
1758 17
1757 32
1756 94
1755 47
1754 91
1753 88
1752 87
1751 40
1750 100
1749 75
1748 77
1747 19
1746 85
1745 43
1744 42
1743 25
1742 56
1741 67
1740 30
1739 19
1738 49
1737 32
1736 81
1735 62
1734 29
1733 66
1732 83
1731 75
1730 6
1729 99
1728 1
1727 64
1726 43
1725 73
1724 77
1723 74
1722 88
1721 79
1720 24
1719 23
1718 98
1717 23
1716 7
1715 79
1714 77
1713 72
1712 89
1711 90
1710 64
1709 10
1708 61
1707 93
1706 73
1705 64
1704 11
1703 58
1702 89
1701 96
1700 40
1699 59
1698 69
1697 6
1696 74
1695 98
1694 84
1693 38
1692 43
1691 27
1690 68
1689 22
1688 4
1687 89
1686 73
1685 84
1684 57
1683 91
1682 15
1681 33
1680 14
1679 80
1678 18
1677 66
1676 86
1675 93
1674 19
1673 50
1672 16
1671 92
1670 71
1669 6
1668 96
1667 73
1666 60
1665 40
1664 44
1663 12
1662 56
1661 53
1660 21
1659 19
1658 85
1657 30
1656 33
1655 41
1654 46
1653 14
1652 52
1651 67
1650 84
1649 60
1648 43
1647 90
1646 30
1645 97
1644 48
1643 89
1642 13
1641 2
1640 78
1639 80
1638 91
1637 27
1636 48
1635 52
1634 85
1633 8
1632 62
1631 95
1630 53
1629 14
1628 22
1627 31
1626 39
1625 75
1624 95
1623 39
1622 45
1621 54
1620 51
1619 55
1618 30
1617 70
1616 91
1615 97
1614 94
1613 43
1612 2
1611 96
1610 40
1609 60
1608 69
1607 36
1606 4
1605 11
1604 37
1603 34
1602 10
1601 66
1600 90
1599 43
1598 34
1597 61
1596 53
1595 20
1594 58
1593 1
1592 23
1591 22
1590 11
1589 69
1588 2
1587 67
1586 91
1585 54
1584 35
1583 82
1582 51
1581 90
1580 48
1579 97
1578 39
1577 57
1576 30
1575 19
1574 33
1573 32
1572 18
1571 73
1570 56
1569 97
1568 83
1567 15
1566 56
1565 67
1564 33
1563 73
1562 4
1561 59
1560 57
1559 93
1558 25
1557 16
1556 27
1555 12
1554 48
1553 75
1552 54
1551 51
1550 28
1549 78
1548 41
1547 34
1546 38
1545 41
1544 47
1543 1
1542 91
1541 85
1540 37
1539 85
1538 31
1537 3
1536 15
1535 11
1534 46
1533 97
1532 36
1531 2
1530 0
1529 61
1528 97
1527 47
1526 98
1525 29
1524 29
1523 77
1522 32
1521 64
1520 5
1519 54
1518 32
1517 94
1516 10
1515 99
1514 89
1513 47
1512 2
1511 32
1510 55
1509 72
1508 11
1507 25
1506 84
1505 63
1504 16
1503 34
1502 83
1501 73
1500 30
1499 23
1498 61
1497 4
1496 13
1495 65
1494 1
1493 76
1492 57
1491 12
1490 95
1489 34
1488 84
1487 66
1486 30
1485 78
1484 75
1483 29
1482 96
1481 51
1480 56
1479 35
1478 69
1477 52
1476 9
1475 38
1474 25
1473 10
1472 65
1471 76
1470 70
1469 67
1468 18
1467 77
1466 91
1465 56
1464 67
1463 2
1462 10
1461 82
1460 7
1459 51
1458 6
1457 93
1456 49
1455 99
1454 81
1453 6
1452 34
1451 45
1450 49
1449 84
1448 4
1447 17
1446 39
1445 44
1444 92
1443 96
1442 9
1441 51
1440 24
1439 27
1438 55
1437 17
1436 100
1435 24
1434 43
1433 55
1432 66
1431 93
1430 44
1429 93
1428 38
1427 51
1426 40
1425 98
1424 62
1423 13
1422 46
1421 90
1420 39
1419 17
1418 60
1417 92
1416 67
1415 88
1414 93
1413 25
1412 32
1411 77
1410 79
1409 16
1408 64
1407 46
1406 33
1405 25
1404 5
1403 32
1402 64
1401 23
1400 80
1399 67
1398 51
1397 60
1396 17
1395 96
1394 53
1393 84
1392 55
1391 92
1390 36
1389 78
1388 16
1387 6
1386 89
1385 83
1384 18
1383 56
1382 47
1381 20
1380 96
1379 10
1378 2
1377 35
1376 61
1375 73
1374 53
1373 84
1372 89
1371 90
1370 96
1369 54
1368 49
1367 62
1366 37
1365 1
1364 60
1363 48
1362 38
1361 35
1360 58
1359 77
1358 16
1357 23
1356 52
1355 43
1354 45
1353 2
1352 15
1351 64
1350 88
1349 84
1348 88
1347 85
1346 80
1345 87
1344 20
1343 75
1342 70
1341 14
1340 54
1339 14
1338 77
1337 17
1336 58
1335 14
1334 52
1333 28
1332 61
1331 68
1330 11
1329 56
1328 82
1327 1
1326 95
1325 79
1324 64
1323 7
1322 54
1321 8
1320 65
1319 12
1318 74
1317 40
1316 7
1315 89
1314 69
1313 69
1312 4
1311 10
1310 77
1309 71
1308 71
1307 65
1306 94
1305 28
1304 35
1303 99
1302 34
1301 39
1300 48
1299 18
1298 8
1297 56
1296 17
1295 97
1294 33
1293 81
1292 21
1291 78
1290 53
1289 87
1288 60
1287 2
1286 40
1285 17
1284 62
1283 84
1282 52
1281 11
1280 56
1279 53
1278 6
1277 21
1276 63
1275 1
1274 97
1273 10
1272 43
1271 24
1270 84
1269 4
1268 6
1267 26
1266 81
1265 1
1264 8
1263 43
1262 66
1261 42
1260 32
1259 25
1258 23
1257 0
1256 52
1255 57
1254 100
1253 68
1252 17
1251 81
1250 19
1249 15
1248 87
1247 61
1246 22
1245 96
1244 54
1243 87
1242 34
1241 88
1240 37
1239 12
1238 73
1237 42
1236 76
1235 6
1234 66
1233 48
1232 28
1231 10
1230 53
1229 64
1228 6
1227 96
1226 23
1225 13
1224 26
1223 45
1222 42
1221 57
1220 94
1219 12
1218 59
1217 21
1216 32
1215 14
1214 37
1213 4
1212 83
1211 5
1210 17
1209 70
1208 50
1207 31
1206 37
1205 26
1204 30
1203 39
1202 23
1201 72
1200 69
1199 71
1198 3
1197 51
1196 84
1195 80
1194 50
1193 38
1192 51
1191 85
1190 63
1189 35
1188 38
1187 38
1186 67
1185 80
1184 7
1183 66
1182 26
1181 100
1180 0
1179 88
1178 73
1177 29
1176 65
1175 2
1174 39
1173 67
1172 27
1171 8
1170 83
1169 46
1168 61
1167 24
1166 99
1165 17
1164 8
1163 39
1162 76
1161 30
1160 52
1159 28
1158 59
1157 40
1156 61
1155 48
1154 92
1153 23
1152 92
1151 88
1150 64
1149 2
1148 89
1147 56
1146 92
1145 74
1144 27
1143 81
1142 58
1141 19
1140 5
1139 59
1138 17
1137 89
1136 82
1135 86
1134 47
1133 26
1132 72
1131 11
1130 2
1129 15
1128 2
1127 47
1126 88
1125 52
1124 81
1123 36
1122 41
1121 25
1120 46
1119 63
1118 58
1117 36
1116 16
1115 36
1114 95
1113 85
1112 75
1111 22
1110 39
1109 31
1108 89
1107 86
1106 2
1105 19
1104 20
1103 65
1102 20
1101 57
1100 56
1099 81
1098 6
1097 16
1096 43
1095 71
1094 57
1093 52
1092 20
1091 3
1090 49
1089 71
1088 31
1087 80
1086 13
1085 36
1084 45
1083 93
1082 0
1081 6
1080 35
1079 37
1078 0
1077 21
1076 29
1075 8
1074 66
1073 18
1072 34
1071 79
1070 8
1069 70
1068 90
1067 22
1066 89
1065 19
1064 40
1063 93
1062 80
1061 62
1060 60
1059 93
1058 3
1057 15
1056 60
1055 3
1054 13
1053 52
1052 18
1051 65
1050 75
1049 39
1048 81
1047 29
1046 18
1045 53
1044 68
1043 40
1042 16
1041 62
1040 96
1039 66
1038 55
1037 28
1036 41
1035 43
1034 49
1033 73
1032 74
1031 90
1030 60
1029 10
1028 67
1027 93
1026 44
1025 82
1024 70
1023 46
1022 36
1021 38
1020 57
1019 29
1018 42
1017 53
1016 15
1015 16
1014 16
1013 93
1012 29
1011 8
1010 5
1009 31
1008 94
1007 89
1006 90
1005 96
1004 5
1003 72
1002 44
1001 94
1000 9
999 53
998 41
997 0
996 17
995 6
994 13
993 17
992 80
991 47
990 26
989 63
988 80
987 56
986 26
985 67
984 18
983 72
982 69
981 41
980 64
979 43
978 98
977 26
976 34
975 42
974 31
973 48
972 18
971 36
970 89
969 34
968 92
967 60
966 90
965 59
964 59
963 86
962 73
961 87
960 63
959 24
958 69
957 74
956 87
955 61
954 42
953 51
952 19
951 47
950 63
949 29
948 1
947 47
946 69
945 55
944 48
943 55
942 25
941 62
940 85
939 97
938 46
937 63
936 48
935 57
934 38
933 11
932 6
931 29
930 21
929 28
928 61
927 30
926 76
925 54
924 9
923 55
922 14
921 62
920 70
919 21
918 12
917 85
916 72
915 27
914 92
913 96
912 76
911 21
910 80
909 51
908 98
907 96
906 34
905 70
904 62
903 50
902 35
901 95
900 33
899 19
898 99
897 73
896 24
895 51
894 13
893 89
892 55
891 16
890 61
889 66
888 66
887 20
886 36
885 24
884 76
883 86
882 37
881 26
880 95
879 66
878 13
877 50
876 15
875 63
874 80
873 49
872 16
871 75
870 9
869 11
868 72
867 19
866 92
865 31
864 57
863 5
862 82
861 69
860 82
859 69
858 20
857 62
856 49
855 38
854 52
853 60
852 33
851 65
850 1
849 5
848 10
847 4
846 92
845 12
844 55
843 42
842 21
841 13
840 34
839 6
838 51
837 20
836 7
835 4
834 36
833 43
832 91
831 18
830 24
829 37
828 40
827 41
826 23
825 25
824 16
823 62
822 30
821 56
820 66
819 53
818 19
817 85
816 32
815 63
814 9
813 47
812 49
811 100
810 1
809 10
808 29
807 13
806 80
805 54
804 80
803 27
802 76
801 63
800 56
799 1
798 64
797 94
796 0
795 1
794 1
793 56
792 9
791 26
790 0
789 68
788 28
787 45
786 62
785 28
784 88
783 77
782 38
781 10
780 44
779 29
778 33
777 46
776 24
775 93
774 76
773 51
772 47
771 83
770 93
769 39
768 55
767 3
766 99
765 20
764 28
763 74
762 8
761 42
760 47
759 40
758 54
757 39
756 48
755 64
754 25
753 44
752 35
751 99
750 41
749 74
748 39
747 65
746 27
745 39
744 72
743 6
742 50
741 56
740 17
739 37
738 19
737 25
736 70
735 71
734 22
733 65
732 41
731 100
730 12
729 97
728 41
727 12
726 58
725 31
724 41
723 68
722 5
721 49
720 64
719 57
718 88
717 69
716 58
715 92
714 20
713 13
712 5
711 68
710 5
709 46
708 87
707 56
706 63
705 94
704 57
703 72
702 48
701 69
700 1
699 10
698 32
697 5
696 46
695 51
694 41
693 64
692 0
691 93
690 27
689 76
688 92
687 62
686 14
685 16
684 65
683 0
682 75
681 57
680 76
679 32
678 32
677 73
676 71
675 0
674 14
673 75
672 92
671 39
670 7
669 99
668 71
667 72
666 79
665 91
664 33
663 86
662 86
661 8
660 99
659 36
658 91
657 27
656 67
655 56
654 72
653 98
652 85
651 7
650 37
649 55
648 72
647 72
646 1
645 74
644 78
643 91
642 57
641 33
640 26
639 35
638 2
637 51
636 32
635 59
634 79
633 82
632 100
631 73
630 88
629 28
628 97
627 49
626 80
625 22
624 63
623 51
622 52
621 8
620 89
619 13
618 69
617 91
616 25
615 51
614 85
613 1
612 74
611 27
610 30
609 72
608 31
607 37
606 20
605 55
604 38
603 51
602 97
601 59
600 23
599 90
598 32
597 41
596 95
595 70
594 15
593 30
592 16
591 71
590 14
589 23
588 61
587 63
586 10
585 39
584 43
583 19
582 49
581 20
580 59
579 27
578 74
577 40
576 21
575 90
574 5
573 18
572 88
571 61
570 39
569 21
568 70
567 74
566 0
565 26
564 93
563 65
562 35
561 33
560 73
559 84
558 79
557 75
556 29
555 12
554 36
553 84
552 81
551 73
550 34
549 83
548 37
547 38
546 46
545 98
544 89
543 59
542 100
541 80
540 73
539 61
538 30
537 46
536 35
535 51
534 91
533 56
532 0
531 45
530 27
529 39
528 77
527 4
526 56
525 12
524 74
523 99
522 61
521 43
520 49
519 4
518 12
517 41
516 24
515 7
514 52
513 16
512 30
511 31
510 63
509 25
508 47
507 29
506 29
505 82
504 70
503 80
502 97
501 31
500 40
499 86
498 13
497 94
496 19
495 57
494 9
493 0
492 67
491 7
490 90
489 94
488 30
487 46
486 26
485 15
484 16
483 67
482 27
481 49
480 10
479 16
478 72
477 83
476 65
475 2
474 60
473 27
472 82
471 51
470 13
469 56
468 46
467 27
466 91
465 34
464 60
463 2
462 61
461 14
460 60
459 21
458 23
457 1
456 50
455 40
454 9
453 18
452 74
451 63
450 57
449 56
448 20
447 49
446 22
445 54
444 81
443 11
442 4
441 13
440 20
439 100
438 30
437 35
436 88
435 9
434 62
433 50
432 41
431 64
430 54
429 90
428 35
427 96
426 44
425 83
424 4
423 4
422 94
421 74
420 55
419 3
418 49
417 37
416 6
415 81
414 88
413 73
412 43
411 60
410 24
409 4
408 94
407 5
406 12
405 80
404 16
403 90
402 11
401 53
400 29
399 85
398 26
397 8
396 99
395 73
394 52
393 8
392 71
391 86
390 51
389 26
388 66
387 93
386 78
385 90
384 23
383 49
382 6
381 59
380 92
379 50
378 65
377 68
376 9
375 10
374 39
373 11
372 45
371 92
370 15
369 15
368 14
367 9
366 50
365 82
364 77
363 8
362 84
361 66
360 39
359 45
358 31
357 44
356 33
355 43
354 85
353 70
352 63
351 86
350 91
349 11
348 74
347 46
346 92
345 97
344 92
343 54
342 28
341 36
340 43
339 69
338 88
337 53
336 22
335 42
334 6
333 91
332 90
331 54
330 17
329 77
328 33
327 65
326 67
325 80
324 53
323 37
322 75
321 81
320 71
319 66
318 6
317 70
316 75
315 65
314 51
313 66
312 35
311 29
310 95
309 10
308 36
307 72
306 3
305 45
304 4
303 83
302 58
301 97
300 87
299 89
298 56
297 88
296 75
295 22
294 76
293 87
292 0
291 8
290 47
289 30
288 40
287 87
286 1
285 60
284 22
283 24
282 16
281 14
280 76
279 86
278 14
277 84
276 52
275 30
274 85
273 61
272 62
271 84
270 1
269 73
268 98
267 45
266 100
265 96
264 49
263 79
262 58
261 40
260 79
259 2
258 49
257 15
256 91
255 70
254 2
253 87
252 8
251 93
250 35
249 88
248 76
247 53
246 26
245 35
244 42
243 27
242 60
241 62
240 13
239 13
238 40
237 5
236 80
235 80
234 62
233 81
232 5
231 7
230 96
229 94
228 1
227 90
226 60
225 78
224 65
223 12
222 1
221 95
220 97
219 63
218 25
217 6
216 13
215 17
214 83
213 15
212 75
211 70
210 33
209 44
208 35
207 41
206 72
205 56
204 46
203 43
202 39
201 2
200 29
199 38
198 77
197 20
196 37
195 55
194 10
193 85
192 32
191 34
190 72
189 35
188 98
187 87
186 2
185 29
184 55
183 45
182 93
181 84
180 43
179 45
178 48
177 14
176 80
175 30
174 70
173 85
172 87
171 87
170 32
169 66
168 54
167 36
166 27
165 28
164 97
163 45
162 50
161 77
160 85
159 76
158 5
157 68
156 33
155 81
154 61
153 15
152 71
151 98
150 14
149 84
148 45
147 70
146 26
145 16
144 92
143 8
142 73
141 72
140 43
139 72
138 75
137 59
136 64
135 98
134 28
133 76
132 16
131 59
130 99
129 52
128 43
127 87
126 90
125 40
124 79
123 42
122 18
121 4
120 61
119 90
118 50
117 48
116 75
115 32
114 82
113 54
112 10
111 35
110 33
109 70
108 4
107 20
106 96
105 26
104 46
103 83
102 42
101 5
100 38
99 60
98 0
97 43
96 76
95 5
94 26
93 98
92 54
91 84
90 46
89 37
88 94
87 73
86 16
85 76
84 57
83 50
82 98
81 93
80 66
79 60
78 16
77 81
76 62
75 32
74 8
73 74
72 9
71 34
70 97
69 84
68 71
67 23
66 67
65 60
64 42
63 58
62 94
61 70
60 87
59 74
58 29
57 87
56 24
55 65
54 13
53 70
52 19
51 34
50 9
49 69
48 30
47 47
46 51
45 1
44 78
43 38
42 77
41 17
40 67
39 24
38 69
37 80
36 35
35 26
34 93
33 97
32 41
31 12
30 27
29 22
28 32
27 26
26 82
25 68
24 84
23 71
22 46
21 17
20 49
19 99
18 65
17 4
16 25
15 37
14 28
13 25
12 16
11 25
10 1
9 58
8 58
7 63
6 1
5 22
4 23
3 22
2 19
1 10
0 84
