10550 2
10549 54
10548 96
10547 35
10546 63
10545 55
10544 26
10543 4
10542 2
10541 18
10540 9
10539 78
10538 52
10537 41
10536 49
10535 87
10534 3
10533 38
10532 32
10531 43
10530 99
10529 44
10528 21
10527 84
10526 53
10525 7
10524 10
10523 89
10522 39
10521 73
10520 48
10519 64
10518 21
10517 60
10516 30
10515 32
10514 89
10513 90
10512 82
10511 40
10510 29
10509 89
10508 70
10507 53
10506 43
10505 24
10504 1
10503 4
10502 14
10501 4
10500 48
10499 91
10498 71
10497 23
10496 23
10495 48
10494 7
10493 47
10492 76
10491 8
10490 4
10489 12
10488 88
10487 42
10486 51
10485 31
10484 80
10483 75
10482 27
10481 35
10480 84
10479 79
10478 31
10477 7
10476 25
10475 92
10474 44
10473 30
10472 57
10471 11
10470 70
10469 4
10468 84
10467 25
10466 82
10465 80
10464 36
10463 20
10462 23
10461 39
10460 61
10459 59
10458 42
10457 91
10456 59
10455 37
10454 30
10453 44
10452 59
10451 0
10450 49
10449 82
10448 33
10447 39
10446 40
10445 87
10444 19
10443 63
10442 16
10441 39
10440 27
10439 10
10438 41
10437 50
10436 54
10435 73
10434 93
10433 44
10432 33
10431 1
10430 22
10429 3
10428 32
10427 30
10426 36
10425 52
10424 52
10423 96
10422 64
10421 80
10420 83
10419 58
10418 71
10417 51
10416 11
10415 61
10414 56
10413 66
10412 97
10411 18
10410 59
10409 55
10408 24
10407 63
10406 16
10405 41
10404 49
10403 69
10402 92
10401 51
10400 68
10399 72
10398 56
10397 35
10396 17
10395 7
10394 75
10393 96
10392 86
10391 22
10390 48
10389 56
10388 96
10387 46
10386 24
10385 74
10384 97
10383 49
10382 12
10381 99
10380 61
10379 16
10378 93
10377 66
10376 11
10375 15
10374 14
10373 46
10372 89
10371 57
10370 9
10369 31
10368 34
10367 44
10366 75
10365 91
10364 21
10363 53
10362 5
10361 21
10360 62
10359 15
10358 66
10357 26
10356 69
10355 68
10354 77
10353 96
10352 24
10351 66
10350 42
10349 34
10348 7
10347 77
10346 21
10345 59
10344 68
10343 64
10342 77
10341 79
10340 57
10339 52
10338 8
10337 63
10336 22
10335 31
10334 54
10333 26
10332 57
10331 28
10330 46
10329 76
10328 63
10327 0
10326 75
10325 94
10324 54
10323 99
10322 49
10321 67
10320 90
10319 18
10318 31
10317 11
10316 12
10315 48
10314 20
10313 8
10312 58
10311 19
10310 37
10309 12
10308 75
10307 36
10306 32
10305 90
10304 88
10303 16
10302 5
10301 76
10300 96
10299 2
10298 1
10297 88
10296 20
10295 80
10294 76
10293 46
10292 13
10291 80
10290 56
10289 54
10288 16
10287 32
10286 41
10285 12
10284 92
10283 9
10282 40
10281 98
10280 60
10279 81
10278 60
10277 76
10276 22
10275 60
10274 85
10273 61
10272 33
10271 90
10270 77
10269 36
10268 16
10267 7
10266 63
10265 58
10264 35
10263 93
10262 4
10261 56
10260 18
10259 78
10258 65
10257 70
10256 71
10255 57
10254 30
10253 18
10252 43
10251 10
10250 34
10249 3
10248 74
10247 34
10246 0
10245 100
10244 25
10243 43
10242 50
10241 44
10240 33
10239 89
10238 83
10237 6
10236 60
10235 98
10234 75
10233 83
10232 69
10231 58
10230 66
10229 28
10228 37
10227 99
10226 27
10225 98
10224 50
10223 87
10222 2
10221 5
10220 68
10219 82
10218 35
10217 17
10216 24
10215 70
10214 64
10213 83
10212 30
10211 37
10210 74
10209 23
10208 58
10207 86
10206 44
10205 22
10204 90
10203 37
10202 36
10201 21
10200 85
10199 16
10198 65
10197 43
10196 36
10195 59
10194 79
10193 91
10192 72
10191 76
10190 91
10189 11
10188 7
10187 93
10186 23
10185 99
10184 1
10183 53
10182 79
10181 58
10180 73
10179 33
10178 7
10177 67
10176 87
10175 8
10174 64
10173 81
10172 87
10171 86
10170 86
10169 40
10168 62
10167 68
10166 77
10165 17
10164 37
10163 91
10162 54
10161 75
10160 6
10159 43
10158 94
10157 23
10156 86
10155 98
10154 12
10153 93
10152 80
10151 44
10150 16
10149 88
10148 5
10147 26
10146 58
10145 86
10144 98
10143 13
10142 9
10141 4
10140 53
10139 79
10138 58
10137 96
10136 54
10135 68
10134 47
10133 90
10132 21
10131 28
10130 6
10129 53
10128 54
10127 39
10126 63
10125 52
10124 43
10123 6
10122 90
10121 17
10120 85
10119 14
10118 81
10117 63
10116 17
10115 22
10114 72
10113 92
10112 77
10111 7
10110 70
10109 75
10108 85
10107 74
10106 94
10105 93
10104 66
10103 87
10102 63
10101 0
10100 49
10099 67
10098 2
10097 53
10096 49
10095 23
10094 30
10093 32
10092 35
10091 44
10090 41
10089 51
10088 87
10087 34
10086 78
10085 61
10084 43
10083 6
10082 2
10081 12
10080 72
10079 24
10078 84
10077 57
10076 14
10075 89
10074 89
10073 22
10072 60
10071 30
10070 27
10069 51
10068 98
10067 66
10066 20
10065 72
10064 90
10063 85
10062 53
10061 22
10060 59
10059 26
10058 67
10057 16
10056 48
10055 63
10054 62
10053 70
10052 37
10051 16
10050 70
10049 48
10048 66
10047 66
10046 31
10045 57
10044 63
10043 14
10042 94
10041 28
10040 56
10039 54
10038 60
10037 62
10036 55
10035 29
10034 96
10033 61
10032 88
10031 65
10030 9
10029 79
10028 83
10027 98
10026 12
10025 99
10024 10
10023 8
10022 91
10021 11
10020 63
10019 84
10018 91
10017 4
10016 89
10015 86
10014 19
10013 91
10012 54
10011 38
10010 17
10009 3
10008 29
10007 75
10006 12
10005 15
10004 86
10003 23
10002 5
10001 52
10000 8
9999 93
9998 64
9997 34
9996 20
9995 18
9994 60
9993 0
9992 50
9991 24
9990 58
9989 92
9988 19
9987 3
9986 0
9985 37
9984 30
9983 27
9982 79
9981 34
9980 46
9979 21
9978 85
9977 1
9976 28
9975 37
9974 6
9973 57
9972 95
9971 77
9970 23
9969 81
9968 70
9967 58
9966 28
9965 63
9964 65
9963 46
9962 98
9961 25
9960 41
9959 79
9958 0
9957 23
9956 18
9955 80
9954 25
9953 19
9952 39
9951 34
9950 24
9949 85
9948 89
9947 52
9946 68
9945 49
9944 65
9943 18
9942 45
9941 80
9940 26
9939 86
9938 88
9937 50
9936 62
9935 23
9934 91
9933 3
9932 49
9931 31
9930 18
9929 32
9928 45
9927 17
9926 50
9925 69
9924 90
9923 65
9922 22
9921 42
9920 36
9919 54
9918 37
9917 22
9916 94
9915 8
9914 94
9913 43
9912 15
9911 16
9910 64
9909 11
9908 63
9907 97
9906 41
9905 36
9904 57
9903 10
9902 31
9901 100
9900 39
9899 79
9898 28
9897 48
9896 46
9895 9
9894 94
9893 57
9892 42
9891 71
9890 58
9889 100
9888 44
9887 83
9886 62
9885 62
9884 0
9883 45
9882 37
9881 42
9880 1
9879 9
9878 35
9877 42
9876 91
9875 65
9874 13
9873 22
9872 45
9871 33
9870 83
9869 46
9868 57
9867 14
9866 57
9865 96
9864 15
9863 82
9862 47
9861 27
9860 24
9859 82
9858 16
9857 19
9856 32
9855 62
9854 71
9853 36
9852 95
9851 82
9850 53
9849 53
9848 14
9847 33
9846 26
9845 85
9844 32
9843 21
9842 72
9841 76
9840 94
9839 97
9838 76
9837 14
9836 60
9835 28
9834 1
9833 68
9832 80
9831 5
9830 64
9829 3
9828 69
9827 94
9826 70
9825 7
9824 39
9823 23
9822 41
9821 35
9820 82
9819 81
9818 58
9817 31
9816 15
9815 98
9814 9
9813 57
9812 48
9811 50
9810 23
9809 65
9808 19
9807 35
9806 92
9805 63
9804 32
9803 87
9802 43
9801 89
9800 59
9799 1
9798 31
9797 70
9796 98
9795 67
9794 21
9793 100
9792 80
9791 50
9790 91
9789 9
9788 5
9787 64
9786 84
9785 24
9784 16
9783 21
9782 53
9781 50
9780 1
9779 73
9778 16
9777 38
9776 4
9775 3
9774 68
9773 62
9772 47
9771 77
9770 74
9769 91
9768 9
9767 32
9766 32
9765 71
9764 24
9763 68
9762 10
9761 34
9760 36
9759 85
9758 39
9757 94
9756 43
9755 51
9754 51
9753 84
9752 33
9751 37
9750 66
9749 86
9748 96
9747 80
9746 51
9745 52
9744 14
9743 27
9742 80
9741 18
9740 57
9739 37
9738 41
9737 39
9736 64
9735 18
9734 95
9733 84
9732 10
9731 52
9730 52
9729 90
9728 59
9727 56
9726 17
9725 70
9724 96
9723 5
9722 18
9721 24
9720 90
9719 13
9718 61
9717 71
9716 70
9715 64
9714 1
9713 55
9712 18
9711 36
9710 76
9709 28
9708 80
9707 78
9706 90
9705 75
9704 10
9703 29
9702 2
9701 16
9700 77
9699 15
9698 38
9697 22
9696 20
9695 50
9694 42
9693 73
9692 85
9691 59
9690 3
9689 92
9688 59
9687 48
9686 38
9685 30
9684 74
9683 8
9682 8
9681 91
9680 31
9679 33
9678 86
9677 45
9676 45
9675 50
9674 77
9673 76
9672 9
9671 75
9670 33
9669 77
9668 86
9667 71
9666 45
9665 93
9664 13
9663 70
9662 36
9661 78
9660 63
9659 92
9658 31
9657 65
9656 22
9655 17
9654 10
9653 71
9652 99
9651 65
9650 82
9649 63
9648 7
9647 41
9646 82
9645 67
9644 44
9643 13
9642 20
9641 98
9640 10
9639 40
9638 93
9637 57
9636 68
9635 73
9634 71
9633 90
9632 1
9631 35
9630 48
9629 89
9628 81
9627 80
9626 73
9625 11
9624 66
9623 91
9622 95
9621 31
9620 15
9619 66
9618 7
9617 6
9616 100
9615 89
9614 16
9613 7
9612 69
9611 15
9610 63
9609 32
9608 35
9607 77
9606 33
9605 74
9604 84
9603 96
9602 100
9601 56
9600 13
9599 7
9598 82
9597 50
9596 3
9595 2
9594 86
9593 69
9592 24
9591 69
9590 42
9589 56
9588 6
9587 53
9586 33
9585 27
9584 98
9583 100
9582 81
9581 24
9580 16
9579 36
9578 45
9577 86
9576 70
9575 79
9574 42
9573 81
9572 10
9571 56
9570 75
9569 34
9568 24
9567 53
9566 94
9565 90
9564 63
9563 88
9562 45
9561 53
9560 71
9559 86
9558 95
9557 57
9556 43
9555 72
9554 94
9553 84
9552 96
9551 60
9550 64
9549 90
9548 88
9547 75
9546 88
9545 1
9544 88
9543 82
9542 49
9541 34
9540 12
9539 34
9538 100
9537 15
9536 79
9535 37
9534 5
9533 80
9532 41
9531 38
9530 74
9529 56
9528 49
9527 69
9526 86
9525 69
9524 46
9523 58
9522 38
9521 36
9520 57
9519 96
9518 10
9517 22
9516 57
9515 7
9514 72
9513 69
9512 76
9511 10
9510 96
9509 4
9508 13
9507 90
9506 71
9505 43
9504 3
9503 11
9502 38
9501 39
9500 32
9499 9
9498 61
9497 33
9496 81
9495 2
9494 100
9493 18
9492 33
9491 11
9490 79
9489 67
9488 83
9487 48
9486 77
9485 68
9484 23
9483 49
9482 90
9481 51
9480 99
9479 49
9478 69
9477 99
9476 58
9475 56
9474 10
9473 54
9472 94
9471 73
9470 9
9469 45
9468 43
9467 95
9466 84
9465 57
9464 52
9463 41
9462 11
9461 28
9460 47
9459 36
9458 98
9457 2
9456 24
9455 65
9454 74
9453 30
9452 42
9451 21
9450 33
9449 56
9448 32
9447 96
9446 54
9445 8
9444 93
9443 57
9442 68
9441 78
9440 85
9439 89
9438 75
9437 24
9436 90
9435 62
9434 54
9433 17
9432 47
9431 93
9430 12
9429 68
9428 1
9427 0
9426 69
9425 50
9424 75
9423 57
9422 28
9421 22
9420 68
9419 61
9418 21
9417 66
9416 25
9415 76
9414 17
9413 57
9412 48
9411 36
9410 85
9409 30
9408 42
9407 15
9406 2
9405 82
9404 6
9403 36
9402 91
9401 89
9400 58
9399 91
9398 52
9397 98
9396 12
9395 27
9394 62
9393 53
9392 51
9391 78
9390 83
9389 36
9388 12
9387 27
9386 29
9385 43
9384 44
9383 29
9382 48
9381 6
9380 5
9379 42
9378 56
9377 4
9376 94
9375 54
9374 29
9373 15
9372 57
9371 91
9370 25
9369 20
9368 97
9367 1
9366 71
9365 1
9364 45
9363 9
9362 39
9361 67
9360 68
9359 84
9358 11
9357 62
9356 47
9355 89
9354 50
9353 50
9352 40
9351 0
9350 98
9349 41
9348 64
9347 95
9346 2
9345 23
9344 13
9343 31
9342 79
9341 34
9340 87
9339 60
9338 1
9337 48
9336 1
9335 83
9334 9
9333 11
9332 10
9331 80
9330 33
9329 34
9328 2
9327 100
9326 60
9325 33
9324 51
9323 6
9322 36
9321 67
9320 59
9319 64
9318 4
9317 65
9316 20
9315 68
9314 22
9313 93
9312 18
9311 92
9310 59
9309 92
9308 100
9307 58
9306 2
9305 68
9304 36
9303 81
9302 42
9301 47
9300 47
9299 82
9298 7
9297 24
9296 49
9295 65
9294 82
9293 80
9292 77
9291 0
9290 67
9289 42
9288 54
9287 53
9286 80
9285 83
9284 88
9283 29
9282 33
9281 74
9280 85
9279 74
9278 26
9277 53
9276 63
9275 15
9274 37
9273 34
9272 16
9271 45
9270 23
9269 59
9268 55
9267 92
9266 75
9265 89
9264 94
9263 69
9262 6
9261 8
9260 18
9259 74
9258 31
9257 69
9256 96
9255 62
9254 99
9253 23
9252 98
9251 54
9250 57
9249 59
9248 5
9247 33
9246 31
9245 89
9244 94
9243 28
9242 61
9241 12
9240 30
9239 84
9238 27
9237 7
9236 38
9235 72
9234 37
9233 8
9232 46
9231 87
9230 70
9229 63
9228 7
9227 55
9226 35
9225 74
9224 25
9223 75
9222 62
9221 18
9220 31
9219 34
9218 58
9217 47
9216 70
9215 49
9214 56
9213 27
9212 62
9211 18
9210 56
9209 31
9208 21
9207 31
9206 62
9205 58
9204 44
9203 83
9202 61
9201 86
9200 69
9199 94
9198 48
9197 76
9196 75
9195 38
9194 56
9193 63
9192 71
9191 43
9190 76
9189 60
9188 40
9187 33
9186 59
9185 95
9184 23
9183 42
9182 38
9181 69
9180 64
9179 45
9178 69
9177 79
9176 97
9175 60
9174 42
9173 68
9172 43
9171 82
9170 58
9169 41
9168 52
9167 15
9166 13
9165 65
9164 1
9163 94
9162 91
9161 5
9160 65
9159 54
9158 68
9157 99
9156 97
9155 53
9154 13
9153 59
9152 65
9151 18
9150 90
9149 60
9148 63
9147 56
9146 84
9145 78
9144 95
9143 7
9142 76
9141 93
9140 63
9139 24
9138 11
9137 38
9136 20
9135 22
9134 89
9133 19
9132 39
9131 90
9130 88
9129 80
9128 44
9127 14
9126 19
9125 68
9124 30
9123 32
9122 89
9121 44
9120 14
9119 84
9118 63
9117 90
9116 5
9115 96
9114 20
9113 29
9112 91
9111 5
9110 5
9109 91
9108 34
9107 82
9106 76
9105 96
9104 90
9103 25
9102 11
9101 68
9100 57
9099 84
9098 100
9097 61
9096 97
9095 25
9094 35
9093 10
9092 95
9091 12
9090 98
9089 23
9088 71
9087 80
9086 79
9085 24
9084 73
9083 47
9082 61
9081 0
9080 44
9079 100
9078 0
9077 36
9076 100
9075 58
9074 50
9073 83
9072 55
9071 55
9070 7
9069 8
9068 57
9067 46
9066 87
9065 26
9064 98
9063 69
9062 88
9061 1
9060 58
9059 2
9058 21
9057 55
9056 37
9055 100
9054 6
9053 56
9052 1
9051 37
9050 3
9049 92
9048 25
9047 69
9046 99
9045 6
9044 59
9043 28
9042 89
9041 74
9040 25
9039 40
9038 14
9037 4
9036 71
9035 32
9034 79
9033 83
9032 40
9031 60
9030 53
9029 66
9028 86
9027 54
9026 100
9025 91
9024 86
9023 91
9022 38
9021 19
9020 84
9019 34
9018 16
9017 66
9016 61
9015 65
9014 66
9013 3
9012 36
9011 6
9010 26
9009 20
9008 60
9007 95
9006 24
9005 88
9004 41
9003 51
9002 86
9001 37
9000 65
8999 1
8998 32
8997 100
8996 45
8995 18
8994 55
8993 81
8992 36
8991 30
8990 6
8989 68
8988 61
8987 16
8986 47
8985 41
8984 39
8983 87
8982 44
8981 24
8980 4
8979 38
8978 75
8977 42
8976 12
8975 80
8974 27
8973 99
8972 12
8971 11
8970 34
8969 52
8968 30
8967 11
8966 74
8965 47
8964 78
8963 26
8962 51
8961 13
8960 56
8959 96
8958 80
8957 76
8956 65
8955 61
8954 67
8953 29
8952 45
8951 49
8950 13
8949 59
8948 13
8947 14
8946 91
8945 10
8944 18
8943 78
8942 86
8941 16
8940 64
8939 70
8938 16
8937 22
8936 53
8935 86
8934 50
8933 88
8932 87
8931 53
8930 9
8929 4
8928 69
8927 68
8926 15
8925 97
8924 22
8923 40
8922 3
8921 81
8920 92
8919 75
8918 42
8917 5
8916 16
8915 88
8914 22
8913 83
8912 87
8911 93
8910 75
8909 7
8908 67
8907 52
8906 68
8905 58
8904 10
8903 25
8902 66
8901 75
8900 91
8899 95
8898 6
8897 68
8896 13
8895 69
8894 69
8893 26
8892 5
8891 41
8890 75
8889 75
8888 74
8887 83
8886 86
8885 84
8884 100
8883 39
8882 96
8881 23
8880 62
8879 76
8878 45
8877 30
8876 73
8875 76
8874 22
8873 0
8872 59
8871 11
8870 23
8869 13
8868 28
8867 34
8866 53
8865 94
8864 55
8863 62
8862 63
8861 78
8860 9
8859 82
8858 49
8857 41
8856 88
8855 76
8854 4
8853 93
8852 76
8851 73
8850 75
8849 83
8848 98
8847 42
8846 62
8845 49
8844 98
8843 22
8842 100
8841 0
8840 36
8839 34
8838 74
8837 1
8836 100
8835 18
8834 86
8833 73
8832 36
8831 21
8830 70
8829 0
8828 83
8827 61
8826 64
8825 43
8824 39
8823 17
8822 66
8821 36
8820 15
8819 41
8818 61
8817 58
8816 0
8815 8
8814 63
8813 76
8812 70
8811 28
8810 30
8809 32
8808 15
8807 43
8806 14
8805 100
8804 56
8803 66
8802 18
8801 41
8800 22
8799 59
8798 58
8797 39
8796 11
8795 35
8794 46
8793 5
8792 89
8791 38
8790 2
8789 97
8788 69
8787 55
8786 71
8785 10
8784 86
8783 92
8782 23
8781 22
8780 36
8779 38
8778 19
8777 44
8776 20
8775 14
8774 55
8773 1
8772 17
8771 75
8770 62
8769 91
8768 79
8767 98
8766 87
8765 7
8764 26
8763 62
8762 24
8761 21
8760 44
8759 71
8758 13
8757 68
8756 43
8755 95
8754 53
8753 8
8752 93
8751 25
8750 7
8749 83
8748 7
8747 41
8746 45
8745 35
8744 81
8743 72
8742 29
8741 99
8740 22
8739 99
8738 9
8737 72
8736 11
8735 92
8734 33
8733 74
8732 95
8731 0
8730 32
8729 95
8728 23
8727 80
8726 90
8725 12
8724 47
8723 4
8722 77
8721 11
8720 61
8719 44
8718 30
8717 86
8716 92
8715 28
8714 64
8713 38
8712 50
8711 100
8710 89
8709 12
8708 90
8707 23
8706 21
8705 65
8704 46
8703 30
8702 26
8701 48
8700 71
8699 21
8698 81
8697 25
8696 10
8695 17
8694 55
8693 2
8692 74
8691 57
8690 99
8689 61
8688 92
8687 76
8686 70
8685 80
8684 58
8683 44
8682 11
8681 100
8680 70
8679 62
8678 61
8677 57
8676 56
8675 76
8674 39
8673 2
8672 63
8671 96
8670 92
8669 23
8668 99
8667 60
8666 59
8665 76
8664 73
8663 80
8662 30
8661 89
8660 81
8659 98
8658 6
8657 36
8656 68
8655 75
8654 57
8653 27
8652 31
8651 20
8650 85
8649 91
8648 88
8647 57
8646 33
8645 70
8644 55
8643 78
8642 7
8641 70
8640 71
8639 55
8638 56
8637 83
8636 35
8635 59
8634 18
8633 1
8632 65
8631 13
8630 3
8629 62
8628 1
8627 97
8626 58
8625 17
8624 97
8623 34
8622 81
8621 23
8620 87
8619 35
8618 52
8617 55
8616 30
8615 48
8614 64
8613 26
8612 36
8611 79
8610 83
8609 56
8608 74
8607 56
8606 7
8605 65
8604 97
8603 45
8602 36
8601 68
8600 38
8599 98
8598 68
8597 93
8596 67
8595 79
8594 8
8593 55
8592 44
8591 25
8590 73
8589 28
8588 1
8587 93
8586 6
8585 94
8584 62
8583 16
8582 14
8581 74
8580 98
8579 18
8578 57
8577 67
8576 42
8575 81
8574 14
8573 89
8572 92
8571 65
8570 26
8569 95
8568 0
8567 73
8566 29
8565 4
8564 12
8563 87
8562 40
8561 4
8560 55
8559 24
8558 44
8557 92
8556 73
8555 57
8554 48
8553 70
8552 56
8551 1
8550 19
8549 8
8548 18
8547 60
8546 31
8545 43
8544 40
8543 5
8542 54
8541 40
8540 76
8539 26
8538 89
8537 28
8536 14
8535 78
8534 79
8533 97
8532 0
8531 38
8530 31
8529 70
8528 70
8527 77
8526 92
8525 86
8524 94
8523 79
8522 12
8521 59
8520 63
8519 26
8518 2
8517 2
8516 17
8515 18
8514 34
8513 35
8512 63
8511 53
8510 52
8509 51
8508 95
8507 89
8506 11
8505 33
8504 6
8503 4
8502 1
8501 63
8500 1
8499 73
8498 1
8497 48
8496 58
8495 60
8494 33
8493 67
8492 69
8491 69
8490 30
8489 97
8488 83
8487 10
8486 28
8485 79
8484 59
8483 2
8482 99
8481 66
8480 60
8479 84
8478 20
8477 71
8476 81
8475 68
8474 43
8473 10
8472 26
8471 88
8470 86
8469 24
8468 5
8467 57
8466 63
8465 13
8464 43
8463 100
8462 44
8461 16
8460 81
8459 1
8458 55
8457 57
8456 9
8455 1
8454 12
8453 62
8452 36
8451 3
8450 11
8449 76
8448 31
8447 44
8446 100
8445 1
8444 2
8443 18
8442 90
8441 44
8440 13
8439 12
8438 73
8437 95
8436 80
8435 19
8434 82
8433 68
8432 93
8431 49
8430 46
8429 74
8428 98
8427 38
8426 69
8425 28
8424 9
8423 59
8422 89
8421 89
8420 60
8419 9
8418 89
8417 74
8416 55
8415 57
8414 20
8413 24
8412 75
8411 32
8410 74
8409 35
8408 66
8407 69
8406 62
8405 59
8404 79
8403 72
8402 81
8401 71
8400 81
8399 15
8398 12
8397 6
8396 64
8395 30
8394 85
8393 98
8392 62
8391 63
8390 37
8389 51
8388 21
8387 28
8386 56
8385 69
8384 77
8383 66
8382 84
8381 87
8380 17
8379 17
8378 52
8377 94
8376 74
8375 11
8374 35
8373 83
8372 70
8371 99
8370 77
8369 63
8368 92
8367 23
8366 16
8365 52
8364 3
8363 27
8362 90
8361 24
8360 84
8359 64
8358 6
8357 0
8356 4
8355 41
8354 22
8353 52
8352 99
8351 58
8350 66
8349 50
8348 4
8347 85
8346 73
8345 27
8344 7
8343 30
8342 28
8341 3
8340 43
8339 31
8338 69
8337 1
8336 38
8335 54
8334 24
8333 61
8332 67
8331 91
8330 86
8329 58
8328 42
8327 3
8326 27
8325 58
8324 100
8323 53
8322 27
8321 51
8320 98
8319 40
8318 45
8317 99
8316 98
8315 91
8314 76
8313 82
8312 98
8311 41
8310 60
8309 89
8308 100
8307 84
8306 95
8305 96
8304 2
8303 57
8302 49
8301 40
8300 95
8299 39
8298 44
8297 79
8296 77
8295 33
8294 56
8293 77
8292 59
8291 88
8290 82
8289 100
8288 49
8287 23
8286 53
8285 70
8284 43
8283 49
8282 78
8281 76
8280 57
8279 12
8278 40
8277 69
8276 7
8275 81
8274 26
8273 79
8272 1
8271 35
8270 98
8269 0
8268 59
8267 77
8266 17
8265 11
8264 25
8263 75
8262 73
8261 81
8260 1
8259 71
8258 44
8257 23
8256 9
8255 99
8254 11
8253 90
8252 10
8251 68
8250 63
8249 98
8248 6
8247 39
8246 65
8245 76
8244 47
8243 85
8242 78
8241 58
8240 13
8239 9
8238 19
8237 33
8236 80
8235 17
8234 3
8233 71
8232 45
8231 84
8230 76
8229 94
8228 88
8227 60
8226 60
8225 30
8224 27
8223 51
8222 21
8221 55
8220 32
8219 58
8218 58
8217 84
8216 57
8215 62
8214 33
8213 22
8212 3
8211 2
8210 25
8209 91
8208 19
8207 46
8206 50
8205 1
8204 66
8203 50
8202 97
8201 6
8200 81
8199 6
8198 38
8197 36
8196 65
8195 31
8194 71
8193 52
8192 32
8191 0
8190 57
8189 52
8188 91
8187 22
8186 45
8185 2
8184 21
8183 33
8182 75
8181 50
8180 16
8179 65
8178 49
8177 39
8176 44
8175 67
8174 89
8173 51
8172 56
8171 9
8170 89
8169 79
8168 57
8167 56
8166 82
8165 86
8164 36
8163 75
8162 20
8161 99
8160 3
8159 50
8158 24
8157 66
8156 54
8155 65
8154 27
8153 12
8152 84
8151 54
8150 0
8149 24
8148 33
8147 17
8146 10
8145 30
8144 43
8143 33
8142 35
8141 36
8140 48
8139 22
8138 97
8137 41
8136 11
8135 74
8134 23
8133 99
8132 87
8131 54
8130 29
8129 21
8128 26
8127 85
8126 66
8125 84
8124 85
8123 4
8122 2
8121 100
8120 71
8119 66
8118 37
8117 94
8116 99
8115 56
8114 41
8113 76
8112 24
8111 32
8110 22
8109 41
8108 68
8107 85
8106 74
8105 14
8104 71
8103 10
8102 4
8101 39
8100 69
8099 66
8098 96
8097 90
8096 53
8095 88
8094 67
8093 20
8092 14
8091 76
8090 13
8089 83
8088 1
8087 8
8086 48
8085 61
8084 77
8083 69
8082 3
8081 47
8080 48
8079 70
8078 60
8077 0
8076 58
8075 14
8074 8
8073 65
8072 13
8071 64
8070 16
8069 93
8068 47
8067 2
8066 72
8065 16
8064 25
8063 37
8062 38
8061 83
8060 88
8059 38
8058 15
8057 32
8056 57
8055 3
8054 100
8053 57
8052 35
8051 55
8050 29
8049 67
8048 63
8047 79
8046 20
8045 33
8044 76
8043 11
8042 1
8041 18
8040 49
8039 94
8038 91
8037 54
8036 30
8035 50
8034 30
8033 25
8032 65
8031 85
8030 0
8029 79
8028 60
8027 73
8026 84
8025 66
8024 44
8023 99
8022 54
8021 59
8020 70
8019 17
8018 19
8017 23
8016 18
8015 59
8014 76
8013 33
8012 69
8011 87
8010 53
8009 67
8008 61
8007 35
8006 3
8005 79
8004 10
8003 15
8002 6
8001 98
8000 92
7999 21
7998 37
7997 0
7996 4
7995 12
7994 71
7993 6
7992 53
7991 41
7990 74
7989 43
7988 93
7987 66
7986 11
7985 9
7984 12
7983 99
7982 17
7981 98
7980 99
7979 95
7978 38
7977 82
7976 18
7975 53
7974 26
7973 90
7972 69
7971 23
7970 28
7969 35
7968 12
7967 14
7966 2
7965 59
7964 58
7963 2
7962 3
7961 36
7960 48
7959 49
7958 13
7957 76
7956 22
7955 70
7954 89
7953 39
7952 21
7951 55
7950 15
7949 64
7948 82
7947 77
7946 32
7945 92
7944 22
7943 60
7942 42
7941 65
7940 67
7939 23
7938 91
7937 29
7936 64
7935 37
7934 12
7933 84
7932 4
7931 91
7930 30
7929 68
7928 80
7927 34
7926 64
7925 50
7924 39
7923 70
7922 92
7921 30
7920 55
7919 0
7918 1
7917 75
7916 33
7915 34
7914 68
7913 90
7912 27
7911 13
7910 52
7909 37
7908 45
7907 77
7906 84
7905 85
7904 8
7903 11
7902 27
7901 78
7900 25
7899 81
7898 76
7897 82
7896 25
7895 66
7894 46
7893 27
7892 43
7891 19
7890 86
7889 99
7888 72
7887 49
7886 92
7885 83
7884 70
7883 53
7882 59
7881 49
7880 22
7879 35
7878 49
7877 44
7876 21
7875 36
7874 37
7873 75
7872 98
7871 64
7870 61
7869 8
7868 97
7867 50
7866 82
7865 13
7864 57
7863 50
7862 52
7861 75
7860 43
7859 53
7858 12
7857 42
7856 80
7855 77
7854 60
7853 51
7852 77
7851 48
7850 71
7849 59
7848 62
7847 50
7846 2
7845 57
7844 43
7843 5
7842 41
7841 59
7840 32
7839 60
7838 36
7837 47
7836 83
7835 62
7834 48
7833 38
7832 76
7831 81
7830 19
7829 92
7828 15
7827 36
7826 9
7825 46
7824 96
7823 35
7822 91
7821 0
7820 73
7819 0
7818 48
7817 44
7816 12
7815 11
7814 24
7813 22
7812 7
7811 13
7810 57
7809 69
7808 94
7807 100
7806 39
7805 44
7804 72
7803 79
7802 97
7801 83
7800 97
7799 46
7798 69
7797 98
7796 28
7795 61
7794 13
7793 82
7792 25
7791 51
7790 81
7789 79
7788 69
7787 12
7786 94
7785 32
7784 23
7783 79
7782 72
7781 29
7780 26
7779 47
7778 75
7777 8
7776 30
7775 15
7774 23
7773 28
7772 79
7771 65
7770 38
7769 82
7768 5
7767 30
7766 46
7765 29
7764 34
7763 12
7762 55
7761 78
7760 73
7759 89
7758 54
7757 40
7756 20
7755 22
7754 37
7753 37
7752 49
7751 49
7750 30
7749 36
7748 99
7747 60
7746 86
7745 69
7744 22
7743 60
7742 3
7741 33
7740 94
7739 96
7738 28
7737 82
7736 100
7735 10
7734 66
7733 77
7732 58
7731 78
7730 18
7729 92
7728 2
7727 62
7726 20
7725 93
7724 90
7723 67
7722 50
7721 98
7720 54
7719 74
7718 72
7717 6
7716 97
7715 39
7714 70
7713 51
7712 94
7711 72
7710 71
7709 84
7708 57
7707 53
7706 22
7705 79
7704 31
7703 19
7702 89
7701 61
7700 29
7699 74
7698 14
7697 67
7696 86
7695 42
7694 54
7693 44
7692 47
7691 74
7690 96
7689 24
7688 42
7687 66
7686 22
7685 98
7684 79
7683 15
7682 4
7681 76
7680 7
7679 30
7678 37
7677 75
7676 19
7675 30
7674 20
7673 33
7672 72
7671 25
7670 36
7669 48
7668 70
7667 32
7666 83
7665 74
7664 19
7663 93
7662 16
7661 54
7660 93
7659 39
7658 76
7657 69
7656 100
7655 16
7654 43
7653 20
7652 72
7651 2
7650 51
7649 29
7648 45
7647 13
7646 23
7645 79
7644 92
7643 49
7642 48
7641 64
7640 9
7639 17
7638 35
7637 74
7636 24
7635 13
7634 94
7633 1
7632 80
7631 83
7630 93
7629 49
7628 93
7627 55
7626 25
7625 44
7624 59
7623 11
7622 14
7621 30
7620 95
7619 4
7618 55
7617 64
7616 61
7615 83
7614 79
7613 84
7612 13
7611 28
7610 23
7609 9
7608 68
7607 47
7606 37
7605 99
7604 48
7603 52
7602 90
7601 49
7600 58
7599 72
7598 41
7597 14
7596 18
7595 1
7594 3
7593 21
7592 86
7591 91
7590 69
7589 11
7588 92
7587 89
7586 75
7585 2
7584 94
7583 83
7582 90
7581 49
7580 79
7579 64
7578 31
7577 75
7576 94
7575 34
7574 30
7573 84
7572 7
7571 46
7570 36
7569 23
7568 25
7567 8
7566 93
7565 12
7564 41
7563 88
7562 87
7561 14
7560 47
7559 65
7558 64
7557 66
7556 77
7555 36
7554 76
7553 95
7552 16
7551 11
7550 0
7549 63
7548 15
7547 49
7546 46
7545 36
7544 92
7543 27
7542 30
7541 55
7540 72
7539 58
7538 15
7537 1
7536 47
7535 24
7534 31
7533 76
7532 37
7531 48
7530 40
7529 51
7528 65
7527 50
7526 100
7525 56
7524 79
7523 44
7522 17
7521 52
7520 11
7519 56
7518 71
7517 55
7516 86
7515 90
7514 94
7513 10
7512 75
7511 1
7510 94
7509 26
7508 7
7507 25
7506 20
7505 76
7504 100
7503 15
7502 48
7501 66
7500 2
7499 26
7498 50
7497 51
7496 62
7495 23
7494 80
7493 27
7492 45
7491 43
7490 27
7489 54
7488 86
7487 30
7486 78
7485 9
7484 37
7483 49
7482 99
7481 42
7480 86
7479 11
7478 12
7477 38
7476 5
7475 7
7474 42
7473 51
7472 22
7471 16
7470 88
7469 4
7468 52
7467 58
7466 65
7465 100
7464 80
7463 31
7462 81
7461 79
7460 62
7459 74
7458 10
7457 17
7456 3
7455 1
7454 77
7453 28
7452 22
7451 20
7450 74
7449 51
7448 30
7447 5
7446 31
7445 100
7444 14
7443 87
7442 32
7441 69
7440 93
7439 99
7438 98
7437 30
7436 96
7435 88
7434 39
7433 56
7432 36
7431 50
7430 98
7429 77
7428 81
7427 65
7426 89
7425 87
7424 37
7423 30
7422 57
7421 66
7420 83
7419 66
7418 55
7417 75
7416 22
7415 38
7414 44
7413 2
7412 31
7411 64
7410 10
7409 47
7408 16
7407 56
7406 96
7405 40
7404 59
7403 64
7402 12
7401 61
7400 83
7399 100
7398 67
7397 94
7396 55
7395 87
7394 12
7393 61
7392 97
7391 94
7390 72
7389 81
7388 45
7387 21
7386 12
7385 99
7384 42
7383 75
7382 47
7381 73
7380 36
7379 45
7378 14
7377 73
7376 46
7375 21
7374 56
7373 83
7372 55
7371 73
7370 97
7369 17
7368 91
7367 80
7366 68
7365 82
7364 82
7363 96
7362 27
7361 15
7360 6
7359 90
7358 43
7357 88
7356 90
7355 23
7354 46
7353 42
7352 38
7351 23
7350 36
7349 3
7348 17
7347 24
7346 49
7345 23
7344 99
7343 60
7342 69
7341 31
7340 30
7339 1
7338 24
7337 57
7336 56
7335 52
7334 96
7333 4
7332 25
7331 82
7330 95
7329 48
7328 99
7327 57
7326 4
7325 100
7324 46
7323 37
7322 17
7321 12
7320 97
7319 33
7318 68
7317 46
7316 75
7315 52
7314 19
7313 32
7312 7
7311 39
7310 45
7309 54
7308 94
7307 53
7306 78
7305 86
7304 56
7303 19
7302 48
7301 44
7300 11
7299 57
7298 44
7297 28
7296 89
7295 81
7294 48
7293 0
7292 73
7291 89
7290 5
7289 72
7288 41
7287 43
7286 20
7285 26
7284 76
7283 75
7282 68
7281 47
7280 55
7279 1
7278 18
7277 55
7276 24
7275 87
7274 17
7273 24
7272 86
7271 10
7270 86
7269 26
7268 28
7267 72
7266 66
7265 97
7264 1
7263 3
7262 9
7261 5
7260 33
7259 43
7258 61
7257 3
7256 21
7255 75
7254 63
7253 43
7252 96
7251 82
7250 48
7249 43
7248 11
7247 80
7246 2
7245 16
7244 92
7243 40
7242 5
7241 53
7240 62
7239 0
7238 41
7237 88
7236 10
7235 65
7234 98
7233 12
7232 34
7231 68
7230 29
7229 88
7228 80
7227 33
7226 83
7225 1
7224 67
7223 1
7222 85
7221 67
7220 8
7219 68
7218 12
7217 53
7216 8
7215 57
7214 20
7213 5
7212 55
7211 16
7210 85
7209 11
7208 24
7207 38
7206 61
7205 0
7204 24
7203 18
7202 9
7201 75
7200 20
7199 89
7198 51
7197 28
7196 41
7195 67
7194 100
7193 16
7192 97
7191 97
7190 64
7189 85
7188 56
7187 35
7186 10
7185 87
7184 59
7183 88
7182 26
7181 27
7180 11
7179 17
7178 7
7177 11
7176 48
7175 99
7174 2
7173 33
7172 64
7171 13
7170 61
7169 58
7168 23
7167 60
7166 21
7165 32
7164 14
7163 78
7162 35
7161 62
7160 63
7159 94
7158 69
7157 41
7156 12
7155 30
7154 44
7153 40
7152 78
7151 78
7150 96
7149 99
7148 51
7147 68
7146 50
7145 13
7144 50
7143 88
7142 30
7141 38
7140 94
7139 81
7138 15
7137 63
7136 55
7135 96
7134 3
7133 90
7132 96
7131 97
7130 49
7129 8
7128 15
7127 89
7126 29
7125 32
7124 87
7123 74
7122 22
7121 53
7120 48
7119 52
7118 76
7117 69
7116 67
7115 66
7114 53
7113 92
7112 34
7111 34
7110 32
7109 39
7108 91
7107 61
7106 99
7105 9
7104 9
7103 28
7102 89
7101 53
7100 14
7099 95
7098 91
7097 78
7096 32
7095 60
7094 76
7093 56
7092 17
7091 16
7090 35
7089 27
7088 89
7087 81
7086 29
7085 37
7084 71
7083 47
7082 78
7081 49
7080 12
7079 99
7078 99
7077 82
7076 74
7075 24
7074 76
7073 41
7072 38
7071 14
7070 87
7069 56
7068 5
7067 81
7066 94
7065 49
7064 75
7063 54
7062 45
7061 84
7060 43
7059 13
7058 83
7057 94
7056 100
7055 99
7054 58
7053 41
7052 93
7051 44
7050 14
7049 57
7048 81
7047 40
7046 28
7045 55
7044 63
7043 32
7042 7
7041 49
7040 16
7039 71
7038 46
7037 33
7036 21
7035 4
7034 95
7033 36
7032 69
7031 99
7030 88
7029 96
7028 35
7027 2
7026 69
7025 1
7024 10
7023 74
7022 68
7021 7
7020 86
7019 33
7018 14
7017 88
7016 11
7015 28
7014 61
7013 65
7012 23
7011 24
7010 99
7009 65
7008 15
7007 6
7006 24
7005 34
7004 78
7003 52
7002 44
7001 13
7000 18
6999 13
6998 44
6997 60
6996 0
6995 35
6994 11
6993 28
6992 73
6991 41
6990 51
6989 84
6988 60
6987 97
6986 12
6985 33
6984 74
6983 52
6982 32
6981 85
6980 11
6979 49
6978 45
6977 5
6976 94
6975 86
6974 23
6973 67
6972 10
6971 68
6970 51
6969 38
6968 10
6967 40
6966 92
6965 79
6964 12
6963 98
6962 19
6961 48
6960 53
6959 25
6958 86
6957 91
6956 7
6955 50
6954 21
6953 67
6952 93
6951 69
6950 62
6949 60
6948 39
6947 56
6946 18
6945 66
6944 43
6943 31
6942 97
6941 55
6940 60
6939 83
6938 89
6937 99
6936 80
6935 9
6934 54
6933 18
6932 53
6931 66
6930 17
6929 44
6928 7
6927 52
6926 40
6925 55
6924 28
6923 16
6922 68
6921 58
6920 74
6919 53
6918 95
6917 21
6916 98
6915 22
6914 13
6913 82
6912 100
6911 84
6910 2
6909 7
6908 74
6907 61
6906 21
6905 81
6904 33
6903 1
6902 82
6901 64
6900 37
6899 11
6898 35
6897 54
6896 87
6895 12
6894 36
6893 38
6892 18
6891 26
6890 92
6889 40
6888 3
6887 89
6886 43
6885 50
6884 42
6883 84
6882 62
6881 50
6880 54
6879 32
6878 17
6877 70
6876 69
6875 54
6874 42
6873 69
6872 8
6871 27
6870 69
6869 60
6868 30
6867 6
6866 20
6865 58
6864 92
6863 29
6862 17
6861 2
6860 84
6859 36
6858 93
6857 18
6856 80
6855 18
6854 9
6853 21
6852 2
6851 63
6850 78
6849 81
6848 69
6847 7
6846 70
6845 1
6844 4
6843 80
6842 50
6841 97
6840 16
6839 47
6838 0
6837 49
6836 2
6835 84
6834 4
6833 62
6832 89
6831 3
6830 0
6829 75
6828 56
6827 78
6826 68
6825 10
6824 80
6823 6
6822 51
6821 65
6820 12
6819 33
6818 39
6817 12
6816 7
6815 78
6814 67
6813 57
6812 21
6811 96
6810 47
6809 92
6808 59
6807 12
6806 8
6805 90
6804 43
6803 91
6802 66
6801 97
6800 15
6799 21
6798 75
6797 90
6796 0
6795 79
6794 93
6793 51
6792 63
6791 71
6790 93
6789 1
6788 43
6787 54
6786 100
6785 53
6784 85
6783 69
6782 32
6781 48
6780 94
6779 75
6778 8
6777 84
6776 20
6775 0
6774 87
6773 69
6772 60
6771 4
6770 48
6769 77
6768 11
6767 86
6766 18
6765 87
6764 22
6763 25
6762 9
6761 96
6760 47
6759 13
6758 35
6757 1
6756 82
6755 64
6754 97
6753 51
6752 63
6751 97
6750 86
6749 8
6748 78
6747 74
6746 35
6745 93
6744 75
6743 49
6742 13
6741 72
6740 85
6739 2
6738 31
6737 5
6736 61
6735 74
6734 54
6733 88
6732 67
6731 61
6730 10
6729 67
6728 14
6727 84
6726 97
6725 84
6724 48
6723 19
6722 67
6721 34
6720 95
6719 12
6718 89
6717 17
6716 66
6715 34
6714 11
6713 59
6712 37
6711 80
6710 40
6709 40
6708 42
6707 62
6706 5
6705 76
6704 46
6703 76
6702 59
6701 4
6700 19
6699 57
6698 29
6697 14
6696 24
6695 26
6694 72
6693 72
6692 94
6691 25
6690 53
6689 34
6688 17
6687 70
6686 65
6685 9
6684 85
6683 42
6682 15
6681 10
6680 54
6679 89
6678 50
6677 13
6676 93
6675 15
6674 90
6673 85
6672 37
6671 39
6670 86
6669 49
6668 29
6667 59
6666 39
6665 33
6664 60
6663 15
6662 84
6661 49
6660 28
6659 73
6658 83
6657 14
6656 61
6655 69
6654 27
6653 26
6652 93
6651 30
6650 6
6649 42
6648 47
6647 59
6646 16
6645 74
6644 98
6643 41
6642 16
6641 4
6640 14
6639 87
6638 66
6637 80
6636 72
6635 95
6634 45
6633 27
6632 45
6631 68
6630 43
6629 14
6628 80
6627 76
6626 74
6625 93
6624 2
6623 82
6622 47
6621 44
6620 78
6619 88
6618 50
6617 37
6616 18
6615 43
6614 57
6613 30
6612 99
6611 28
6610 69
6609 11
6608 84
6607 41
6606 24
6605 83
6604 98
6603 34
6602 90
6601 85
6600 29
6599 90
6598 80
6597 33
6596 98
6595 38
6594 78
6593 91
6592 3
6591 2
6590 84
6589 11
6588 75
6587 94
6586 71
6585 58
6584 56
6583 94
6582 73
6581 43
6580 87
6579 24
6578 15
6577 62
6576 6
6575 58
6574 43
6573 19
6572 85
6571 42
6570 25
6569 45
6568 41
6567 30
6566 83
6565 54
6564 32
6563 96
6562 22
6561 10
6560 31
6559 64
6558 35
6557 29
6556 1
6555 26
6554 61
6553 22
6552 28
6551 71
6550 34
6549 49
6548 44
6547 86
6546 28
6545 26
6544 95
6543 30
6542 4
6541 47
6540 13
6539 45
6538 50
6537 47
6536 81
6535 62
6534 29
6533 58
6532 25
6531 17
6530 14
6529 49
6528 92
6527 52
6526 84
6525 49
6524 12
6523 10
6522 25
6521 37
6520 70
6519 29
6518 18
6517 5
6516 80
6515 7
6514 32
6513 46
6512 91
6511 6
6510 87
6509 4
6508 14
6507 65
6506 97
6505 90
6504 80
6503 74
6502 70
6501 31
6500 66
6499 16
6498 82
6497 64
6496 78
6495 60
6494 83
6493 1
6492 91
6491 30
6490 85
6489 30
6488 3
6487 48
6486 35
6485 24
6484 44
6483 63
6482 71
6481 39
6480 35
6479 3
6478 94
6477 69
6476 67
6475 92
6474 36
6473 40
6472 26
6471 32
6470 43
6469 83
6468 76
6467 22
6466 46
6465 7
6464 35
6463 27
6462 53
6461 81
6460 100
6459 70
6458 75
6457 0
6456 15
6455 5
6454 4
6453 25
6452 29
6451 49
6450 7
6449 29
6448 4
6447 76
6446 16
6445 45
6444 38
6443 60
6442 40
6441 75
6440 1
6439 42
6438 54
6437 79
6436 40
6435 54
6434 61
6433 92
6432 76
6431 57
6430 13
6429 31
6428 17
6427 47
6426 36
6425 94
6424 59
6423 2
6422 81
6421 54
6420 50
6419 9
6418 36
6417 30
6416 84
6415 8
6414 61
6413 27
6412 13
6411 39
6410 33
6409 49
6408 73
6407 74
6406 100
6405 17
6404 14
6403 66
6402 46
6401 10
6400 1
6399 25
6398 15
6397 84
6396 75
6395 85
6394 7
6393 8
6392 91
6391 21
6390 95
6389 79
6388 16
6387 34
6386 35
6385 16
6384 82
6383 67
6382 62
6381 90
6380 51
6379 14
6378 17
6377 29
6376 4
6375 73
6374 37
6373 31
6372 39
6371 88
6370 28
6369 91
6368 85
6367 61
6366 28
6365 64
6364 88
6363 5
6362 9
6361 54
6360 98
6359 7
6358 59
6357 18
6356 40
6355 40
6354 59
6353 44
6352 95
6351 8
6350 47
6349 87
6348 46
6347 87
6346 68
6345 5
6344 24
6343 93
6342 67
6341 90
6340 28
6339 73
6338 44
6337 52
6336 21
6335 51
6334 45
6333 12
6332 6
6331 95
6330 19
6329 68
6328 12
6327 54
6326 5
6325 89
6324 80
6323 12
6322 37
6321 1
6320 26
6319 72
6318 43
6317 50
6316 78
6315 29
6314 6
6313 88
6312 99
6311 70
6310 48
6309 59
6308 6
6307 72
6306 4
6305 69
6304 4
6303 85
6302 46
6301 83
6300 62
6299 52
6298 88
6297 97
6296 71
6295 65
6294 94
6293 75
6292 87
6291 38
6290 17
6289 3
6288 30
6287 9
6286 93
6285 93
6284 59
6283 70
6282 62
6281 16
6280 45
6279 68
6278 66
6277 6
6276 43
6275 20
6274 71
6273 27
6272 14
6271 87
6270 83
6269 16
6268 56
6267 23
6266 30
6265 94
6264 78
6263 3
6262 89
6261 19
6260 40
6259 42
6258 49
6257 47
6256 50
6255 56
6254 69
6253 3
6252 85
6251 89
6250 20
6249 61
6248 8
6247 59
6246 6
6245 21
6244 43
6243 7
6242 79
6241 17
6240 86
6239 36
6238 56
6237 64
6236 44
6235 7
6234 70
6233 46
6232 55
6231 9
6230 99
6229 46
6228 34
6227 29
6226 5
6225 52
6224 36
6223 39
6222 80
6221 28
6220 1
6219 42
6218 23
6217 25
6216 46
6215 70
6214 5
6213 9
6212 33
6211 3
6210 50
6209 4
6208 54
6207 20
6206 9
6205 71
6204 42
6203 43
6202 22
6201 63
6200 27
6199 67
6198 95
6197 57
6196 13
6195 9
6194 14
6193 55
6192 36
6191 36
6190 7
6189 67
6188 51
6187 6
6186 28
6185 52
6184 41
6183 42
6182 11
6181 16
6180 66
6179 30
6178 82
6177 52
6176 65
6175 54
6174 11
6173 27
6172 84
6171 17
6170 22
6169 13
6168 25
6167 46
6166 19
6165 36
6164 91
6163 58
6162 66
6161 23
6160 56
6159 24
6158 45
6157 23
6156 97
6155 73
6154 15
6153 58
6152 61
6151 78
6150 89
6149 49
6148 24
6147 88
6146 55
6145 52
6144 75
6143 36
6142 73
6141 7
6140 64
6139 78
6138 6
6137 0
6136 95
6135 64
6134 69
6133 57
6132 87
6131 93
6130 21
6129 61
6128 62
6127 55
6126 98
6125 9
6124 25
6123 44
6122 83
6121 70
6120 42
6119 42
6118 96
6117 57
6116 47
6115 98
6114 57
6113 37
6112 59
6111 90
6110 99
6109 38
6108 12
6107 64
6106 94
6105 44
6104 18
6103 42
6102 76
6101 66
6100 46
6099 21
6098 41
6097 62
6096 60
6095 53
6094 46
6093 95
6092 38
6091 100
6090 98
6089 64
6088 18
6087 16
6086 42
6085 56
6084 47
6083 93
6082 20
6081 34
6080 81
6079 59
6078 50
6077 93
6076 8
6075 82
6074 51
6073 45
6072 16
6071 61
6070 29
6069 70
6068 12
6067 98
6066 7
6065 59
6064 74
6063 2
6062 36
6061 51
6060 42
6059 2
6058 96
6057 65
6056 80
6055 36
6054 24
6053 33
6052 22
6051 67
6050 48
6049 6
6048 87
6047 44
6046 76
6045 43
6044 32
6043 63
6042 79
6041 48
6040 53
6039 40
6038 24
6037 69
6036 49
6035 60
6034 64
6033 46
6032 72
6031 32
6030 14
6029 39
6028 65
6027 81
6026 78
6025 51
6024 0
6023 55
6022 100
6021 69
6020 93
6019 97
6018 80
6017 25
6016 44
6015 30
6014 20
6013 48
6012 23
6011 64
6010 91
6009 85
6008 64
6007 14
6006 50
6005 79
6004 4
6003 37
6002 89
6001 77
6000 26
5999 42
5998 74
5997 54
5996 38
5995 67
5994 80
5993 23
5992 47
5991 51
5990 1
5989 4
5988 89
5987 94
5986 17
5985 5
5984 71
5983 13
5982 100
5981 89
5980 35
5979 90
5978 22
5977 94
5976 46
5975 36
5974 11
5973 49
5972 43
5971 74
5970 21
5969 58
5968 19
5967 40
5966 46
5965 54
5964 8
5963 99
5962 5
5961 41
5960 33
5959 32
5958 79
5957 56
5956 48
5955 99
5954 26
5953 76
5952 27
5951 34
5950 12
5949 40
5948 8
5947 81
5946 72
5945 42
5944 6
5943 41
5942 54
5941 4
5940 46
5939 17
5938 43
5937 85
5936 46
5935 17
5934 16
5933 40
5932 79
5931 69
5930 45
5929 90
5928 69
5927 14
5926 55
5925 81
5924 53
5923 62
5922 89
5921 64
5920 48
5919 2
5918 74
5917 69
5916 37
5915 33
5914 96
5913 28
5912 13
5911 77
5910 21
5909 62
5908 65
5907 30
5906 57
5905 17
5904 72
5903 30
5902 71
5901 86
5900 77
5899 95
5898 42
5897 86
5896 92
5895 33
5894 88
5893 54
5892 4
5891 11
5890 72
5889 22
5888 31
5887 90
5886 29
5885 54
5884 76
5883 79
5882 47
5881 56
5880 60
5879 51
5878 13
5877 23
5876 1
5875 100
5874 52
5873 54
5872 48
5871 23
5870 8
5869 28
5868 23
5867 21
5866 54
5865 8
5864 49
5863 64
5862 87
5861 96
5860 18
5859 66
5858 12
5857 82
5856 27
5855 19
5854 31
5853 35
5852 87
5851 66
5850 51
5849 52
5848 38
5847 21
5846 14
5845 79
5844 23
5843 64
5842 28
5841 11
5840 46
5839 63
5838 86
5837 64
5836 60
5835 94
5834 28
5833 41
5832 40
5831 1
5830 85
5829 9
5828 12
5827 38
5826 54
5825 99
5824 65
5823 59
5822 39
5821 28
5820 23
5819 0
5818 39
5817 88
5816 95
5815 31
5814 59
5813 66
5812 79
5811 4
5810 9
5809 80
5808 89
5807 2
5806 49
5805 7
5804 75
5803 36
5802 35
5801 98
5800 63
5799 86
5798 80
5797 40
5796 19
5795 21
5794 59
5793 26
5792 70
5791 44
5790 99
5789 56
5788 16
5787 16
5786 84
5785 85
5784 22
5783 88
5782 56
5781 91
5780 47
5779 65
5778 52
5777 7
5776 61
5775 67
5774 80
5773 30
5772 93
5771 45
5770 15
5769 34
5768 63
5767 62
5766 27
5765 73
5764 29
5763 50
5762 10
5761 26
5760 16
5759 27
5758 57
5757 86
5756 4
5755 48
5754 52
5753 17
5752 72
5751 92
5750 27
5749 72
5748 20
5747 24
5746 7
5745 62
5744 94
5743 30
5742 89
5741 88
5740 23
5739 67
5738 55
5737 75
5736 22
5735 73
5734 30
5733 52
5732 49
5731 65
5730 99
5729 99
5728 42
5727 35
5726 56
5725 78
5724 59
5723 58
5722 65
5721 30
5720 0
5719 31
5718 36
5717 29
5716 89
5715 33
5714 79
5713 95
5712 53
5711 49
5710 86
5709 62
5708 45
5707 71
5706 77
5705 20
5704 10
5703 88
5702 20
5701 13
5700 31
5699 41
5698 76
5697 15
5696 1
5695 22
5694 85
5693 46
5692 93
5691 70
5690 45
5689 31
5688 2
5687 39
5686 94
5685 46
5684 86
5683 41
5682 29
5681 39
5680 97
5679 91
5678 34
5677 23
5676 14
5675 43
5674 49
5673 77
5672 79
5671 42
5670 69
5669 96
5668 50
5667 85
5666 49
5665 76
5664 8
5663 19
5662 56
5661 65
5660 24
5659 93
5658 27
5657 89
5656 80
5655 75
5654 55
5653 74
5652 13
5651 82
5650 23
5649 54
5648 19
5647 41
5646 85
5645 80
5644 36
5643 29
5642 21
5641 98
5640 49
5639 71
5638 52
5637 35
5636 80
5635 63
5634 32
5633 33
5632 84
5631 14
5630 37
5629 42
5628 32
5627 43
5626 66
5625 72
5624 97
5623 36
5622 98
5621 100
5620 20
5619 92
5618 20
5617 24
5616 18
5615 18
5614 93
5613 46
5612 72
5611 4
5610 41
5609 40
5608 47
5607 83
5606 81
5605 7
5604 26
5603 2
5602 69
5601 38
5600 30
5599 41
5598 1
5597 83
5596 30
5595 29
5594 74
5593 2
5592 2
5591 1
5590 21
5589 32
5588 25
5587 74
5586 91
5585 81
5584 52
5583 61
5582 42
5581 23
5580 69
5579 31
5578 61
5577 14
5576 97
5575 69
5574 87
5573 46
5572 83
5571 61
5570 90
5569 25
5568 10
5567 20
5566 37
5565 50
5564 56
5563 39
5562 44
5561 41
5560 8
5559 58
5558 60
5557 15
5556 95
5555 1
5554 95
5553 83
5552 51
5551 55
5550 59
5549 8
5548 57
5547 9
5546 28
5545 3
5544 20
5543 87
5542 73
5541 55
5540 14
5539 51
5538 23
5537 16
5536 50
5535 43
5534 13
5533 85
5532 61
5531 14
5530 86
5529 92
5528 67
5527 5
5526 86
5525 28
5524 71
5523 7
5522 84
5521 3
5520 60
5519 70
5518 30
5517 43
5516 35
5515 0
5514 68
5513 39
5512 12
5511 69
5510 18
5509 17
5508 71
5507 87
5506 26
5505 63
5504 46
5503 48
5502 28
5501 51
5500 45
5499 28
5498 69
5497 66
5496 36
5495 37
5494 57
5493 42
5492 52
5491 1
5490 59
5489 57
5488 60
5487 3
5486 13
5485 31
5484 1
5483 58
5482 48
5481 33
5480 8
5479 46
5478 12
5477 0
5476 46
5475 7
5474 27
5473 74
5472 0
5471 31
5470 56
5469 76
5468 83
5467 92
5466 82
5465 10
5464 77
5463 32
5462 27
5461 30
5460 15
5459 7
5458 86
5457 92
5456 22
5455 25
5454 46
5453 88
5452 64
5451 36
5450 97
5449 45
5448 92
5447 3
5446 15
5445 35
5444 81
5443 25
5442 50
5441 18
5440 26
5439 56
5438 9
5437 85
5436 68
5435 59
5434 100
5433 18
5432 44
5431 32
5430 59
5429 77
5428 32
5427 6
5426 2
5425 60
5424 81
5423 74
5422 86
5421 94
5420 53
5419 87
5418 45
5417 49
5416 75
5415 70
5414 44
5413 11
5412 3
5411 88
5410 92
5409 75
5408 75
5407 65
5406 91
5405 25
5404 52
5403 55
5402 2
5401 69
5400 41
5399 81
5398 69
5397 60
5396 30
5395 57
5394 84
5393 53
5392 60
5391 16
5390 16
5389 18
5388 37
5387 17
5386 20
5385 100
5384 4
5383 77
5382 54
5381 16
5380 18
5379 88
5378 14
5377 28
5376 7
5375 46
5374 38
5373 24
5372 95
5371 10
5370 98
5369 96
5368 89
5367 95
5366 50
5365 76
5364 4
5363 88
5362 0
5361 44
5360 36
5359 89
5358 9
5357 40
5356 59
5355 98
5354 59
5353 30
5352 54
5351 27
5350 43
5349 67
5348 99
5347 66
5346 88
5345 77
5344 87
5343 81
5342 18
5341 1
5340 12
5339 19
5338 93
5337 73
5336 42
5335 59
5334 47
5333 34
5332 83
5331 70
5330 62
5329 99
5328 38
5327 69
5326 66
5325 45
5324 1
5323 24
5322 39
5321 62
5320 66
5319 26
5318 85
5317 6
5316 86
5315 20
5314 41
5313 17
5312 73
5311 40
5310 50
5309 10
5308 75
5307 97
5306 47
5305 63
5304 52
5303 52
5302 49
5301 91
5300 36
5299 32
5298 58
5297 57
5296 55
5295 70
5294 68
5293 11
5292 56
5291 10
5290 37
5289 57
5288 75
5287 52
5286 87
5285 96
5284 42
5283 81
5282 42
5281 84
5280 18
5279 96
5278 45
5277 75
5276 24
5275 94
5274 34
5273 93
5272 58
5271 68
5270 5
5269 58
5268 12
5267 48
5266 16
5265 54
5264 88
5263 26
5262 44
5261 53
5260 53
5259 55
5258 68
5257 29
5256 65
5255 95
5254 78
5253 77
5252 96
5251 82
5250 47
5249 81
5248 61
5247 18
5246 7
5245 49
5244 13
5243 23
5242 11
5241 80
5240 48
5239 92
5238 18
5237 52
5236 49
5235 33
5234 63
5233 79
5232 2
5231 33
5230 94
5229 37
5228 13
5227 77
5226 8
5225 1
5224 93
5223 0
5222 54
5221 93
5220 42
5219 8
5218 47
5217 22
5216 5
5215 80
5214 15
5213 39
5212 6
5211 0
5210 10
5209 91
5208 37
5207 45
5206 58
5205 48
5204 1
5203 93
5202 60
5201 69
5200 60
5199 12
5198 71
5197 28
5196 5
5195 97
5194 88
5193 48
5192 17
5191 15
5190 76
5189 77
5188 15
5187 4
5186 14
5185 87
5184 23
5183 53
5182 37
5181 57
5180 59
5179 53
5178 99
5177 89
5176 47
5175 58
5174 29
5173 33
5172 31
5171 66
5170 79
5169 5
5168 82
5167 99
5166 71
5165 17
5164 64
5163 11
5162 46
5161 50
5160 61
5159 71
5158 46
5157 38
5156 61
5155 85
5154 45
5153 12
5152 98
5151 45
5150 57
5149 58
5148 19
5147 30
5146 58
5145 37
5144 75
5143 30
5142 25
5141 47
5140 99
5139 20
5138 56
5137 54
5136 30
5135 58
5134 79
5133 31
5132 97
5131 24
5130 61
5129 36
5128 78
5127 97
5126 89
5125 12
5124 33
5123 84
5122 41
5121 47
5120 42
5119 26
5118 64
5117 12
5116 95
5115 7
5114 1
5113 100
5112 94
5111 91
5110 56
5109 47
5108 82
5107 90
5106 14
5105 68
5104 17
5103 20
5102 49
5101 34
5100 68
5099 24
5098 20
5097 13
5096 52
5095 15
5094 41
5093 5
5092 55
5091 27
5090 87
5089 30
5088 22
5087 31
5086 27
5085 37
5084 56
5083 83
5082 11
5081 22
5080 42
5079 88
5078 79
5077 59
5076 8
5075 86
5074 70
5073 1
5072 33
5071 42
5070 15
5069 72
5068 64
5067 61
5066 90
5065 60
5064 74
5063 26
5062 60
5061 13
5060 21
5059 24
5058 56
5057 70
5056 64
5055 47
5054 62
5053 51
5052 15
5051 46
5050 15
5049 91
5048 82
5047 36
5046 27
5045 55
5044 74
5043 15
5042 65
5041 92
5040 1
5039 89
5038 27
5037 47
5036 98
5035 2
5034 51
5033 65
5032 75
5031 73
5030 61
5029 23
5028 84
5027 6
5026 25
5025 86
5024 4
5023 83
5022 15
5021 24
5020 6
5019 100
5018 42
5017 90
5016 7
5015 61
5014 72
5013 82
5012 36
5011 15
5010 91
5009 7
5008 88
5007 46
5006 29
5005 68
5004 5
5003 53
5002 16
5001 58
5000 70
4999 1
4998 82
4997 98
4996 76
4995 49
4994 52
4993 40
4992 34
4991 54
4990 75
4989 61
4988 66
4987 58
4986 24
4985 76
4984 22
4983 0
4982 97
4981 21
4980 8
4979 88
4978 70
4977 7
4976 67
4975 14
4974 20
4973 89
4972 76
4971 56
4970 7
4969 36
4968 77
4967 31
4966 39
4965 35
4964 6
4963 53
4962 39
4961 7
4960 75
4959 48
4958 34
4957 30
4956 0
4955 93
4954 47
4953 26
4952 13
4951 77
4950 22
4949 95
4948 18
4947 84
4946 98
4945 72
4944 46
4943 3
4942 25
4941 68
4940 37
4939 84
4938 72
4937 72
4936 19
4935 55
4934 78
4933 88
4932 3
4931 29
4930 21
4929 64
4928 87
4927 45
4926 83
4925 36
4924 67
4923 88
4922 40
4921 91
4920 38
4919 85
4918 85
4917 34
4916 67
4915 64
4914 0
4913 58
4912 80
4911 39
4910 56
4909 78
4908 83
4907 89
4906 8
4905 1
4904 18
4903 80
4902 47
4901 14
4900 32
4899 82
4898 64
4897 44
4896 5
4895 7
4894 40
4893 75
4892 21
4891 55
4890 79
4889 87
4888 90
4887 15
4886 64
4885 70
4884 22
4883 93
4882 95
4881 10
4880 71
4879 39
4878 70
4877 63
4876 9
4875 68
4874 86
4873 29
4872 40
4871 33
4870 3
4869 25
4868 83
4867 1
4866 74
4865 29
4864 21
4863 36
4862 35
4861 53
4860 5
4859 78
4858 37
4857 7
4856 77
4855 44
4854 64
4853 79
4852 14
4851 54
4850 33
4849 92
4848 97
4847 71
4846 96
4845 94
4844 45
4843 91
4842 43
4841 91
4840 20
4839 49
4838 38
4837 69
4836 73
4835 9
4834 0
4833 55
4832 72
4831 90
4830 76
4829 64
4828 70
4827 13
4826 12
4825 98
4824 6
4823 100
4822 80
4821 81
4820 96
4819 33
4818 35
4817 68
4816 62
4815 71
4814 22
4813 57
4812 40
4811 74
4810 51
4809 14
4808 20
4807 73
4806 3
4805 37
4804 21
4803 55
4802 80
4801 97
4800 84
4799 71
4798 8
4797 1
4796 7
4795 6
4794 71
4793 41
4792 90
4791 46
4790 12
4789 4
4788 34
4787 80
4786 57
4785 50
4784 72
4783 15
4782 13
4781 46
4780 23
4779 90
4778 52
4777 58
4776 20
4775 86
4774 58
4773 10
4772 39
4771 31
4770 0
4769 98
4768 67
4767 80
4766 70
4765 84
4764 18
4763 84
4762 24
4761 26
4760 73
4759 79
4758 4
4757 62
4756 78
4755 12
4754 33
4753 80
4752 92
4751 28
4750 28
4749 95
4748 85
4747 77
4746 57
4745 0
4744 81
4743 92
4742 72
4741 98
4740 12
4739 2
4738 79
4737 82
4736 20
4735 27
4734 17
4733 52
4732 49
4731 89
4730 67
4729 12
4728 34
4727 50
4726 24
4725 54
4724 14
4723 63
4722 62
4721 50
4720 35
4719 27
4718 30
4717 30
4716 20
4715 64
4714 31
4713 79
4712 42
4711 75
4710 38
4709 75
4708 46
4707 58
4706 89
4705 40
4704 85
4703 56
4702 99
4701 22
4700 33
4699 39
4698 15
4697 77
4696 75
4695 69
4694 40
4693 65
4692 36
4691 70
4690 2
4689 36
4688 9
4687 9
4686 2
4685 16
4684 85
4683 61
4682 66
4681 13
4680 57
4679 89
4678 56
4677 50
4676 3
4675 41
4674 6
4673 63
4672 78
4671 15
4670 56
4669 0
4668 45
4667 91
4666 26
4665 35
4664 97
4663 75
4662 74
4661 44
4660 67
4659 71
4658 64
4657 19
4656 82
4655 19
4654 48
4653 78
4652 16
4651 14
4650 65
4649 38
4648 96
4647 93
4646 60
4645 38
4644 27
4643 39
4642 69
4641 92
4640 49
4639 14
4638 40
4637 89
4636 10
4635 88
4634 66
4633 71
4632 52
4631 92
4630 41
4629 7
4628 61
4627 17
4626 25
4625 58
4624 28
4623 80
4622 69
4621 40
4620 22
4619 19
4618 61
4617 3
4616 81
4615 14
4614 97
4613 82
4612 0
4611 78
4610 84
4609 41
4608 42
4607 30
4606 61
4605 52
4604 39
4603 83
4602 54
4601 34
4600 77
4599 96
4598 77
4597 7
4596 64
4595 17
4594 42
4593 25
4592 61
4591 71
4590 97
4589 31
4588 29
4587 84
4586 43
4585 69
4584 34
4583 53
4582 66
4581 25
4580 16
4579 16
4578 90
4577 71
4576 11
4575 22
4574 13
4573 13
4572 10
4571 86
4570 49
4569 59
4568 61
4567 24
4566 81
4565 75
4564 47
4563 4
4562 41
4561 17
4560 82
4559 77
4558 62
4557 58
4556 90
4555 12
4554 12
4553 65
4552 83
4551 17
4550 88
4549 62
4548 25
4547 43
4546 61
4545 68
4544 16
4543 2
4542 35
4541 13
4540 48
4539 74
4538 54
4537 11
4536 67
4535 67
4534 7
4533 98
4532 36
4531 96
4530 46
4529 99
4528 57
4527 50
4526 53
4525 42
4524 63
4523 51
4522 48
4521 95
4520 38
4519 72
4518 65
4517 6
4516 87
4515 34
4514 71
4513 49
4512 68
4511 55
4510 48
4509 17
4508 82
4507 68
4506 95
4505 56
4504 26
4503 24
4502 51
4501 50
4500 78
4499 12
4498 90
4497 21
4496 87
4495 0
4494 49
4493 38
4492 16
4491 46
4490 71
4489 60
4488 49
4487 76
4486 63
4485 2
4484 67
4483 26
4482 91
4481 27
4480 51
4479 33
4478 60
4477 65
4476 99
4475 7
4474 44
4473 16
4472 13
4471 30
4470 38
4469 77
4468 0
4467 29
4466 87
4465 43
4464 58
4463 6
4462 73
4461 100
4460 56
4459 70
4458 87
4457 92
4456 17
4455 100
4454 66
4453 90
4452 78
4451 5
4450 87
4449 71
4448 36
4447 5
4446 79
4445 65
4444 45
4443 10
4442 59
4441 65
4440 59
4439 31
4438 83
4437 71
4436 21
4435 3
4434 25
4433 89
4432 61
4431 57
4430 83
4429 42
4428 62
4427 16
4426 18
4425 80
4424 83
4423 46
4422 74
4421 43
4420 56
4419 13
4418 87
4417 69
4416 65
4415 24
4414 0
4413 0
4412 56
4411 16
4410 96
4409 97
4408 50
4407 24
4406 45
4405 37
4404 36
4403 16
4402 58
4401 9
4400 52
4399 7
4398 55
4397 43
4396 11
4395 76
4394 58
4393 69
4392 84
4391 68
4390 4
4389 34
4388 20
4387 8
4386 41
4385 80
4384 24
4383 68
4382 64
4381 44
4380 0
4379 74
4378 37
4377 99
4376 94
4375 3
4374 25
4373 45
4372 28
4371 56
4370 41
4369 85
4368 93
4367 4
4366 5
4365 73
4364 31
4363 4
4362 8
4361 92
4360 42
4359 89
4358 55
4357 98
4356 100
4355 37
4354 85
4353 49
4352 97
4351 3
4350 76
4349 80
4348 46
4347 72
4346 67
4345 12
4344 42
4343 44
4342 28
4341 74
4340 27
4339 3
4338 76
4337 23
4336 49
4335 86
4334 95
4333 37
4332 58
4331 9
4330 41
4329 56
4328 0
4327 35
4326 19
4325 58
4324 10
4323 34
4322 0
4321 20
4320 93
4319 29
4318 24
4317 43
4316 90
4315 56
4314 82
4313 18
4312 14
4311 9
4310 86
4309 13
4308 16
4307 71
4306 96
4305 75
4304 13
4303 85
4302 50
4301 8
4300 8
4299 100
4298 74
4297 50
4296 78
4295 30
4294 94
4293 90
4292 70
4291 93
4290 48
4289 12
4288 37
4287 1
4286 6
4285 60
4284 95
4283 19
4282 94
4281 78
4280 34
4279 95
4278 66
4277 52
4276 61
4275 77
4274 54
4273 4
4272 90
4271 22
4270 30
4269 75
4268 69
4267 73
4266 41
4265 64
4264 5
4263 92
4262 94
4261 37
4260 88
4259 66
4258 53
4257 18
4256 33
4255 74
4254 86
4253 44
4252 27
4251 16
4250 99
4249 4
4248 48
4247 12
4246 92
4245 22
4244 15
4243 96
4242 61
4241 12
4240 87
4239 12
4238 35
4237 3
4236 25
4235 17
4234 12
4233 58
4232 96
4231 2
4230 6
4229 44
4228 95
4227 41
4226 9
4225 78
4224 71
4223 91
4222 67
4221 89
4220 72
4219 41
4218 2
4217 89
4216 81
4215 36
4214 89
4213 36
4212 51
4211 53
4210 23
4209 17
4208 54
4207 41
4206 43
4205 65
4204 38
4203 72
4202 29
4201 20
4200 11
4199 82
4198 91
4197 97
4196 57
4195 45
4194 26
4193 28
4192 56
4191 88
4190 100
4189 49
4188 44
4187 73
4186 81
4185 83
4184 75
4183 40
4182 10
4181 7
4180 68
4179 68
4178 27
4177 81
4176 90
4175 57
4174 75
4173 33
4172 11
4171 4
4170 41
4169 96
4168 8
4167 60
4166 56
4165 46
4164 91
4163 46
4162 32
4161 76
4160 54
4159 85
4158 25
4157 23
4156 14
4155 45
4154 24
4153 45
4152 40
4151 93
4150 48
4149 71
4148 87
4147 22
4146 25
4145 71
4144 87
4143 52
4142 59
4141 83
4140 15
4139 85
4138 6
4137 51
4136 42
4135 25
4134 7
4133 89
4132 84
4131 100
4130 57
4129 34
4128 82
4127 16
4126 28
4125 89
4124 98
4123 51
4122 59
4121 40
4120 38
4119 23
4118 31
4117 8
4116 93
4115 95
4114 37
4113 58
4112 90
4111 83
4110 24
4109 18
4108 15
4107 2
4106 6
4105 100
4104 82
4103 66
4102 86
4101 80
4100 71
4099 22
4098 99
4097 84
4096 73
4095 90
4094 1
4093 6
4092 50
4091 77
4090 52
4089 67
4088 59
4087 8
4086 6
4085 90
4084 68
4083 84
4082 83
4081 51
4080 19
4079 86
4078 62
4077 81
4076 29
4075 90
4074 55
4073 30
4072 89
4071 28
4070 92
4069 39
4068 1
4067 30
4066 0
4065 42
4064 75
4063 14
4062 95
4061 37
4060 37
4059 95
4058 82
4057 4
4056 65
4055 21
4054 38
4053 5
4052 33
4051 19
4050 36
4049 76
4048 44
4047 17
4046 79
4045 50
4044 73
4043 75
4042 17
4041 37
4040 2
4039 28
4038 81
4037 33
4036 33
4035 89
4034 88
4033 78
4032 41
4031 88
4030 33
4029 3
4028 73
4027 26
4026 4
4025 63
4024 81
4023 7
4022 57
4021 86
4020 79
4019 11
4018 72
4017 75
4016 16
4015 22
4014 46
4013 17
4012 11
4011 19
4010 59
4009 80
4008 25
4007 83
4006 11
4005 6
4004 18
4003 16
4002 46
4001 36
4000 59
3999 25
3998 8
3997 33
3996 62
3995 62
3994 82
3993 9
3992 64
3991 65
3990 35
3989 16
3988 40
3987 77
3986 97
3985 36
3984 92
3983 76
3982 95
3981 61
3980 68
3979 51
3978 5
3977 42
3976 7
3975 64
3974 87
3973 61
3972 12
3971 37
3970 82
3969 83
3968 71
3967 41
3966 45
3965 63
3964 83
3963 21
3962 72
3961 99
3960 82
3959 36
3958 99
3957 67
3956 68
3955 5
3954 82
3953 67
3952 45
3951 10
3950 14
3949 52
3948 0
3947 39
3946 36
3945 31
3944 80
3943 64
3942 93
3941 11
3940 81
3939 20
3938 74
3937 86
3936 62
3935 79
3934 33
3933 76
3932 37
3931 25
3930 9
3929 54
3928 1
3927 75
3926 72
3925 54
3924 1
3923 75
3922 46
3921 89
3920 2
3919 3
3918 78
3917 74
3916 96
3915 5
3914 9
3913 35
3912 70
3911 93
3910 21
3909 0
3908 20
3907 98
3906 61
3905 47
3904 89
3903 20
3902 66
3901 97
3900 12
3899 52
3898 24
3897 81
3896 93
3895 33
3894 67
3893 44
3892 39
3891 2
3890 0
3889 100
3888 4
3887 48
3886 42
3885 94
3884 46
3883 77
3882 5
3881 49
3880 39
3879 46
3878 4
3877 81
3876 58
3875 11
3874 94
3873 49
3872 51
3871 51
3870 98
3869 39
3868 69
3867 10
3866 14
3865 24
3864 38
3863 18
3862 88
3861 69
3860 77
3859 74
3858 10
3857 31
3856 18
3855 90
3854 57
3853 51
3852 2
3851 13
3850 52
3849 74
3848 75
3847 80
3846 79
3845 88
3844 49
3843 95
3842 56
3841 38
3840 91
3839 29
3838 50
3837 28
3836 80
3835 15
3834 79
3833 6
3832 22
3831 63
3830 30
3829 3
3828 17
3827 84
3826 60
3825 90
3824 48
3823 82
3822 32
3821 6
3820 3
3819 60
3818 8
3817 4
3816 32
3815 46
3814 78
3813 90
3812 27
3811 22
3810 45
3809 68
3808 60
3807 84
3806 80
3805 5
3804 99
3803 52
3802 92
3801 65
3800 30
3799 8
3798 18
3797 92
3796 76
3795 82
3794 61
3793 96
3792 56
3791 65
3790 11
3789 95
3788 28
3787 88
3786 4
3785 63
3784 61
3783 11
3782 87
3781 55
3780 58
3779 27
3778 29
3777 68
3776 11
3775 17
3774 38
3773 62
3772 70
3771 18
3770 21
3769 36
3768 95
3767 32
3766 72
3765 7
3764 18
3763 65
3762 0
3761 86
3760 24
3759 39
3758 60
3757 47
3756 15
3755 25
3754 22
3753 16
3752 86
3751 28
3750 44
3749 61
3748 72
3747 53
3746 24
3745 85
3744 71
3743 61
3742 73
3741 69
3740 37
3739 82
3738 22
3737 83
3736 13
3735 16
3734 55
3733 59
3732 7
3731 45
3730 66
3729 4
3728 58
3727 24
3726 35
3725 46
3724 71
3723 46
3722 49
3721 83
3720 76
3719 93
3718 27
3717 28
3716 65
3715 74
3714 82
3713 73
3712 87
3711 83
3710 37
3709 70
3708 0
3707 11
3706 55
3705 90
3704 86
3703 70
3702 35
3701 57
3700 2
3699 21
3698 71
3697 12
3696 21
3695 45
3694 6
3693 18
3692 88
3691 70
3690 65
3689 44
3688 59
3687 62
3686 0
3685 89
3684 84
3683 44
3682 67
3681 56
3680 31
3679 38
3678 7
3677 57
3676 36
3675 97
3674 97
3673 40
3672 18
3671 82
3670 6
3669 37
3668 12
3667 36
3666 32
3665 46
3664 53
3663 8
3662 50
3661 33
3660 40
3659 28
3658 99
3657 84
3656 65
3655 39
3654 86
3653 47
3652 47
3651 92
3650 43
3649 53
3648 81
3647 6
3646 61
3645 19
3644 23
3643 5
3642 12
3641 67
3640 16
3639 68
3638 19
3637 4
3636 25
3635 98
3634 42
3633 43
3632 56
3631 33
3630 28
3629 24
3628 28
3627 49
3626 94
3625 39
3624 45
3623 74
3622 68
3621 84
3620 79
3619 32
3618 52
3617 19
3616 49
3615 41
3614 42
3613 42
3612 73
3611 35
3610 67
3609 73
3608 43
3607 12
3606 4
3605 36
3604 27
3603 56
3602 98
3601 37
3600 88
3599 12
3598 48
3597 94
3596 4
3595 58
3594 34
3593 0
3592 51
3591 18
3590 13
3589 6
3588 13
3587 70
3586 29
3585 72
3584 63
3583 3
3582 55
3581 8
3580 3
3579 90
3578 14
3577 31
3576 68
3575 4
3574 6
3573 35
3572 7
3571 43
3570 87
3569 28
3568 30
3567 86
3566 2
3565 39
3564 4
3563 9
3562 90
3561 28
3560 62
3559 95
3558 35
3557 19
3556 13
3555 74
3554 45
3553 19
3552 24
3551 80
3550 71
3549 16
3548 7
3547 27
3546 98
3545 63
3544 81
3543 6
3542 79
3541 12
3540 2
3539 69
3538 96
3537 85
3536 99
3535 85
3534 23
3533 99
3532 67
3531 99
3530 10
3529 24
3528 68
3527 28
3526 59
3525 98
3524 27
3523 13
3522 90
3521 79
3520 50
3519 41
3518 95
3517 39
3516 3
3515 32
3514 66
3513 46
3512 94
3511 72
3510 15
3509 93
3508 4
3507 10
3506 81
3505 85
3504 48
3503 23
3502 81
3501 43
3500 25
3499 2
3498 45
3497 12
3496 68
3495 90
3494 74
3493 92
3492 21
3491 47
3490 46
3489 98
3488 65
3487 93
3486 25
3485 23
3484 80
3483 54
3482 65
3481 80
3480 44
3479 75
3478 55
3477 34
3476 9
3475 28
3474 94
3473 33
3472 35
3471 19
3470 31
3469 60
3468 90
3467 1
3466 81
3465 6
3464 57
3463 63
3462 21
3461 30
3460 58
3459 80
3458 74
3457 92
3456 36
3455 70
3454 60
3453 8
3452 85
3451 43
3450 39
3449 74
3448 53
3447 16
3446 42
3445 49
3444 93
3443 40
3442 65
3441 6
3440 76
3439 64
3438 85
3437 82
3436 24
3435 98
3434 62
3433 97
3432 99
3431 58
3430 29
3429 15
3428 77
3427 94
3426 80
3425 66
3424 65
3423 13
3422 68
3421 11
3420 54
3419 80
3418 50
3417 33
3416 11
3415 9
3414 39
3413 69
3412 16
3411 90
3410 9
3409 79
3408 77
3407 99
3406 38
3405 43
3404 23
3403 81
3402 11
3401 79
3400 50
3399 28
3398 57
3397 23
3396 56
3395 76
3394 100
3393 1
3392 83
3391 98
3390 8
3389 29
3388 37
3387 67
3386 7
3385 96
3384 32
3383 44
3382 92
3381 12
3380 50
3379 6
3378 62
3377 72
3376 14
3375 62
3374 7
3373 46
3372 20
3371 53
3370 18
3369 44
3368 72
3367 80
3366 47
3365 64
3364 15
3363 10
3362 1
3361 9
3360 74
3359 32
3358 10
3357 83
3356 99
3355 95
3354 99
3353 63
3352 94
3351 56
3350 68
3349 95
3348 43
3347 56
3346 67
3345 96
3344 76
3343 9
3342 60
3341 17
3340 82
3339 77
3338 98
3337 39
3336 88
3335 30
3334 89
3333 45
3332 54
3331 15
3330 1
3329 38
3328 100
3327 33
3326 41
3325 4
3324 96
3323 90
3322 18
3321 26
3320 72
3319 86
3318 71
3317 7
3316 70
3315 89
3314 56
3313 36
3312 15
3311 81
3310 65
3309 15
3308 48
3307 42
3306 58
3305 87
3304 38
3303 28
3302 56
3301 20
3300 11
3299 66
3298 98
3297 16
3296 87
3295 44
3294 58
3293 0
3292 48
3291 67
3290 24
3289 79
3288 74
3287 1
3286 43
3285 42
3284 83
3283 40
3282 24
3281 34
3280 52
3279 0
3278 63
3277 56
3276 16
3275 17
3274 61
3273 20
3272 81
3271 12
3270 27
3269 20
3268 22
3267 33
3266 83
3265 25
3264 15
3263 75
3262 24
3261 97
3260 58
3259 13
3258 82
3257 88
3256 99
3255 47
3254 11
3253 45
3252 51
3251 98
3250 91
3249 54
3248 62
3247 89
3246 8
3245 58
3244 42
3243 70
3242 35
3241 97
3240 3
3239 74
3238 40
3237 100
3236 56
3235 43
3234 79
3233 27
3232 1
3231 26
3230 40
3229 18
3228 60
3227 67
3226 51
3225 28
3224 19
3223 24
3222 99
3221 55
3220 12
3219 56
3218 54
3217 33
3216 25
3215 79
3214 26
3213 2
3212 81
3211 58
3210 41
3209 31
3208 76
3207 19
3206 63
3205 57
3204 24
3203 54
3202 81
3201 32
3200 47
3199 81
3198 36
3197 22
3196 49
3195 54
3194 85
3193 37
3192 100
3191 26
3190 3
3189 74
3188 56
3187 65
3186 69
3185 95
3184 2
3183 76
3182 60
3181 21
3180 47
3179 90
3178 55
3177 46
3176 62
3175 75
3174 37
3173 14
3172 10
3171 11
3170 59
3169 48
3168 23
3167 72
3166 45
3165 35
3164 70
3163 100
3162 73
3161 93
3160 68
3159 6
3158 50
3157 11
3156 64
3155 72
3154 16
3153 0
3152 91
3151 54
3150 84
3149 88
3148 53
3147 62
3146 15
3145 5
3144 76
3143 19
3142 38
3141 31
3140 88
3139 29
3138 66
3137 9
3136 51
3135 96
3134 8
3133 1
3132 88
3131 25
3130 100
3129 23
3128 14
3127 77
3126 36
3125 71
3124 97
3123 54
3122 66
3121 75
3120 83
3119 33
3118 11
3117 47
3116 86
3115 33
3114 38
3113 61
3112 67
3111 30
3110 98
3109 82
3108 67
3107 15
3106 3
3105 17
3104 73
3103 16
3102 97
3101 46
3100 58
3099 84
3098 6
3097 34
3096 97
3095 62
3094 14
3093 40
3092 45
3091 80
3090 56
3089 71
3088 68
3087 17
3086 3
3085 43
3084 79
3083 66
3082 8
3081 89
3080 48
3079 88
3078 20
3077 65
3076 39
3075 86
3074 62
3073 57
3072 73
3071 43
3070 55
3069 4
3068 69
3067 54
3066 14
3065 68
3064 51
3063 81
3062 18
3061 17
3060 5
3059 62
3058 10
3057 61
3056 69
3055 58
3054 74
3053 82
3052 48
3051 43
3050 37
3049 68
3048 86
3047 93
3046 28
3045 71
3044 29
3043 28
3042 56
3041 67
3040 40
3039 91
3038 2
3037 45
3036 88
3035 31
3034 4
3033 9
3032 19
3031 64
3030 42
3029 55
3028 1
3027 66
3026 28
3025 9
3024 95
3023 3
3022 21
3021 71
3020 85
3019 62
3018 25
3017 48
3016 98
3015 78
3014 95
3013 62
3012 65
3011 80
3010 59
3009 11
3008 20
3007 69
3006 93
3005 17
3004 12
3003 19
3002 97
3001 69
3000 25
2999 92
2998 0
2997 28
2996 30
2995 18
2994 85
2993 48
2992 20
2991 45
2990 61
2989 10
2988 17
2987 55
2986 92
2985 96
2984 50
2983 99
2982 39
2981 63
2980 12
2979 63
2978 37
2977 77
2976 41
2975 27
2974 88
2973 25
2972 27
2971 78
2970 24
2969 68
2968 44
2967 96
2966 84
2965 22
2964 18
2963 100
2962 41
2961 52
2960 54
2959 47
2958 60
2957 7
2956 34
2955 91
2954 12
2953 64
2952 58
2951 52
2950 17
2949 5
2948 59
2947 31
2946 85
2945 31
2944 61
2943 15
2942 28
2941 35
2940 65
2939 12
2938 0
2937 68
2936 2
2935 55
2934 82
2933 48
2932 31
2931 70
2930 53
2929 17
2928 99
2927 75
2926 55
2925 43
2924 4
2923 43
2922 94
2921 36
2920 26
2919 35
2918 3
2917 80
2916 6
2915 38
2914 21
2913 15
2912 92
2911 96
2910 21
2909 33
2908 100
2907 10
2906 21
2905 79
2904 46
2903 57
2902 77
2901 9
2900 30
2899 82
2898 34
2897 19
2896 93
2895 36
2894 85
2893 12
2892 23
2891 71
2890 9
2889 28
2888 48
2887 7
2886 61
2885 6
2884 99
2883 89
2882 97
2881 29
2880 44
2879 21
2878 91
2877 85
2876 94
2875 95
2874 48
2873 1
2872 18
2871 78
2870 74
2869 33
2868 21
2867 91
2866 46
2865 63
2864 59
2863 92
2862 38
2861 69
2860 24
2859 58
2858 20
2857 34
2856 87
2855 54
2854 49
2853 25
2852 1
2851 73
2850 49
2849 77
2848 13
2847 94
2846 35
2845 16
2844 92
2843 84
2842 71
2841 84
2840 16
2839 67
2838 93
2837 7
2836 76
2835 21
2834 42
2833 48
2832 24
2831 82
2830 77
2829 40
2828 55
2827 5
2826 53
2825 24
2824 79
2823 54
2822 80
2821 53
2820 14
2819 88
2818 43
2817 79
2816 84
2815 68
2814 32
2813 96
2812 43
2811 75
2810 88
2809 50
2808 96
2807 86
2806 0
2805 96
2804 46
2803 58
2802 40
2801 95
2800 77
2799 8
2798 46
2797 65
2796 47
2795 16
2794 23
2793 63
2792 59
2791 49
2790 42
2789 3
2788 99
2787 38
2786 60
2785 77
2784 20
2783 69
2782 34
2781 30
2780 48
2779 96
2778 48
2777 38
2776 48
2775 49
2774 76
2773 59
2772 54
2771 33
2770 14
2769 51
2768 36
2767 85
2766 62
2765 85
2764 83
2763 66
2762 88
2761 67
2760 62
2759 54
2758 44
2757 42
2756 76
2755 61
2754 70
2753 0
2752 63
2751 0
2750 51
2749 5
2748 46
2747 47
2746 60
2745 78
2744 58
2743 84
2742 8
2741 5
2740 10
2739 74
2738 21
2737 25
2736 55
2735 97
2734 46
2733 56
2732 57
2731 60
2730 8
2729 95
2728 51
2727 27
2726 25
2725 71
2724 43
2723 99
2722 84
2721 68
2720 80
2719 58
2718 96
2717 1
2716 4
2715 53
2714 60
2713 12
2712 68
2711 25
2710 2
2709 96
2708 34
2707 100
2706 34
2705 0
2704 73
2703 28
2702 40
2701 73
2700 72
2699 80
2698 82
2697 34
2696 32
2695 56
2694 20
2693 8
2692 16
2691 15
2690 60
2689 76
2688 98
2687 32
2686 71
2685 54
2684 57
2683 23
2682 7
2681 95
2680 26
2679 66
2678 45
2677 43
2676 73
2675 59
2674 19
2673 45
2672 96
2671 9
2670 39
2669 16
2668 92
2667 92
2666 74
2665 96
2664 49
2663 1
2662 17
2661 3
2660 97
2659 14
2658 22
2657 54
2656 81
2655 56
2654 31
2653 20
2652 62
2651 33
2650 44
2649 54
2648 74
2647 80
2646 9
2645 24
2644 91
2643 81
2642 22
2641 67
2640 61
2639 23
2638 32
2637 50
2636 24
2635 99
2634 88
2633 29
2632 3
2631 17
2630 51
2629 47
2628 2
2627 55
2626 64
2625 87
2624 94
2623 72
2622 13
2621 98
2620 84
2619 84
2618 49
2617 79
2616 46
2615 19
2614 94
2613 94
2612 23
2611 26
2610 21
2609 65
2608 31
2607 63
2606 61
2605 8
2604 8
2603 88
2602 8
2601 50
2600 89
2599 74
2598 71
2597 76
2596 16
2595 36
2594 63
2593 56
2592 76
2591 8
2590 7
2589 81
2588 32
2587 35
2586 87
2585 1
2584 80
2583 66
2582 65
2581 39
2580 66
2579 60
2578 0
2577 25
2576 43
2575 87
2574 90
2573 27
2572 20
2571 32
2570 77
2569 58
2568 47
2567 14
2566 58
2565 53
2564 36
2563 14
2562 86
2561 51
2560 31
2559 13
2558 98
2557 92
2556 9
2555 27
2554 50
2553 92
2552 39
2551 87
2550 65
2549 45
2548 26
2547 52
2546 50
2545 78
2544 9
2543 64
2542 61
2541 100
2540 84
2539 49
2538 44
2537 97
2536 43
2535 83
2534 83
2533 99
2532 5
2531 56
2530 4
2529 7
2528 71
2527 61
2526 17
2525 97
2524 69
2523 49
2522 69
2521 97
2520 77
2519 97
2518 16
2517 60
2516 85
2515 73
2514 52
2513 40
2512 16
2511 2
2510 25
2509 16
2508 33
2507 6
2506 46
2505 37
2504 26
2503 87
2502 70
2501 62
2500 82
2499 96
2498 97
2497 7
2496 98
2495 16
2494 61
2493 88
2492 67
2491 74
2490 74
2489 14
2488 47
2487 86
2486 11
2485 99
2484 14
2483 7
2482 68
2481 11
2480 39
2479 79
2478 22
2477 22
2476 90
2475 94
2474 72
2473 5
2472 7
2471 35
2470 76
2469 88
2468 17
2467 49
2466 58
2465 7
2464 78
2463 72
2462 86
2461 23
2460 26
2459 96
2458 66
2457 19
2456 55
2455 60
2454 79
2453 29
2452 39
2451 37
2450 0
2449 22
2448 20
2447 82
2446 40
2445 95
2444 49
2443 42
2442 76
2441 65
2440 26
2439 69
2438 74
2437 76
2436 47
2435 13
2434 38
2433 66
2432 56
2431 45
2430 38
2429 95
2428 75
2427 93
2426 1
2425 48
2424 27
2423 25
2422 76
2421 53
2420 53
2419 8
2418 1
2417 75
2416 97
2415 52
2414 94
2413 71
2412 79
2411 34
2410 82
2409 7
2408 68
2407 70
2406 22
2405 85
2404 51
2403 10
2402 21
2401 62
2400 92
2399 44
2398 61
2397 19
2396 7
2395 18
2394 16
2393 12
2392 48
2391 60
2390 60
2389 69
2388 17
2387 97
2386 15
2385 66
2384 23
2383 45
2382 73
2381 27
2380 33
2379 32
2378 11
2377 73
2376 36
2375 74
2374 95
2373 15
2372 27
2371 90
2370 20
2369 82
2368 2
2367 30
2366 70
2365 32
2364 38
2363 28
2362 71
2361 33
2360 52
2359 8
2358 85
2357 96
2356 12
2355 63
2354 97
2353 65
2352 52
2351 15
2350 86
2349 47
2348 79
2347 7
2346 23
2345 5
2344 40
2343 75
2342 40
2341 7
2340 74
2339 11
2338 94
2337 92
2336 95
2335 84
2334 2
2333 95
2332 40
2331 31
2330 0
2329 34
2328 78
2327 85
2326 41
2325 56
2324 34
2323 100
2322 78
2321 16
2320 28
2319 28
2318 71
2317 4
2316 34
2315 36
2314 80
2313 43
2312 35
2311 14
2310 97
2309 64
2308 39
2307 45
2306 73
2305 51
2304 8
2303 60
2302 1
2301 74
2300 100
2299 76
2298 78
2297 97
2296 20
2295 56
2294 48
2293 40
2292 14
2291 8
2290 27
2289 93
2288 57
2287 58
2286 60
2285 1
2284 21
2283 42
2282 62
2281 31
2280 20
2279 96
2278 72
2277 94
2276 29
2275 91
2274 40
2273 16
2272 10
2271 54
2270 18
2269 43
2268 5
2267 28
2266 56
2265 67
2264 76
2263 66
2262 77
2261 100
2260 17
2259 63
2258 3
2257 99
2256 7
2255 82
2254 93
2253 55
2252 97
2251 72
2250 81
2249 52
2248 19
2247 73
2246 9
2245 73
2244 8
2243 10
2242 24
2241 38
2240 66
2239 91
2238 68
2237 79
2236 80
2235 86
2234 28
2233 26
2232 39
2231 37
2230 36
2229 95
2228 28
2227 4
2226 96
2225 39
2224 26
2223 90
2222 6
2221 4
2220 28
2219 9
2218 27
2217 72
2216 6
2215 75
2214 92
2213 23
2212 51
2211 57
2210 82
2209 53
2208 31
2207 17
2206 8
2205 47
2204 36
2203 17
2202 16
2201 18
2200 78
2199 92
2198 65
2197 99
2196 84
2195 62
2194 24
2193 97
2192 24
2191 29
2190 36
2189 70
2188 88
2187 66
2186 57
2185 66
2184 2
2183 66
2182 87
2181 90
2180 95
2179 34
2178 46
2177 16
2176 17
2175 90
2174 11
2173 91
2172 22
2171 31
2170 95
2169 33
2168 86
2167 73
2166 94
2165 57
2164 27
2163 25
2162 31
2161 2
2160 37
2159 60
2158 45
2157 65
2156 52
2155 67
2154 51
2153 37
2152 0
2151 43
2150 40
2149 86
2148 82
2147 30
2146 83
2145 82
2144 86
2143 66
2142 50
2141 99
2140 57
2139 13
2138 1
2137 83
2136 37
2135 86
2134 65
2133 2
2132 8
2131 17
2130 95
2129 63
2128 89
2127 47
2126 80
2125 91
2124 88
2123 23
2122 37
2121 1
2120 34
2119 67
2118 42
2117 38
2116 59
2115 46
2114 39
2113 18
2112 75
2111 57
2110 50
2109 18
2108 15
2107 92
2106 50
2105 5
2104 3
2103 79
2102 3
2101 62
2100 5
2099 62
2098 4
2097 68
2096 98
2095 67
2094 94
2093 86
2092 12
2091 59
2090 95
2089 11
2088 9
2087 3
2086 41
2085 23
2084 68
2083 97
2082 24
2081 21
2080 50
2079 85
2078 53
2077 45
2076 34
2075 91
2074 38
2073 56
2072 25
2071 37
2070 41
2069 51
2068 21
2067 99
2066 21
2065 89
2064 93
2063 42
2062 64
2061 22
2060 72
2059 61
2058 48
2057 6
2056 10
2055 22
2054 93
2053 73
2052 35
2051 79
2050 95
2049 90
2048 4
2047 26
2046 81
2045 49
2044 82
2043 66
2042 73
2041 93
2040 18
2039 25
2038 83
2037 58
2036 12
2035 38
2034 40
2033 35
2032 95
2031 99
2030 47
2029 64
2028 23
2027 82
2026 77
2025 66
2024 2
2023 46
2022 93
2021 6
2020 5
2019 31
2018 69
2017 21
2016 33
2015 71
2014 73
2013 95
2012 1
2011 51
2010 8
2009 82
2008 0
2007 30
2006 5
2005 85
2004 87
2003 95
2002 91
2001 57
2000 47
1999 81
1998 55
1997 0
1996 44
1995 33
1994 84
1993 32
1992 10
1991 56
1990 82
1989 71
1988 89
1987 14
1986 5
1985 53
1984 65
1983 100
1982 99
1981 82
1980 91
1979 46
1978 99
1977 6
1976 15
1975 60
1974 28
1973 77
1972 60
1971 28
1970 86
1969 44
1968 77
1967 56
1966 31
1965 1
1964 7
1963 100
1962 14
1961 27
1960 27
1959 45
1958 99
1957 98
1956 8
1955 69
1954 54
1953 82
1952 67
1951 3
1950 5
1949 51
1948 22
1947 66
1946 85
1945 17
1944 57
1943 18
1942 79
1941 40
1940 90
1939 64
1938 8
1937 99
1936 72
1935 13
1934 0
1933 93
1932 8
1931 8
1930 30
1929 38
1928 92
1927 67
1926 2
1925 69
1924 98
1923 93
1922 66
1921 89
1920 5
1919 60
1918 76
1917 19
1916 94
1915 82
1914 74
1913 90
1912 73
1911 86
1910 65
1909 22
1908 2
1907 50
1906 38
1905 16
1904 90
1903 45
1902 100
1901 86
1900 75
1899 56
1898 0
1897 73
1896 12
1895 23
1894 7
1893 76
1892 4
1891 77
1890 8
1889 95
1888 83
1887 83
1886 87
1885 33
1884 34
1883 98
1882 20
1881 60
1880 78
1879 12
1878 12
1877 71
1876 97
1875 62
1874 17
1873 97
1872 13
1871 25
1870 85
1869 49
1868 51
1867 49
1866 51
1865 44
1864 76
1863 21
1862 36
1861 43
1860 98
1859 43
1858 43
1857 4
1856 89
1855 99
1854 5
1853 58
1852 20
1851 27
1850 26
1849 33
1848 52
1847 30
1846 74
1845 58
1844 95
1843 43
1842 63
1841 63
1840 75
1839 80
1838 99
1837 45
1836 27
1835 79
1834 62
1833 20
1832 41
1831 1
1830 31
1829 18
1828 27
1827 82
1826 65
1825 17
1824 43
1823 90
1822 38
1821 22
1820 63
1819 18
1818 44
1817 66
1816 3
1815 34
1814 1
1813 92
1812 55
1811 37
1810 51
1809 20
1808 53
1807 41
1806 66
1805 45
1804 92
1803 4
1802 60
1801 48
1800 24
1799 32
1798 62
1797 92
1796 14
1795 33
1794 54
1793 3
1792 38
1791 72
1790 62
1789 26
1788 66
1787 29
1786 34
1785 26
1784 88
1783 45
1782 57
1781 14
1780 23
1779 3
1778 5
1777 12
1776 50
1775 96
1774 55
1773 24
1772 80
1771 71
1770 19
1769 0
1768 66
1767 9
1766 28
1765 11
1764 26
1763 85
1762 16
1761 97
1760 41
1759 68
1758 84
1757 37
1756 51
1755 16
1754 98
1753 93
1752 28
1751 17
1750 22
1749 56
1748 77
1747 72
1746 31
1745 53
1744 2
1743 59
1742 41
1741 91
1740 21
1739 69
1738 62
1737 68
1736 14
1735 63
1734 47
1733 68
1732 87
1731 23
1730 56
1729 37
1728 42
1727 47
1726 58
1725 22
1724 99
1723 29
1722 15
1721 28
1720 23
1719 91
1718 15
1717 88
1716 10
1715 47
1714 56
1713 63
1712 98
1711 69
1710 88
1709 14
1708 14
1707 31
1706 65
1705 0
1704 100
1703 22
1702 45
1701 74
1700 2
1699 38
1698 53
1697 54
1696 48
1695 32
1694 14
1693 97
1692 47
1691 65
1690 76
1689 66
1688 89
1687 52
1686 98
1685 81
1684 16
1683 72
1682 11
1681 6
1680 37
1679 74
1678 41
1677 57
1676 99
1675 66
1674 5
1673 5
1672 26
1671 30
1670 33
1669 41
1668 22
1667 70
1666 74
1665 93
1664 58
1663 73
1662 59
1661 41
1660 72
1659 90
1658 73
1657 65
1656 84
1655 48
1654 96
1653 71
1652 70
1651 95
1650 51
1649 67
1648 96
1647 74
1646 8
1645 79
1644 22
1643 33
1642 36
1641 54
1640 48
1639 87
1638 14
1637 89
1636 11
1635 51
1634 39
1633 30
1632 58
1631 75
1630 47
1629 75
1628 61
1627 48
1626 21
1625 42
1624 11
1623 30
1622 80
1621 35
1620 73
1619 79
1618 52
1617 63
1616 3
1615 26
1614 78
1613 63
1612 40
1611 19
1610 71
1609 40
1608 34
1607 59
1606 14
1605 52
1604 34
1603 56
1602 2
1601 25
1600 92
1599 12
1598 23
1597 92
1596 9
1595 52
1594 44
1593 50
1592 66
1591 94
1590 21
1589 66
1588 84
1587 53
1586 51
1585 29
1584 47
1583 96
1582 23
1581 1
1580 75
1579 92
1578 42
1577 95
1576 13
1575 5
1574 42
1573 49
1572 9
1571 11
1570 20
1569 90
1568 55
1567 86
1566 44
1565 85
1564 32
1563 12
1562 11
1561 90
1560 18
1559 43
1558 38
1557 91
1556 85
1555 81
1554 19
1553 10
1552 66
1551 78
1550 53
1549 53
1548 35
1547 51
1546 82
1545 75
1544 82
1543 59
1542 74
1541 55
1540 44
1539 79
1538 59
1537 98
1536 23
1535 96
1534 62
1533 74
1532 33
1531 85
1530 57
1529 1
1528 56
1527 56
1526 21
1525 28
1524 16
1523 54
1522 88
1521 43
1520 70
1519 97
1518 12
1517 100
1516 43
1515 26
1514 26
1513 5
1512 50
1511 17
1510 29
1509 98
1508 5
1507 38
1506 63
1505 47
1504 45
1503 72
1502 58
1501 14
1500 65
1499 71
1498 34
1497 33
1496 55
1495 73
1494 56
1493 88
1492 15
1491 81
1490 3
1489 32
1488 7
1487 41
1486 58
1485 73
1484 79
1483 7
1482 69
1481 10
1480 21
1479 36
1478 78
1477 91
1476 74
1475 1
1474 62
1473 63
1472 3
1471 70
1470 68
1469 47
1468 4
1467 16
1466 61
1465 10
1464 6
1463 9
1462 11
1461 2
1460 9
1459 75
1458 34
1457 39
1456 6
1455 45
1454 17
1453 84
1452 93
1451 13
1450 4
1449 17
1448 81
1447 28
1446 37
1445 26
1444 64
1443 28
1442 40
1441 83
1440 35
1439 36
1438 99
1437 61
1436 20
1435 75
1434 28
1433 23
1432 13
1431 44
1430 66
1429 4
1428 29
1427 84
1426 7
1425 27
1424 50
1423 37
1422 98
1421 56
1420 45
1419 38
1418 62
1417 16
1416 73
1415 91
1414 62
1413 73
1412 96
1411 17
1410 3
1409 49
1408 58
1407 34
1406 59
1405 27
1404 28
1403 68
1402 39
1401 75
1400 70
1399 15
1398 2
1397 78
1396 35
1395 33
1394 97
1393 0
1392 31
1391 70
1390 2
1389 54
1388 84
1387 94
1386 79
1385 5
1384 0
1383 43
1382 61
1381 31
1380 0
1379 86
1378 51
1377 23
1376 48
1375 75
1374 25
1373 85
1372 64
1371 72
1370 6
1369 25
1368 47
1367 98
1366 35
1365 74
1364 28
1363 12
1362 46
1361 82
1360 76
1359 13
1358 4
1357 89
1356 1
1355 70
1354 80
1353 47
1352 8
1351 1
1350 42
1349 87
1348 75
1347 92
1346 75
1345 34
1344 71
1343 4
1342 84
1341 64
1340 49
1339 8
1338 84
1337 86
1336 92
1335 60
1334 5
1333 76
1332 16
1331 97
1330 33
1329 66
1328 8
1327 71
1326 90
1325 82
1324 44
1323 14
1322 27
1321 79
1320 15
1319 81
1318 80
1317 99
1316 72
1315 20
1314 29
1313 12
1312 53
1311 37
1310 34
1309 22
1308 75
1307 56
1306 49
1305 76
1304 37
1303 92
1302 80
1301 98
1300 16
1299 20
1298 15
1297 70
1296 63
1295 83
1294 20
1293 78
1292 93
1291 6
1290 36
1289 32
1288 70
1287 45
1286 82
1285 88
1284 2
1283 75
1282 94
1281 39
1280 5
1279 70
1278 87
1277 57
1276 38
1275 67
1274 28
1273 74
1272 25
1271 87
1270 18
1269 91
1268 64
1267 18
1266 34
1265 27
1264 18
1263 22
1262 10
1261 82
1260 96
1259 51
1258 98
1257 53
1256 58
1255 18
1254 8
1253 77
1252 50
1251 96
1250 76
1249 67
1248 98
1247 80
1246 68
1245 29
1244 75
1243 75
1242 7
1241 21
1240 30
1239 59
1238 3
1237 87
1236 45
1235 52
1234 81
1233 82
1232 26
1231 20
1230 19
1229 32
1228 12
1227 53
1226 72
1225 46
1224 31
1223 69
1222 58
1221 79
1220 53
1219 54
1218 77
1217 57
1216 41
1215 72
1214 65
1213 25
1212 35
1211 35
1210 39
1209 86
1208 10
1207 14
1206 47
1205 56
1204 8
1203 0
1202 51
1201 18
1200 96
1199 1
1198 86
1197 83
1196 71
1195 63
1194 51
1193 94
1192 78
1191 63
1190 38
1189 72
1188 69
1187 40
1186 85
1185 99
1184 92
1183 38
1182 46
1181 42
1180 25
1179 64
1178 81
1177 54
1176 54
1175 22
1174 23
1173 57
1172 64
1171 37
1170 58
1169 38
1168 34
1167 93
1166 42
1165 81
1164 1
1163 26
1162 21
1161 41
1160 30
1159 87
1158 8
1157 38
1156 73
1155 23
1154 48
1153 97
1152 0
1151 41
1150 81
1149 29
1148 24
1147 34
1146 27
1145 77
1144 43
1143 48
1142 12
1141 40
1140 58
1139 79
1138 66
1137 58
1136 8
1135 74
1134 24
1133 15
1132 90
1131 2
1130 71
1129 39
1128 8
1127 41
1126 0
1125 41
1124 11
1123 13
1122 94
1121 90
1120 14
1119 65
1118 0
1117 67
1116 4
1115 75
1114 73
1113 6
1112 66
1111 40
1110 32
1109 48
1108 50
1107 40
1106 54
1105 65
1104 66
1103 67
1102 38
1101 69
1100 1
1099 65
1098 56
1097 4
1096 57
1095 1
1094 12
1093 66
1092 82
1091 17
1090 34
1089 57
1088 13
1087 32
1086 1
1085 59
1084 23
1083 67
1082 63
1081 33
1080 96
1079 88
1078 19
1077 60
1076 45
1075 4
1074 69
1073 22
1072 13
1071 71
1070 28
1069 65
1068 95
1067 22
1066 87
1065 56
1064 36
1063 87
1062 90
1061 77
1060 70
1059 70
1058 55
1057 30
1056 19
1055 87
1054 18
1053 28
1052 85
1051 59
1050 15
1049 67
1048 59
1047 69
1046 70
1045 75
1044 42
1043 67
1042 97
1041 63
1040 81
1039 58
1038 10
1037 30
1036 72
1035 63
1034 31
1033 77
1032 94
1031 22
1030 61
1029 34
1028 80
1027 30
1026 51
1025 60
1024 57
1023 6
1022 65
1021 8
1020 7
1019 64
1018 67
1017 57
1016 71
1015 22
1014 81
1013 62
1012 68
1011 48
1010 39
1009 74
1008 81
1007 29
1006 69
1005 77
1004 45
1003 95
1002 39
1001 18
1000 23
999 85
998 48
997 42
996 23
995 8
994 77
993 81
992 26
991 88
990 23
989 11
988 97
987 36
986 11
985 24
984 24
983 23
982 33
981 95
980 90
979 30
978 27
977 29
976 53
975 56
974 15
973 97
972 22
971 56
970 88
969 93
968 18
967 35
966 83
965 57
964 1
963 67
962 17
961 5
960 100
959 17
958 64
957 82
956 20
955 22
954 6
953 66
952 80
951 13
950 70
949 47
948 86
947 89
946 14
945 51
944 38
943 15
942 8
941 22
940 97
939 38
938 83
937 77
936 91
935 4
934 36
933 5
932 9
931 48
930 40
929 50
928 79
927 57
926 10
925 86
924 22
923 71
922 70
921 35
920 6
919 94
918 40
917 39
916 61
915 43
914 9
913 45
912 99
911 51
910 84
909 22
908 87
907 38
906 76
905 75
904 36
903 68
902 94
901 81
900 36
899 11
898 58
897 19
896 30
895 12
894 1
893 82
892 10
891 72
890 42
889 28
888 70
887 13
886 92
885 75
884 81
883 75
882 49
881 78
880 42
879 82
878 63
877 95
876 53
875 57
874 35
873 52
872 92
871 98
870 99
869 29
868 20
867 63
866 54
865 84
864 76
863 83
862 4
861 67
860 43
859 60
858 72
857 16
856 85
855 19
854 47
853 2
852 86
851 33
850 44
849 82
848 22
847 84
846 77
845 73
844 2
843 34
842 42
841 64
840 99
839 14
838 15
837 5
836 0
835 93
834 69
833 62
832 15
831 97
830 22
829 66
828 61
827 55
826 2
825 82
824 93
823 99
822 58
821 37
820 0
819 67
818 69
817 72
816 40
815 43
814 2
813 20
812 59
811 15
810 32
809 25
808 74
807 79
806 58
805 55
804 23
803 76
802 62
801 89
800 86
799 53
798 46
797 31
796 14
795 16
794 86
793 64
792 7
791 55
790 96
789 23
788 9
787 18
786 59
785 100
784 27
783 52
782 19
781 38
780 96
779 68
778 1
777 0
776 76
775 14
774 74
773 99
772 9
771 75
770 33
769 23
768 81
767 57
766 14
765 19
764 73
763 13
762 84
761 15
760 45
759 69
758 71
757 40
756 1
755 6
754 46
753 4
752 59
751 78
750 70
749 1
748 31
747 92
746 20
745 13
744 77
743 4
742 24
741 76
740 9
739 45
738 9
737 2
736 35
735 30
734 36
733 50
732 63
731 45
730 47
729 29
728 59
727 65
726 89
725 50
724 48
723 5
722 37
721 77
720 49
719 75
718 41
717 35
716 87
715 47
714 78
713 63
712 1
711 59
710 91
709 94
708 61
707 70
706 4
705 14
704 13
703 40
702 31
701 27
700 83
699 60
698 5
697 76
696 55
695 98
694 46
693 4
692 47
691 80
690 68
689 21
688 80
687 95
686 93
685 52
684 76
683 4
682 71
681 39
680 74
679 77
678 73
677 99
676 93
675 70
674 35
673 73
672 91
671 4
670 34
669 24
668 83
667 77
666 32
665 85
664 83
663 72
662 50
661 10
660 0
659 47
658 63
657 24
656 43
655 51
654 95
653 3
652 87
651 85
650 58
649 34
648 26
647 24
646 9
645 53
644 29
643 8
642 12
641 83
640 33
639 91
638 72
637 29
636 93
635 100
634 96
633 29
632 75
631 48
630 53
629 20
628 29
627 35
626 68
625 24
624 82
623 47
622 86
621 19
620 31
619 86
618 51
617 27
616 16
615 1
614 5
613 71
612 13
611 64
610 23
609 40
608 77
607 18
606 53
605 76
604 78
603 27
602 46
601 21
600 57
599 62
598 10
597 100
596 16
595 26
594 95
593 93
592 75
591 78
590 74
589 27
588 53
587 66
586 45
585 28
584 42
583 59
582 67
581 56
580 66
579 75
578 20
577 53
576 8
575 51
574 87
573 80
572 5
571 63
570 27
569 17
568 77
567 42
566 83
565 1
564 19
563 66
562 72
561 41
560 99
559 47
558 51
557 67
556 70
555 51
554 52
553 94
552 31
551 74
550 45
549 30
548 20
547 44
546 6
545 35
544 71
543 100
542 14
541 57
540 77
539 50
538 82
537 28
536 35
535 56
534 94
533 86
532 20
531 63
530 65
529 43
528 54
527 17
526 23
525 78
524 37
523 53
522 69
521 71
520 93
519 67
518 32
517 74
516 70
515 24
514 84
513 87
512 41
511 80
510 42
509 15
508 6
507 76
506 54
505 5
504 37
503 89
502 39
501 63
500 3
499 80
498 80
497 20
496 42
495 2
494 24
493 52
492 21
491 27
490 50
489 16
488 12
487 23
486 84
485 42
484 86
483 86
482 4
481 42
480 33
479 10
478 53
477 59
476 60
475 4
474 26
473 72
472 10
471 33
470 82
469 27
468 38
467 15
466 32
465 1
464 5
463 2
462 36
461 55
460 21
459 0
458 18
457 72
456 42
455 12
454 35
453 74
452 80
451 35
450 59
449 44
448 72
447 34
446 44
445 64
444 10
443 2
442 35
441 87
440 12
439 5
438 25
437 84
436 21
435 56
434 100
433 20
432 82
431 77
430 29
429 89
428 64
427 38
426 12
425 80
424 68
423 14
422 51
421 67
420 9
419 61
418 49
417 18
416 25
415 20
414 88
413 8
412 86
411 65
410 4
409 63
408 37
407 13
406 48
405 24
404 33
403 1
402 36
401 14
400 93
399 57
398 47
397 46
396 87
395 81
394 2
393 29
392 71
391 17
390 84
389 80
388 57
387 78
386 12
385 100
384 10
383 75
382 82
381 100
380 66
379 6
378 48
377 14
376 6
375 32
374 81
373 35
372 81
371 4
370 41
369 25
368 46
367 41
366 39
365 76
364 61
363 19
362 44
361 67
360 63
359 77
358 85
357 47
356 50
355 78
354 64
353 2
352 54
351 78
350 48
349 92
348 75
347 42
346 99
345 19
344 73
343 32
342 10
341 48
340 83
339 50
338 29
337 15
336 1
335 13
334 10
333 80
332 31
331 81
330 1
329 15
328 25
327 53
326 10
325 62
324 27
323 12
322 47
321 6
320 27
319 94
318 36
317 100
316 50
315 7
314 65
313 21
312 95
311 35
310 23
309 98
308 14
307 44
306 2
305 41
304 88
303 22
302 45
301 11
300 98
299 11
298 11
297 11
296 14
295 16
294 52
293 62
292 78
291 6
290 76
289 18
288 5
287 1
286 61
285 69
284 13
283 67
282 10
281 43
280 59
279 40
278 13
277 83
276 32
275 9
274 12
273 70
272 49
271 85
270 83
269 41
268 86
267 40
266 76
265 95
264 69
263 52
262 37
261 7
260 84
259 47
258 88
257 75
256 99
255 73
254 47
253 16
252 52
251 59
250 14
249 68
248 46
247 100
246 33
245 36
244 47
243 67
242 46
241 32
240 36
239 73
238 6
237 32
236 45
235 100
234 0
233 78
232 88
231 37
230 1
229 61
228 18
227 63
226 14
225 36
224 74
223 65
222 55
221 79
220 93
219 66
218 32
217 37
216 75
215 31
214 30
213 0
212 52
211 79
210 61
209 22
208 45
207 33
206 81
205 73
204 87
203 38
202 100
201 32
200 45
199 17
198 78
197 96
196 5
195 83
194 66
193 82
192 48
191 97
190 63
189 14
188 92
187 52
186 79
185 16
184 60
183 53
182 8
181 72
180 97
179 43
178 100
177 43
176 44
175 93
174 100
173 86
172 71
171 88
170 66
169 29
168 72
167 98
166 28
165 2
164 98
163 16
162 3
161 90
160 9
159 71
158 37
157 36
156 24
155 62
154 53
153 73
152 34
151 88
150 28
149 91
148 13
147 65
146 67
145 55
144 26
143 55
142 13
141 37
140 4
139 45
138 87
137 57
136 41
135 52
134 15
133 60
132 85
131 18
130 86
129 28
128 8
127 20
126 60
125 99
124 15
123 82
122 5
121 59
120 38
119 13
118 6
117 65
116 96
115 99
114 88
113 36
112 56
111 22
110 49
109 14
108 55
107 86
106 29
105 94
104 92
103 16
102 49
101 4
100 97
99 30
98 43
97 56
96 1
95 21
94 78
93 89
92 33
91 67
90 88
89 9
88 25
87 61
86 21
85 44
84 91
83 35
82 45
81 60
80 97
79 72
78 92
77 39
76 35
75 25
74 81
73 89
72 44
71 80
70 52
69 68
68 93
67 18
66 89
65 75
64 46
63 6
62 76
61 97
60 99
59 99
58 46
57 5
56 8
55 55
54 10
53 44
52 77
51 67
50 12
49 72
48 4
47 88
46 98
45 79
44 53
43 5
42 85
41 10
40 4
39 47
38 20
37 100
36 79
35 50
34 22
33 55
32 75
31 9
30 0
29 31
28 23
27 34
26 95
25 87
24 53
23 66
22 17
21 73
20 23
19 90
18 38
17 5
16 40
15 94
14 40
13 36
12 13
11 71
10 56
9 53
8 48
7 31
6 43
5 4
4 85
3 31
2 41
1 42
0 11
