3050 91
3049 36
3048 7
3047 15
3046 61
3045 79
3044 68
3043 68
3042 54
3041 2
3040 48
3039 44
3038 23
3037 4
3036 28
3035 66
3034 64
3033 94
3032 54
3031 72
3030 23
3029 26
3028 62
3027 67
3026 69
3025 94
3024 19
3023 87
3022 43
3021 43
3020 79
3019 46
3018 29
3017 25
3016 100
3015 95
3014 21
3013 75
3012 28
3011 25
3010 4
3009 15
3008 93
3007 44
3006 82
3005 50
3004 79
3003 43
3002 67
3001 75
3000 26
2999 57
2998 32
2997 54
2996 88
2995 56
2994 52
2993 86
2992 47
2991 20
2990 53
2989 19
2988 28
2987 12
2986 1
2985 21
2984 72
2983 57
2982 36
2981 93
2980 88
2979 60
2978 3
2977 92
2976 71
2975 57
2974 28
2973 59
2972 21
2971 3
2970 32
2969 88
2968 74
2967 43
2966 8
2965 41
2964 13
2963 17
2962 11
2961 34
2960 11
2959 25
2958 86
2957 44
2956 23
2955 14
2954 34
2953 84
2952 37
2951 0
2950 34
2949 67
2948 94
2947 8
2946 99
2945 48
2944 92
2943 6
2942 4
2941 93
2940 18
2939 20
2938 58
2937 60
2936 43
2935 98
2934 83
2933 9
2932 14
2931 71
2930 12
2929 75
2928 33
2927 51
2926 42
2925 12
2924 4
2923 59
2922 77
2921 11
2920 56
2919 27
2918 79
2917 24
2916 38
2915 75
2914 91
2913 48
2912 89
2911 64
2910 99
2909 98
2908 87
2907 26
2906 13
2905 81
2904 12
2903 47
2902 99
2901 28
2900 72
2899 53
2898 41
2897 16
2896 35
2895 76
2894 2
2893 89
2892 49
2891 61
2890 80
2889 57
2888 98
2887 84
2886 92
2885 31
2884 50
2883 56
2882 51
2881 50
2880 67
2879 88
2878 69
2877 93
2876 39
2875 93
2874 65
2873 36
2872 71
2871 88
2870 79
2869 29
2868 67
2867 70
2866 27
2865 4
2864 6
2863 73
2862 79
2861 44
2860 44
2859 35
2858 50
2857 59
2856 38
2855 37
2854 60
2853 86
2852 48
2851 87
2850 47
2849 99
2848 57
2847 61
2846 55
2845 65
2844 24
2843 30
2842 80
2841 65
2840 38
2839 22
2838 47
2837 43
2836 92
2835 73
2834 15
2833 51
2832 9
2831 32
2830 85
2829 34
2828 38
2827 22
2826 16
2825 2
2824 66
2823 42
2822 29
2821 52
2820 74
2819 76
2818 90
2817 80
2816 62
2815 51
2814 99
2813 40
2812 60
2811 4
2810 43
2809 55
2808 45
2807 45
2806 13
2805 93
2804 97
2803 37
2802 78
2801 25
2800 67
2799 35
2798 31
2797 70
2796 40
2795 31
2794 11
2793 98
2792 64
2791 0
2790 51
2789 13
2788 61
2787 27
2786 66
2785 46
2784 54
2783 31
2782 51
2781 66
2780 78
2779 67
2778 52
2777 64
2776 53
2775 97
2774 50
2773 5
2772 37
2771 31
2770 96
2769 5
2768 91
2767 43
2766 9
2765 22
2764 90
2763 44
2762 53
2761 87
2760 26
2759 5
2758 76
2757 69
2756 37
2755 43
2754 82
2753 48
2752 93
2751 61
2750 83
2749 61
2748 97
2747 34
2746 27
2745 46
2744 27
2743 88
2742 31
2741 77
2740 46
2739 79
2738 25
2737 51
2736 28
2735 73
2734 28
2733 69
2732 35
2731 83
2730 6
2729 4
2728 24
2727 21
2726 72
2725 39
2724 7
2723 89
2722 95
2721 65
2720 28
2719 30
2718 57
2717 52
2716 27
2715 86
2714 67
2713 2
2712 88
2711 36
2710 95
2709 3
2708 2
2707 25
2706 98
2705 16
2704 44
2703 59
2702 49
2701 66
2700 63
2699 17
2698 60
2697 93
2696 1
2695 51
2694 93
2693 59
2692 34
2691 72
2690 89
2689 2
2688 94
2687 20
2686 75
2685 45
2684 20
2683 43
2682 74
2681 34
2680 54
2679 33
2678 69
2677 11
2676 68
2675 21
2674 95
2673 39
2672 19
2671 29
2670 99
2669 20
2668 22
2667 88
2666 38
2665 84
2664 90
2663 86
2662 97
2661 44
2660 95
2659 78
2658 40
2657 98
2656 10
2655 71
2654 33
2653 73
2652 4
2651 66
2650 75
2649 28
2648 17
2647 26
2646 25
2645 100
2644 50
2643 10
2642 69
2641 79
2640 97
2639 6
2638 80
2637 39
2636 42
2635 97
2634 86
2633 54
2632 18
2631 61
2630 51
2629 39
2628 42
2627 89
2626 99
2625 57
2624 92
2623 96
2622 37
2621 82
2620 69
2619 27
2618 5
2617 40
2616 89
2615 94
2614 56
2613 20
2612 63
2611 38
2610 38
2609 98
2608 33
2607 14
2606 3
2605 98
2604 75
2603 6
2602 85
2601 19
2600 75
2599 71
2598 25
2597 46
2596 65
2595 95
2594 78
2593 30
2592 50
2591 29
2590 59
2589 5
2588 3
2587 78
2586 87
2585 5
2584 4
2583 4
2582 47
2581 51
2580 48
2579 97
2578 19
2577 42
2576 28
2575 52
2574 42
2573 87
2572 61
2571 85
2570 82
2569 42
2568 100
2567 51
2566 26
2565 32
2564 65
2563 54
2562 37
2561 89
2560 40
2559 71
2558 68
2557 66
2556 19
2555 50
2554 68
2553 53
2552 28
2551 79
2550 12
2549 61
2548 70
2547 26
2546 40
2545 57
2544 7
2543 37
2542 35
2541 91
2540 65
2539 86
2538 14
2537 38
2536 90
2535 20
2534 36
2533 78
2532 64
2531 40
2530 42
2529 38
2528 41
2527 79
2526 59
2525 61
2524 18
2523 94
2522 91
2521 50
2520 67
2519 18
2518 82
2517 24
2516 93
2515 48
2514 88
2513 16
2512 4
2511 84
2510 97
2509 27
2508 86
2507 72
2506 76
2505 92
2504 10
2503 90
2502 15
2501 53
2500 82
2499 15
2498 46
2497 62
2496 3
2495 96
2494 14
2493 16
2492 54
2491 74
2490 98
2489 12
2488 62
2487 11
2486 96
2485 89
2484 64
2483 21
2482 3
2481 60
2480 64
2479 80
2478 62
2477 93
2476 13
2475 80
2474 88
2473 45
2472 16
2471 69
2470 75
2469 52
2468 56
2467 79
2466 15
2465 82
2464 74
2463 41
2462 87
2461 63
2460 0
2459 37
2458 50
2457 38
2456 4
2455 13
2454 45
2453 39
2452 93
2451 1
2450 87
2449 14
2448 15
2447 33
2446 72
2445 78
2444 91
2443 30
2442 37
2441 99
2440 70
2439 68
2438 52
2437 60
2436 1
2435 50
2434 74
2433 0
2432 9
2431 48
2430 60
2429 35
2428 47
2427 13
2426 92
2425 59
2424 96
2423 55
2422 49
2421 38
2420 59
2419 57
2418 63
2417 14
2416 68
2415 21
2414 4
2413 4
2412 88
2411 98
2410 22
2409 6
2408 49
2407 63
2406 20
2405 21
2404 73
2403 58
2402 71
2401 99
2400 47
2399 76
2398 95
2397 66
2396 42
2395 10
2394 98
2393 96
2392 51
2391 75
2390 89
2389 67
2388 81
2387 12
2386 81
2385 49
2384 68
2383 39
2382 33
2381 45
2380 20
2379 10
2378 70
2377 60
2376 79
2375 98
2374 74
2373 25
2372 95
2371 32
2370 16
2369 91
2368 87
2367 33
2366 52
2365 37
2364 48
2363 16
2362 60
2361 75
2360 65
2359 36
2358 66
2357 39
2356 87
2355 25
2354 91
2353 67
2352 86
2351 86
2350 74
2349 29
2348 2
2347 100
2346 13
2345 64
2344 18
2343 73
2342 63
2341 67
2340 39
2339 95
2338 82
2337 17
2336 0
2335 13
2334 68
2333 58
2332 91
2331 91
2330 24
2329 84
2328 45
2327 100
2326 29
2325 54
2324 43
2323 88
2322 23
2321 85
2320 65
2319 82
2318 50
2317 63
2316 53
2315 49
2314 27
2313 30
2312 78
2311 43
2310 22
2309 63
2308 3
2307 94
2306 77
2305 80
2304 61
2303 2
2302 35
2301 100
2300 17
2299 0
2298 74
2297 47
2296 74
2295 91
2294 18
2293 51
2292 89
2291 25
2290 92
2289 6
2288 95
2287 23
2286 93
2285 35
2284 68
2283 61
2282 43
2281 4
2280 14
2279 67
2278 17
2277 69
2276 19
2275 40
2274 75
2273 68
2272 80
2271 27
2270 13
2269 91
2268 79
2267 9
2266 87
2265 45
2264 73
2263 48
2262 6
2261 39
2260 51
2259 20
2258 46
2257 55
2256 16
2255 3
2254 81
2253 69
2252 79
2251 81
2250 58
2249 71
2248 67
2247 100
2246 63
2245 20
2244 84
2243 74
2242 95
2241 62
2240 15
2239 61
2238 1
2237 4
2236 59
2235 47
2234 76
2233 90
2232 94
2231 36
2230 7
2229 61
2228 74
2227 3
2226 63
2225 19
2224 19
2223 4
2222 16
2221 66
2220 41
2219 55
2218 26
2217 24
2216 30
2215 1
2214 13
2213 80
2212 11
2211 82
2210 23
2209 74
2208 50
2207 51
2206 78
2205 34
2204 55
2203 97
2202 9
2201 4
2200 18
2199 38
2198 98
2197 95
2196 1
2195 36
2194 14
2193 33
2192 4
2191 54
2190 18
2189 57
2188 10
2187 99
2186 38
2185 59
2184 74
2183 31
2182 92
2181 95
2180 36
2179 64
2178 96
2177 17
2176 34
2175 77
2174 3
2173 69
2172 44
2171 60
2170 40
2169 26
2168 46
2167 42
2166 11
2165 99
2164 62
2163 53
2162 73
2161 12
2160 32
2159 52
2158 39
2157 82
2156 55
2155 34
2154 28
2153 82
2152 62
2151 79
2150 2
2149 47
2148 82
2147 63
2146 56
2145 18
2144 75
2143 31
2142 54
2141 87
2140 32
2139 13
2138 16
2137 93
2136 21
2135 17
2134 20
2133 55
2132 5
2131 8
2130 66
2129 93
2128 11
2127 31
2126 0
2125 70
2124 14
2123 80
2122 93
2121 85
2120 22
2119 46
2118 44
2117 32
2116 33
2115 71
2114 97
2113 57
2112 47
2111 34
2110 55
2109 10
2108 89
2107 40
2106 33
2105 29
2104 21
2103 43
2102 14
2101 55
2100 90
2099 72
2098 63
2097 17
2096 70
2095 19
2094 29
2093 92
2092 91
2091 64
2090 65
2089 40
2088 43
2087 54
2086 89
2085 0
2084 84
2083 98
2082 26
2081 86
2080 54
2079 100
2078 76
2077 86
2076 100
2075 12
2074 43
2073 71
2072 16
2071 97
2070 0
2069 49
2068 77
2067 64
2066 13
2065 99
2064 99
2063 5
2062 1
2061 73
2060 34
2059 32
2058 50
2057 15
2056 57
2055 11
2054 59
2053 97
2052 26
2051 50
2050 71
2049 42
2048 53
2047 27
2046 93
2045 23
2044 97
2043 26
2042 59
2041 48
2040 85
2039 26
2038 37
2037 46
2036 75
2035 78
2034 49
2033 26
2032 13
2031 36
2030 22
2029 10
2028 53
2027 47
2026 40
2025 46
2024 59
2023 46
2022 55
2021 94
2020 66
2019 8
2018 9
2017 38
2016 48
2015 69
2014 79
2013 30
2012 53
2011 16
2010 21
2009 68
2008 2
2007 82
2006 24
2005 7
2004 99
2003 71
2002 6
2001 19
2000 52
1999 49
1998 54
1997 24
1996 10
1995 69
1994 51
1993 3
1992 93
1991 76
1990 94
1989 92
1988 26
1987 50
1986 42
1985 10
1984 19
1983 99
1982 98
1981 61
1980 50
1979 56
1978 100
1977 1
1976 65
1975 35
1974 55
1973 13
1972 1
1971 47
1970 9
1969 89
1968 60
1967 75
1966 4
1965 5
1964 25
1963 11
1962 54
1961 83
1960 59
1959 28
1958 11
1957 6
1956 41
1955 59
1954 91
1953 48
1952 62
1951 96
1950 50
1949 39
1948 31
1947 67
1946 9
1945 90
1944 1
1943 53
1942 24
1941 41
1940 69
1939 66
1938 12
1937 70
1936 46
1935 7
1934 32
1933 3
1932 51
1931 37
1930 46
1929 38
1928 16
1927 8
1926 73
1925 3
1924 33
1923 93
1922 99
1921 16
1920 20
1919 10
1918 70
1917 63
1916 42
1915 54
1914 11
1913 27
1912 22
1911 65
1910 73
1909 40
1908 70
1907 16
1906 64
1905 19
1904 54
1903 43
1902 87
1901 72
1900 33
1899 57
1898 63
1897 97
1896 30
1895 49
1894 40
1893 4
1892 85
1891 36
1890 3
1889 21
1888 61
1887 92
1886 65
1885 100
1884 56
1883 17
1882 54
1881 4
1880 74
1879 79
1878 13
1877 10
1876 14
1875 25
1874 30
1873 31
1872 5
1871 79
1870 20
1869 60
1868 68
1867 79
1866 55
1865 35
1864 60
1863 32
1862 24
1861 47
1860 93
1859 39
1858 32
1857 37
1856 16
1855 74
1854 70
1853 85
1852 81
1851 78
1850 89
1849 16
1848 15
1847 91
1846 96
1845 98
1844 31
1843 8
1842 47
1841 17
1840 34
1839 32
1838 9
1837 94
1836 79
1835 86
1834 4
1833 7
1832 88
1831 43
1830 90
1829 88
1828 16
1827 40
1826 6
1825 79
1824 67
1823 29
1822 54
1821 100
1820 50
1819 62
1818 11
1817 34
1816 66
1815 82
1814 54
1813 77
1812 18
1811 43
1810 88
1809 16
1808 83
1807 3
1806 44
1805 30
1804 64
1803 39
1802 16
1801 1
1800 18
1799 83
1798 76
1797 55
1796 77
1795 17
1794 41
1793 33
1792 18
1791 100
1790 3
1789 47
1788 0
1787 56
1786 35
1785 47
1784 50
1783 40
1782 23
1781 50
1780 52
1779 42
1778 3
1777 28
1776 21
1775 98
1774 98
1773 40
1772 55
1771 66
1770 39
1769 13
1768 61
1767 8
1766 39
1765 6
1764 45
1763 48
1762 11
1761 100
1760 90
1759 8
1758 93
1757 25
1756 1
1755 21
1754 22
1753 63
1752 7
1751 34
1750 77
1749 86
1748 87
1747 17
1746 36
1745 46
1744 4
1743 23
1742 59
1741 0
1740 19
1739 10
1738 66
1737 85
1736 3
1735 54
1734 10
1733 8
1732 24
1731 37
1730 86
1729 31
1728 37
1727 44
1726 54
1725 79
1724 26
1723 84
1722 45
1721 76
1720 36
1719 76
1718 97
1717 15
1716 34
1715 45
1714 79
1713 6
1712 15
1711 87
1710 81
1709 7
1708 64
1707 13
1706 59
1705 86
1704 9
1703 25
1702 9
1701 23
1700 41
1699 48
1698 96
1697 47
1696 43
1695 17
1694 51
1693 87
1692 91
1691 11
1690 14
1689 2
1688 37
1687 75
1686 29
1685 47
1684 89
1683 79
1682 36
1681 84
1680 72
1679 27
1678 62
1677 4
1676 63
1675 32
1674 32
1673 76
1672 80
1671 46
1670 5
1669 10
1668 8
1667 70
1666 69
1665 8
1664 42
1663 42
1662 15
1661 45
1660 92
1659 8
1658 97
1657 80
1656 14
1655 16
1654 46
1653 16
1652 64
1651 15
1650 68
1649 95
1648 64
1647 38
1646 34
1645 96
1644 45
1643 42
1642 47
1641 91
1640 91
1639 51
1638 39
1637 8
1636 27
1635 61
1634 25
1633 68
1632 89
1631 40
1630 36
1629 27
1628 9
1627 50
1626 31
1625 92
1624 23
1623 20
1622 51
1621 30
1620 44
1619 27
1618 32
1617 39
1616 49
1615 52
1614 64
1613 75
1612 74
1611 75
1610 33
1609 50
1608 69
1607 92
1606 80
1605 95
1604 56
1603 49
1602 82
1601 89
1600 23
1599 6
1598 34
1597 50
1596 90
1595 78
1594 77
1593 3
1592 65
1591 32
1590 60
1589 31
1588 82
1587 49
1586 14
1585 36
1584 10
1583 58
1582 46
1581 73
1580 83
1579 62
1578 32
1577 99
1576 50
1575 26
1574 88
1573 59
1572 64
1571 87
1570 48
1569 100
1568 7
1567 70
1566 51
1565 25
1564 73
1563 75
1562 49
1561 12
1560 70
1559 63
1558 68
1557 86
1556 47
1555 40
1554 53
1553 18
1552 13
1551 53
1550 54
1549 88
1548 75
1547 92
1546 22
1545 20
1544 32
1543 50
1542 79
1541 90
1540 34
1539 93
1538 98
1537 10
1536 31
1535 9
1534 73
1533 42
1532 12
1531 80
1530 30
1529 83
1528 52
1527 23
1526 8
1525 92
1524 11
1523 89
1522 48
1521 46
1520 46
1519 1
1518 45
1517 32
1516 47
1515 4
1514 4
1513 94
1512 14
1511 84
1510 88
1509 40
1508 99
1507 43
1506 96
1505 15
1504 90
1503 2
1502 23
1501 31
1500 14
1499 68
1498 91
1497 97
1496 55
1495 71
1494 82
1493 35
1492 30
1491 100
1490 41
1489 71
1488 1
1487 87
1486 54
1485 65
1484 6
1483 59
1482 34
1481 88
1480 64
1479 60
1478 3
1477 41
1476 85
1475 25
1474 0
1473 7
1472 60
1471 62
1470 21
1469 66
1468 13
1467 66
1466 64
1465 41
1464 80
1463 26
1462 98
1461 13
1460 15
1459 27
1458 70
1457 63
1456 8
1455 38
1454 48
1453 40
1452 48
1451 78
1450 15
1449 97
1448 1
1447 9
1446 34
1445 89
1444 96
1443 98
1442 99
1441 55
1440 55
1439 99
1438 55
1437 14
1436 52
1435 94
1434 24
1433 99
1432 52
1431 100
1430 20
1429 71
1428 80
1427 79
1426 35
1425 64
1424 3
1423 57
1422 64
1421 69
1420 14
1419 70
1418 12
1417 83
1416 87
1415 42
1414 84
1413 89
1412 96
1411 86
1410 66
1409 56
1408 0
1407 17
1406 48
1405 55
1404 29
1403 44
1402 48
1401 64
1400 19
1399 79
1398 10
1397 53
1396 6
1395 10
1394 33
1393 4
1392 14
1391 76
1390 74
1389 6
1388 1
1387 12
1386 80
1385 90
1384 84
1383 59
1382 20
1381 35
1380 68
1379 51
1378 2
1377 16
1376 99
1375 62
1374 25
1373 47
1372 39
1371 63
1370 24
1369 90
1368 84
1367 72
1366 77
1365 95
1364 47
1363 53
1362 79
1361 10
1360 57
1359 23
1358 1
1357 17
1356 2
1355 63
1354 44
1353 67
1352 94
1351 65
1350 19
1349 45
1348 84
1347 95
1346 66
1345 79
1344 43
1343 98
1342 36
1341 96
1340 95
1339 89
1338 69
1337 9
1336 57
1335 73
1334 12
1333 13
1332 89
1331 29
1330 83
1329 10
1328 78
1327 49
1326 36
1325 90
1324 94
1323 58
1322 88
1321 61
1320 95
1319 5
1318 41
1317 96
1316 95
1315 60
1314 68
1313 35
1312 55
1311 46
1310 92
1309 7
1308 2
1307 30
1306 95
1305 6
1304 31
1303 80
1302 35
1301 5
1300 10
1299 38
1298 24
1297 58
1296 100
1295 61
1294 63
1293 2
1292 67
1291 34
1290 100
1289 22
1288 65
1287 76
1286 73
1285 53
1284 49
1283 82
1282 6
1281 69
1280 42
1279 47
1278 75
1277 74
1276 15
1275 77
1274 48
1273 71
1272 28
1271 6
1270 41
1269 52
1268 83
1267 63
1266 16
1265 72
1264 24
1263 88
1262 13
1261 45
1260 100
1259 47
1258 62
1257 8
1256 69
1255 48
1254 47
1253 5
1252 98
1251 32
1250 100
1249 63
1248 65
1247 88
1246 12
1245 9
1244 83
1243 73
1242 7
1241 98
1240 67
1239 10
1238 67
1237 85
1236 42
1235 14
1234 23
1233 36
1232 38
1231 17
1230 14
1229 18
1228 39
1227 8
1226 15
1225 36
1224 56
1223 12
1222 23
1221 13
1220 81
1219 2
1218 48
1217 49
1216 8
1215 9
1214 79
1213 88
1212 67
1211 90
1210 77
1209 0
1208 49
1207 86
1206 95
1205 39
1204 19
1203 25
1202 44
1201 31
1200 98
1199 26
1198 56
1197 14
1196 61
1195 82
1194 86
1193 1
1192 31
1191 65
1190 35
1189 99
1188 47
1187 64
1186 68
1185 25
1184 54
1183 63
1182 63
1181 93
1180 60
1179 69
1178 74
1177 20
1176 50
1175 65
1174 73
1173 99
1172 48
1171 86
1170 47
1169 25
1168 22
1167 24
1166 73
1165 60
1164 66
1163 73
1162 23
1161 8
1160 67
1159 9
1158 15
1157 61
1156 86
1155 83
1154 22
1153 42
1152 20
1151 32
1150 36
1149 76
1148 78
1147 26
1146 51
1145 24
1144 7
1143 91
1142 38
1141 49
1140 81
1139 62
1138 68
1137 93
1136 14
1135 55
1134 67
1133 26
1132 94
1131 6
1130 71
1129 71
1128 92
1127 75
1126 14
1125 90
1124 53
1123 59
1122 85
1121 55
1120 80
1119 72
1118 45
1117 62
1116 36
1115 95
1114 74
1113 76
1112 75
1111 99
1110 94
1109 4
1108 21
1107 53
1106 27
1105 25
1104 64
1103 3
1102 4
1101 74
1100 4
1099 100
1098 12
1097 52
1096 44
1095 37
1094 26
1093 5
1092 81
1091 16
1090 7
1089 15
1088 34
1087 91
1086 76
1085 83
1084 50
1083 23
1082 63
1081 77
1080 74
1079 31
1078 11
1077 70
1076 74
1075 4
1074 49
1073 4
1072 26
1071 41
1070 5
1069 30
1068 78
1067 84
1066 80
1065 49
1064 80
1063 76
1062 44
1061 32
1060 85
1059 43
1058 10
1057 33
1056 69
1055 38
1054 79
1053 68
1052 13
1051 53
1050 37
1049 89
1048 47
1047 63
1046 36
1045 72
1044 0
1043 19
1042 57
1041 5
1040 21
1039 97
1038 27
1037 2
1036 48
1035 27
1034 44
1033 48
1032 3
1031 52
1030 61
1029 97
1028 76
1027 27
1026 92
1025 35
1024 8
1023 42
1022 26
1021 1
1020 96
1019 19
1018 11
1017 74
1016 73
1015 27
1014 46
1013 71
1012 27
1011 94
1010 44
1009 54
1008 96
1007 38
1006 38
1005 22
1004 50
1003 79
1002 66
1001 49
1000 60
999 89
998 25
997 27
996 83
995 69
994 45
993 33
992 40
991 15
990 66
989 29
988 62
987 54
986 93
985 51
984 52
983 90
982 68
981 63
980 33
979 52
978 20
977 87
976 11
975 50
974 67
973 54
972 44
971 33
970 25
969 35
968 79
967 18
966 77
965 11
964 44
963 22
962 0
961 22
960 70
959 76
958 41
957 24
956 0
955 89
954 77
953 95
952 16
951 15
950 96
949 1
948 11
947 78
946 93
945 97
944 33
943 17
942 96
941 53
940 78
939 89
938 15
937 51
936 78
935 50
934 80
933 55
932 30
931 48
930 49
929 19
928 92
927 8
926 38
925 89
924 13
923 90
922 100
921 58
920 14
919 52
918 94
917 9
916 58
915 1
914 72
913 47
912 5
911 1
910 61
909 96
908 98
907 99
906 47
905 79
904 95
903 82
902 91
901 100
900 89
899 29
898 78
897 65
896 51
895 5
894 71
893 35
892 79
891 94
890 88
889 99
888 55
887 80
886 2
885 42
884 53
883 20
882 63
881 6
880 26
879 97
878 49
877 43
876 98
875 11
874 79
873 29
872 64
871 30
870 98
869 73
868 41
867 34
866 25
865 2
864 13
863 84
862 57
861 64
860 11
859 72
858 42
857 35
856 84
855 34
854 97
853 12
852 48
851 81
850 86
849 51
848 20
847 44
846 78
845 40
844 44
843 100
842 71
841 5
840 34
839 67
838 88
837 28
836 34
835 69
834 57
833 52
832 3
831 39
830 68
829 73
828 57
827 65
826 42
825 34
824 96
823 38
822 73
821 55
820 72
819 17
818 57
817 19
816 96
815 21
814 6
813 9
812 45
811 85
810 87
809 31
808 27
807 47
806 64
805 61
804 85
803 12
802 17
801 58
800 85
799 85
798 92
797 46
796 57
795 17
794 18
793 95
792 41
791 35
790 1
789 65
788 43
787 31
786 85
785 5
784 74
783 27
782 32
781 55
780 65
779 84
778 17
777 30
776 99
775 72
774 46
773 72
772 38
771 80
770 33
769 4
768 63
767 61
766 16
765 80
764 77
763 72
762 88
761 33
760 36
759 29
758 32
757 43
756 43
755 16
754 41
753 66
752 72
751 7
750 8
749 21
748 7
747 47
746 65
745 8
744 10
743 73
742 22
741 5
740 61
739 62
738 40
737 31
736 73
735 56
734 29
733 97
732 73
731 37
730 80
729 68
728 34
727 31
726 32
725 35
724 78
723 59
722 69
721 3
720 20
719 77
718 51
717 65
716 80
715 51
714 38
713 37
712 14
711 12
710 93
709 8
708 36
707 100
706 82
705 23
704 63
703 74
702 84
701 46
700 59
699 50
698 66
697 99
696 30
695 44
694 48
693 91
692 18
691 23
690 37
689 63
688 33
687 11
686 9
685 85
684 0
683 22
682 7
681 53
680 65
679 91
678 21
677 61
676 4
675 60
674 69
673 0
672 82
671 71
670 67
669 39
668 69
667 75
666 5
665 85
664 3
663 89
662 60
661 43
660 60
659 78
658 34
657 34
656 87
655 75
654 80
653 51
652 80
651 77
650 49
649 56
648 83
647 4
646 83
645 60
644 35
643 15
642 10
641 7
640 30
639 42
638 96
637 5
636 96
635 27
634 71
633 58
632 11
631 29
630 71
629 43
628 45
627 2
626 69
625 69
624 71
623 85
622 23
621 47
620 9
619 28
618 37
617 82
616 56
615 53
614 55
613 11
612 43
611 32
610 45
609 41
608 96
607 46
606 79
605 37
604 89
603 75
602 55
601 30
600 35
599 47
598 6
597 53
596 88
595 65
594 48
593 41
592 30
591 100
590 59
589 62
588 31
587 7
586 93
585 92
584 41
583 22
582 69
581 36
580 39
579 22
578 67
577 50
576 10
575 11
574 43
573 33
572 95
571 63
570 47
569 33
568 70
567 9
566 34
565 19
564 60
563 97
562 97
561 54
560 73
559 61
558 58
557 64
556 13
555 85
554 24
553 49
552 56
551 89
550 67
549 57
548 87
547 3
546 20
545 67
544 85
543 14
542 87
541 62
540 55
539 40
538 64
537 60
536 67
535 17
534 10
533 75
532 41
531 54
530 15
529 82
528 58
527 50
526 84
525 97
524 68
523 5
522 50
521 56
520 54
519 61
518 97
517 63
516 32
515 58
514 69
513 39
512 76
511 35
510 74
509 57
508 84
507 91
506 26
505 69
504 25
503 95
502 53
501 19
500 62
499 15
498 52
497 72
496 37
495 64
494 0
493 20
492 43
491 99
490 73
489 15
488 33
487 80
486 36
485 89
484 70
483 34
482 46
481 41
480 61
479 91
478 46
477 95
476 35
475 17
474 79
473 84
472 93
471 7
470 14
469 70
468 82
467 71
466 76
465 71
464 96
463 75
462 60
461 40
460 1
459 57
458 86
457 76
456 29
455 53
454 94
453 39
452 16
451 48
450 97
449 5
448 76
447 46
446 82
445 5
444 14
443 11
442 82
441 95
440 93
439 62
438 37
437 13
436 61
435 39
434 61
433 84
432 12
431 8
430 13
429 13
428 22
427 93
426 18
425 11
424 96
423 19
422 66
421 23
420 87
419 19
418 60
417 75
416 32
415 29
414 66
413 42
412 42
411 34
410 65
409 60
408 53
407 43
406 84
405 98
404 98
403 50
402 85
401 20
400 93
399 44
398 52
397 19
396 34
395 3
394 48
393 9
392 23
391 8
390 46
389 47
388 77
387 17
386 76
385 37
384 22
383 97
382 47
381 36
380 76
379 50
378 11
377 100
376 33
375 81
374 73
373 33
372 60
371 50
370 87
369 43
368 55
367 59
366 31
365 60
364 39
363 7
362 26
361 62
360 93
359 32
358 53
357 31
356 53
355 6
354 36
353 50
352 81
351 69
350 8
349 86
348 75
347 39
346 31
345 61
344 18
343 76
342 73
341 83
340 49
339 11
338 56
337 69
336 14
335 29
334 86
333 30
332 58
331 28
330 93
329 39
328 43
327 10
326 38
325 31
324 7
323 92
322 54
321 82
320 26
319 84
318 44
317 30
316 50
315 99
314 5
313 9
312 73
311 37
310 20
309 15
308 26
307 59
306 71
305 38
304 56
303 48
302 70
301 91
300 44
299 8
298 14
297 92
296 78
295 19
294 57
293 85
292 93
291 79
290 50
289 2
288 62
287 46
286 64
285 53
284 37
283 21
282 18
281 57
280 2
279 20
278 63
277 35
276 0
275 68
274 33
273 72
272 51
271 59
270 47
269 73
268 78
267 77
266 1
265 68
264 71
263 47
262 79
261 54
260 23
259 57
258 25
257 72
256 28
255 37
254 65
253 10
252 12
251 91
250 57
249 16
248 37
247 80
246 41
245 39
244 87
243 87
242 97
241 60
240 82
239 14
238 48
237 13
236 67
235 11
234 29
233 34
232 27
231 34
230 25
229 36
228 15
227 30
226 8
225 96
224 35
223 20
222 66
221 79
220 35
219 96
218 5
217 93
216 93
215 79
214 80
213 100
212 82
211 52
210 46
209 77
208 5
207 77
206 69
205 29
204 93
203 58
202 57
201 34
200 39
199 25
198 90
197 60
196 36
195 78
194 97
193 84
192 59
191 64
190 6
189 45
188 30
187 58
186 68
185 1
184 48
183 59
182 20
181 54
180 84
179 72
178 78
177 25
176 46
175 44
174 74
173 89
172 29
171 70
170 55
169 24
168 54
167 70
166 42
165 22
164 85
163 56
162 71
161 16
160 80
159 35
158 79
157 62
156 70
155 79
154 84
153 56
152 10
151 60
150 75
149 68
148 100
147 100
146 30
145 36
144 80
143 90
142 43
141 17
140 40
139 78
138 6
137 50
136 80
135 73
134 18
133 49
132 18
131 36
130 66
129 41
128 49
127 80
126 51
125 89
124 53
123 27
122 82
121 84
120 49
119 63
118 73
117 68
116 88
115 35
114 42
113 67
112 42
111 56
110 86
109 39
108 17
107 47
106 38
105 89
104 40
103 53
102 68
101 52
100 79
99 45
98 93
97 5
96 38
95 99
94 34
93 74
92 58
91 89
90 13
89 73
88 63
87 58
86 1
85 42
84 55
83 64
82 36
81 96
80 43
79 67
78 63
77 47
76 95
75 94
74 60
73 75
72 53
71 82
70 8
69 52
68 60
67 74
66 98
65 26
64 6
63 78
62 66
61 3
60 26
59 89
58 4
57 22
56 82
55 99
54 79
53 21
52 67
51 6
50 29
49 35
48 94
47 56
46 52
45 47
44 6
43 93
42 10
41 91
40 3
39 49
38 77
37 27
36 43
35 94
34 95
33 32
32 21
31 90
30 34
29 70
28 42
27 37
26 44
25 54
24 21
23 82
22 43
21 89
20 69
19 19
18 96
17 88
16 77
15 45
14 82
13 63
12 22
11 2
10 1
9 1
8 37
7 56
6 93
5 28
4 82
3 9
2 19
1 34
0 41
