10000 22
9999 4
9998 1
9997 14
9996 96
9995 0
9994 58
9993 45
9992 19
9991 55
9990 59
9989 21
9988 51
9987 42
9986 77
9985 21
9984 7
9983 46
9982 56
9981 67
9980 1
9979 72
9978 41
9977 3
9976 76
9975 91
9974 10
9973 32
9972 86
9971 7
9970 3
9969 12
9968 68
9967 63
9966 16
9965 5
9964 56
9963 53
9962 9
9961 53
9960 44
9959 92
9958 68
9957 86
9956 57
9955 38
9954 85
9953 75
9952 21
9951 90
9950 65
9949 46
9948 38
9947 87
9946 34
9945 97
9944 60
9943 54
9942 86
9941 54
9940 7
9939 41
9938 2
9937 0
9936 100
9935 30
9934 50
9933 52
9932 13
9931 44
9930 80
9929 18
9928 67
9927 37
9926 23
9925 30
9924 19
9923 77
9922 74
9921 12
9920 32
9919 69
9918 77
9917 53
9916 3
9915 62
9914 11
9913 33
9912 84
9911 94
9910 27
9909 44
9908 85
9907 37
9906 36
9905 30
9904 34
9903 74
9902 91
9901 80
9900 95
9899 37
9898 28
9897 72
9896 43
9895 16
9894 67
9893 91
9892 81
9891 50
9890 100
9889 48
9888 68
9887 70
9886 4
9885 73
9884 34
9883 67
9882 18
9881 24
9880 6
9879 62
9878 11
9877 52
9876 9
9875 94
9874 28
9873 100
9872 32
9871 28
9870 81
9869 55
9868 96
9867 22
9866 51
9865 70
9864 44
9863 42
9862 18
9861 40
9860 62
9859 82
9858 90
9857 49
9856 96
9855 11
9854 1
9853 95
9852 82
9851 52
9850 15
9849 27
9848 56
9847 76
9846 68
9845 34
9844 26
9843 73
9842 21
9841 4
9840 63
9839 69
9838 2
9837 57
9836 91
9835 40
9834 5
9833 25
9832 18
9831 69
9830 0
9829 23
9828 65
9827 74
9826 33
9825 57
9824 70
9823 76
9822 9
9821 54
9820 66
9819 47
9818 53
9817 93
9816 65
9815 25
9814 4
9813 80
9812 18
9811 0
9810 15
9809 49
9808 12
9807 95
9806 22
9805 68
9804 77
9803 76
9802 49
9801 17
9800 59
9799 86
9798 1
9797 15
9796 92
9795 91
9794 82
9793 46
9792 47
9791 25
9790 38
9789 17
9788 90
9787 82
9786 37
9785 1
9784 99
9783 72
9782 88
9781 38
9780 4
9779 16
9778 76
9777 24
9776 81
9775 46
9774 74
9773 63
9772 68
9771 98
9770 76
9769 37
9768 22
9767 81
9766 59
9765 4
9764 23
9763 1
9762 77
9761 52
9760 85
9759 34
9758 8
9757 57
9756 19
9755 67
9754 34
9753 15
9752 72
9751 6
9750 6
9749 42
9748 47
9747 84
9746 61
9745 6
9744 97
9743 41
9742 70
9741 52
9740 51
9739 56
9738 70
9737 46
9736 66
9735 28
9734 46
9733 89
9732 44
9731 96
9730 90
9729 72
9728 5
9727 0
9726 42
9725 4
9724 0
9723 4
9722 65
9721 73
9720 52
9719 69
9718 96
9717 55
9716 37
9715 63
9714 15
9713 25
9712 83
9711 63
9710 58
9709 59
9708 29
9707 30
9706 54
9705 66
9704 21
9703 24
9702 80
9701 34
9700 97
9699 60
9698 16
9697 59
9696 86
9695 72
9694 23
9693 64
9692 6
9691 72
9690 76
9689 37
9688 52
9687 62
9686 11
9685 59
9684 95
9683 2
9682 57
9681 83
9680 4
9679 81
9678 96
9677 72
9676 27
9675 70
9674 92
9673 21
9672 61
9671 19
9670 71
9669 92
9668 45
9667 95
9666 28
9665 34
9664 8
9663 88
9662 40
9661 61
9660 83
9659 12
9658 25
9657 55
9656 11
9655 20
9654 28
9653 28
9652 79
9651 24
9650 58
9649 47
9648 46
9647 48
9646 74
9645 83
9644 48
9643 79
9642 77
9641 76
9640 69
9639 82
9638 21
9637 54
9636 1
9635 59
9634 5
9633 55
9632 31
9631 97
9630 64
9629 63
9628 93
9627 50
9626 55
9625 11
9624 40
9623 15
9622 21
9621 76
9620 45
9619 3
9618 83
9617 30
9616 17
9615 70
9614 59
9613 89
9612 100
9611 36
9610 92
9609 89
9608 0
9607 7
9606 35
9605 88
9604 31
9603 46
9602 54
9601 61
9600 97
9599 34
9598 76
9597 95
9596 98
9595 37
9594 7
9593 7
9592 70
9591 79
9590 11
9589 89
9588 5
9587 68
9586 92
9585 64
9584 5
9583 45
9582 20
9581 15
9580 95
9579 22
9578 36
9577 69
9576 78
9575 52
9574 40
9573 36
9572 90
9571 68
9570 44
9569 48
9568 22
9567 65
9566 58
9565 27
9564 69
9563 56
9562 23
9561 53
9560 77
9559 61
9558 88
9557 67
9556 88
9555 92
9554 71
9553 37
9552 21
9551 45
9550 70
9549 68
9548 59
9547 43
9546 32
9545 40
9544 81
9543 41
9542 58
9541 57
9540 98
9539 29
9538 38
9537 28
9536 56
9535 53
9534 45
9533 27
9532 26
9531 99
9530 55
9529 78
9528 49
9527 37
9526 59
9525 55
9524 12
9523 17
9522 24
9521 31
9520 47
9519 3
9518 57
9517 7
9516 83
9515 68
9514 2
9513 12
9512 72
9511 12
9510 19
9509 3
9508 50
9507 44
9506 64
9505 1
9504 26
9503 75
9502 97
9501 19
9500 59
9499 89
9498 31
9497 10
9496 18
9495 58
9494 87
9493 2
9492 6
9491 28
9490 51
9489 73
9488 21
9487 42
9486 45
9485 22
9484 78
9483 28
9482 90
9481 62
9480 43
9479 25
9478 59
9477 73
9476 1
9475 79
9474 46
9473 59
9472 82
9471 10
9470 62
9469 98
9468 20
9467 18
9466 69
9465 2
9464 1
9463 76
9462 48
9461 60
9460 45
9459 84
9458 67
9457 30
9456 60
9455 2
9454 38
9453 89
9452 77
9451 93
9450 11
9449 49
9448 72
9447 8
9446 25
9445 65
9444 85
9443 29
9442 87
9441 96
9440 21
9439 90
9438 46
9437 93
9436 84
9435 32
9434 92
9433 60
9432 12
9431 47
9430 42
9429 34
9428 83
9427 16
9426 34
9425 21
9424 40
9423 19
9422 92
9421 63
9420 3
9419 47
9418 25
9417 15
9416 98
9415 72
9414 29
9413 37
9412 29
9411 2
9410 34
9409 9
9408 31
9407 10
9406 47
9405 52
9404 73
9403 87
9402 13
9401 69
9400 86
9399 82
9398 64
9397 36
9396 20
9395 78
9394 4
9393 32
9392 23
9391 99
9390 74
9389 86
9388 91
9387 74
9386 1
9385 77
9384 70
9383 62
9382 52
9381 13
9380 24
9379 26
9378 34
9377 3
9376 28
9375 79
9374 81
9373 8
9372 12
9371 56
9370 54
9369 62
9368 94
9367 29
9366 84
9365 73
9364 94
9363 20
9362 3
9361 14
9360 11
9359 32
9358 45
9357 67
9356 63
9355 5
9354 99
9353 74
9352 85
9351 7
9350 53
9349 43
9348 46
9347 94
9346 6
9345 43
9344 81
9343 97
9342 3
9341 64
9340 58
9339 89
9338 11
9337 31
9336 16
9335 19
9334 66
9333 86
9332 100
9331 91
9330 59
9329 91
9328 37
9327 28
9326 16
9325 77
9324 40
9323 50
9322 83
9321 77
9320 96
9319 11
9318 32
9317 21
9316 93
9315 77
9314 65
9313 69
9312 8
9311 90
9310 79
9309 22
9308 78
9307 2
9306 82
9305 6
9304 72
9303 67
9302 56
9301 64
9300 72
9299 32
9298 50
9297 48
9296 60
9295 33
9294 34
9293 42
9292 0
9291 79
9290 50
9289 15
9288 47
9287 72
9286 99
9285 60
9284 50
9283 1
9282 32
9281 100
9280 91
9279 26
9278 57
9277 45
9276 51
9275 28
9274 24
9273 87
9272 63
9271 63
9270 9
9269 52
9268 98
9267 59
9266 13
9265 26
9264 23
9263 74
9262 36
9261 60
9260 98
9259 1
9258 61
9257 71
9256 41
9255 7
9254 61
9253 83
9252 68
9251 60
9250 35
9249 3
9248 50
9247 7
9246 30
9245 52
9244 45
9243 69
9242 81
9241 88
9240 50
9239 41
9238 22
9237 50
9236 54
9235 6
9234 48
9233 0
9232 18
9231 29
9230 71
9229 11
9228 39
9227 24
9226 72
9225 12
9224 36
9223 46
9222 90
9221 43
9220 71
9219 23
9218 17
9217 90
9216 77
9215 17
9214 54
9213 11
9212 47
9211 100
9210 1
9209 76
9208 10
9207 51
9206 32
9205 46
9204 9
9203 25
9202 19
9201 99
9200 12
9199 83
9198 91
9197 61
9196 24
9195 63
9194 54
9193 74
9192 41
9191 29
9190 25
9189 92
9188 34
9187 16
9186 83
9185 74
9184 75
9183 7
9182 88
9181 42
9180 7
9179 82
9178 24
9177 1
9176 59
9175 42
9174 61
9173 87
9172 88
9171 80
9170 9
9169 0
9168 85
9167 4
9166 69
9165 58
9164 99
9163 19
9162 70
9161 5
9160 75
9159 32
9158 41
9157 6
9156 4
9155 96
9154 72
9153 13
9152 64
9151 39
9150 43
9149 43
9148 3
9147 25
9146 75
9145 41
9144 12
9143 100
9142 92
9141 60
9140 27
9139 23
9138 10
9137 77
9136 56
9135 49
9134 91
9133 14
9132 6
9131 57
9130 35
9129 97
9128 53
9127 36
9126 11
9125 71
9124 53
9123 96
9122 44
9121 50
9120 81
9119 34
9118 30
9117 23
9116 45
9115 93
9114 100
9113 27
9112 24
9111 9
9110 86
9109 62
9108 98
9107 84
9106 33
9105 52
9104 91
9103 20
9102 78
9101 31
9100 70
9099 58
9098 48
9097 43
9096 43
9095 95
9094 90
9093 13
9092 67
9091 35
9090 64
9089 40
9088 68
9087 12
9086 64
9085 37
9084 5
9083 86
9082 61
9081 15
9080 29
9079 46
9078 0
9077 78
9076 21
9075 20
9074 57
9073 95
9072 66
9071 48
9070 10
9069 25
9068 79
9067 80
9066 62
9065 83
9064 50
9063 1
9062 81
9061 95
9060 73
9059 0
9058 85
9057 12
9056 29
9055 3
9054 22
9053 21
9052 96
9051 4
9050 11
9049 82
9048 88
9047 32
9046 88
9045 66
9044 9
9043 21
9042 54
9041 65
9040 79
9039 94
9038 52
9037 6
9036 24
9035 6
9034 59
9033 42
9032 24
9031 63
9030 6
9029 29
9028 40
9027 80
9026 39
9025 3
9024 71
9023 47
9022 8
9021 87
9020 59
9019 33
9018 8
9017 25
9016 72
9015 42
9014 48
9013 41
9012 9
9011 17
9010 96
9009 68
9008 45
9007 41
9006 39
9005 61
9004 36
9003 58
9002 40
9001 59
9000 16
8999 40
8998 100
8997 41
8996 12
8995 50
8994 96
8993 17
8992 5
8991 99
8990 28
8989 66
8988 36
8987 85
8986 53
8985 56
8984 56
8983 47
8982 7
8981 17
8980 98
8979 60
8978 70
8977 23
8976 81
8975 49
8974 73
8973 74
8972 65
8971 80
8970 6
8969 7
8968 77
8967 54
8966 6
8965 69
8964 48
8963 45
8962 24
8961 35
8960 52
8959 96
8958 60
8957 75
8956 4
8955 42
8954 40
8953 99
8952 85
8951 44
8950 51
8949 78
8948 85
8947 79
8946 3
8945 37
8944 72
8943 88
8942 80
8941 69
8940 73
8939 91
8938 35
8937 95
8936 32
8935 66
8934 29
8933 96
8932 88
8931 72
8930 17
8929 17
8928 22
8927 54
8926 25
8925 21
8924 2
8923 70
8922 55
8921 44
8920 4
8919 52
8918 68
8917 88
8916 63
8915 53
8914 38
8913 98
8912 85
8911 3
8910 31
8909 82
8908 21
8907 48
8906 4
8905 42
8904 24
8903 21
8902 22
8901 96
8900 46
8899 14
8898 31
8897 82
8896 9
8895 35
8894 73
8893 7
8892 31
8891 72
8890 90
8889 18
8888 7
8887 97
8886 64
8885 51
8884 2
8883 80
8882 39
8881 0
8880 48
8879 31
8878 9
8877 83
8876 85
8875 41
8874 15
8873 64
8872 76
8871 0
8870 35
8869 82
8868 13
8867 84
8866 11
8865 46
8864 27
8863 1
8862 34
8861 74
8860 16
8859 66
8858 3
8857 65
8856 78
8855 88
8854 53
8853 15
8852 94
8851 25
8850 26
8849 69
8848 62
8847 9
8846 97
8845 40
8844 53
8843 98
8842 1
8841 88
8840 84
8839 100
8838 94
8837 86
8836 86
8835 51
8834 73
8833 13
8832 47
8831 10
8830 23
8829 32
8828 3
8827 64
8826 100
8825 42
8824 44
8823 0
8822 6
8821 65
8820 25
8819 84
8818 72
8817 37
8816 42
8815 69
8814 2
8813 24
8812 23
8811 76
8810 55
8809 87
8808 25
8807 81
8806 68
8805 89
8804 76
8803 68
8802 31
8801 54
8800 28
8799 71
8798 12
8797 47
8796 60
8795 72
8794 82
8793 76
8792 74
8791 35
8790 58
8789 75
8788 26
8787 39
8786 88
8785 20
8784 12
8783 91
8782 56
8781 53
8780 88
8779 21
8778 92
8777 13
8776 38
8775 32
8774 50
8773 44
8772 19
8771 66
8770 85
8769 95
8768 42
8767 96
8766 13
8765 75
8764 93
8763 62
8762 32
8761 47
8760 68
8759 83
8758 25
8757 69
8756 94
8755 45
8754 39
8753 26
8752 44
8751 13
8750 69
8749 22
8748 7
8747 67
8746 53
8745 14
8744 53
8743 51
8742 16
8741 15
8740 58
8739 72
8738 20
8737 7
8736 48
8735 55
8734 4
8733 8
8732 86
8731 61
8730 29
8729 47
8728 65
8727 44
8726 59
8725 4
8724 60
8723 64
8722 93
8721 46
8720 49
8719 99
8718 30
8717 67
8716 15
8715 95
8714 52
8713 76
8712 76
8711 3
8710 59
8709 49
8708 13
8707 80
8706 65
8705 42
8704 46
8703 55
8702 99
8701 16
8700 21
8699 53
8698 86
8697 95
8696 49
8695 14
8694 8
8693 16
8692 83
8691 34
8690 20
8689 20
8688 25
8687 85
8686 29
8685 37
8684 70
8683 45
8682 55
8681 83
8680 73
8679 85
8678 40
8677 49
8676 88
8675 63
8674 31
8673 81
8672 1
8671 58
8670 51
8669 29
8668 9
8667 86
8666 100
8665 88
8664 30
8663 53
8662 75
8661 33
8660 98
8659 26
8658 27
8657 23
8656 55
8655 32
8654 25
8653 18
8652 75
8651 51
8650 38
8649 21
8648 86
8647 47
8646 89
8645 25
8644 5
8643 12
8642 71
8641 46
8640 45
8639 55
8638 80
8637 11
8636 76
8635 37
8634 24
8633 56
8632 68
8631 26
8630 58
8629 47
8628 98
8627 22
8626 85
8625 14
8624 18
8623 89
8622 71
8621 26
8620 48
8619 94
8618 23
8617 81
8616 45
8615 31
8614 9
8613 55
8612 87
8611 48
8610 64
8609 66
8608 62
8607 11
8606 55
8605 46
8604 61
8603 10
8602 78
8601 4
8600 23
8599 30
8598 17
8597 56
8596 11
8595 26
8594 40
8593 9
8592 53
8591 12
8590 75
8589 73
8588 93
8587 74
8586 6
8585 34
8584 11
8583 62
8582 72
8581 100
8580 30
8579 23
8578 9
8577 82
8576 36
8575 73
8574 8
8573 12
8572 37
8571 57
8570 11
8569 33
8568 99
8567 50
8566 94
8565 96
8564 9
8563 92
8562 45
8561 64
8560 17
8559 18
8558 69
8557 16
8556 45
8555 43
8554 76
8553 89
8552 83
8551 18
8550 47
8549 78
8548 30
8547 75
8546 12
8545 85
8544 61
8543 39
8542 5
8541 70
8540 4
8539 67
8538 51
8537 13
8536 98
8535 76
8534 43
8533 72
8532 34
8531 78
8530 50
8529 95
8528 80
8527 81
8526 66
8525 83
8524 26
8523 52
8522 89
8521 20
8520 97
8519 70
8518 21
8517 25
8516 31
8515 87
8514 21
8513 73
8512 71
8511 96
8510 35
8509 8
8508 9
8507 13
8506 58
8505 1
8504 74
8503 12
8502 5
8501 92
8500 31
8499 34
8498 18
8497 13
8496 14
8495 22
8494 30
8493 95
8492 42
8491 53
8490 71
8489 64
8488 70
8487 13
8486 59
8485 13
8484 15
8483 7
8482 50
8481 15
8480 2
8479 20
8478 67
8477 63
8476 70
8475 4
8474 71
8473 80
8472 45
8471 51
8470 15
8469 50
8468 39
8467 2
8466 84
8465 13
8464 68
8463 64
8462 1
8461 45
8460 50
8459 95
8458 2
8457 33
8456 89
8455 47
8454 75
8453 19
8452 35
8451 49
8450 86
8449 22
8448 84
8447 9
8446 95
8445 64
8444 64
8443 80
8442 31
8441 4
8440 44
8439 96
8438 8
8437 55
8436 43
8435 15
8434 74
8433 92
8432 17
8431 25
8430 64
8429 19
8428 6
8427 58
8426 64
8425 26
8424 47
8423 47
8422 23
8421 54
8420 72
8419 73
8418 54
8417 50
8416 78
8415 10
8414 47
8413 96
8412 84
8411 60
8410 81
8409 77
8408 78
8407 61
8406 41
8405 13
8404 86
8403 53
8402 67
8401 86
8400 10
8399 53
8398 42
8397 44
8396 48
8395 65
8394 74
8393 19
8392 65
8391 6
8390 62
8389 41
8388 78
8387 85
8386 24
8385 100
8384 55
8383 48
8382 71
8381 9
8380 21
8379 0
8378 93
8377 54
8376 63
8375 47
8374 11
8373 11
8372 80
8371 21
8370 32
8369 88
8368 28
8367 69
8366 71
8365 66
8364 56
8363 93
8362 77
8361 95
8360 87
8359 22
8358 35
8357 20
8356 7
8355 51
8354 49
8353 76
8352 99
8351 16
8350 70
8349 80
8348 24
8347 27
8346 93
8345 50
8344 88
8343 64
8342 84
8341 92
8340 12
8339 28
8338 8
8337 75
8336 88
8335 80
8334 87
8333 88
8332 18
8331 49
8330 29
8329 47
8328 59
8327 2
8326 63
8325 78
8324 65
8323 71
8322 15
8321 80
8320 55
8319 69
8318 34
8317 93
8316 46
8315 54
8314 56
8313 12
8312 31
8311 89
8310 53
8309 65
8308 43
8307 5
8306 34
8305 39
8304 16
8303 95
8302 70
8301 26
8300 45
8299 95
8298 0
8297 58
8296 58
8295 88
8294 16
8293 83
8292 9
8291 49
8290 44
8289 14
8288 94
8287 35
8286 98
8285 71
8284 34
8283 42
8282 29
8281 88
8280 37
8279 76
8278 46
8277 82
8276 99
8275 9
8274 43
8273 79
8272 17
8271 54
8270 100
8269 39
8268 45
8267 68
8266 5
8265 81
8264 100
8263 100
8262 64
8261 68
8260 80
8259 66
8258 86
8257 49
8256 16
8255 81
8254 85
8253 24
8252 43
8251 5
8250 12
8249 31
8248 69
8247 78
8246 93
8245 1
8244 69
8243 88
8242 92
8241 15
8240 83
8239 61
8238 0
8237 31
8236 87
8235 45
8234 52
8233 64
8232 87
8231 31
8230 75
8229 10
8228 71
8227 27
8226 26
8225 56
8224 27
8223 47
8222 50
8221 48
8220 24
8219 66
8218 53
8217 66
8216 37
8215 64
8214 72
8213 24
8212 81
8211 61
8210 67
8209 41
8208 62
8207 18
8206 67
8205 68
8204 93
8203 68
8202 88
8201 20
8200 85
8199 98
8198 94
8197 14
8196 63
8195 60
8194 80
8193 62
8192 70
8191 5
8190 47
8189 43
8188 36
8187 49
8186 95
8185 91
8184 99
8183 67
8182 58
8181 16
8180 26
8179 12
8178 38
8177 26
8176 12
8175 75
8174 0
8173 66
8172 17
8171 84
8170 59
8169 30
8168 100
8167 33
8166 65
8165 10
8164 8
8163 97
8162 45
8161 45
8160 9
8159 68
8158 78
8157 45
8156 34
8155 60
8154 58
8153 8
8152 56
8151 61
8150 43
8149 46
8148 23
8147 15
8146 25
8145 87
8144 0
8143 70
8142 80
8141 95
8140 23
8139 14
8138 5
8137 22
8136 77
8135 12
8134 100
8133 47
8132 67
8131 37
8130 60
8129 30
8128 30
8127 24
8126 22
8125 46
8124 46
8123 43
8122 92
8121 58
8120 74
8119 85
8118 89
8117 60
8116 32
8115 37
8114 66
8113 53
8112 90
8111 99
8110 93
8109 48
8108 35
8107 71
8106 33
8105 58
8104 74
8103 48
8102 30
8101 62
8100 35
8099 32
8098 97
8097 29
8096 1
8095 60
8094 99
8093 66
8092 92
8091 13
8090 16
8089 78
8088 85
8087 12
8086 96
8085 81
8084 50
8083 55
8082 38
8081 88
8080 15
8079 66
8078 7
8077 32
8076 6
8075 62
8074 88
8073 31
8072 89
8071 19
8070 67
8069 56
8068 18
8067 83
8066 27
8065 100
8064 53
8063 16
8062 7
8061 36
8060 25
8059 75
8058 36
8057 69
8056 52
8055 35
8054 98
8053 83
8052 3
8051 73
8050 20
8049 79
8048 68
8047 60
8046 41
8045 57
8044 85
8043 18
8042 72
8041 95
8040 29
8039 6
8038 45
8037 39
8036 1
8035 14
8034 86
8033 99
8032 72
8031 71
8030 84
8029 39
8028 53
8027 72
8026 49
8025 88
8024 54
8023 45
8022 71
8021 39
8020 7
8019 86
8018 34
8017 81
8016 46
8015 92
8014 96
8013 75
8012 59
8011 41
8010 70
8009 44
8008 97
8007 19
8006 74
8005 10
8004 62
8003 19
8002 73
8001 47
8000 95
7999 28
7998 24
7997 33
7996 10
7995 74
7994 89
7993 39
7992 26
7991 73
7990 69
7989 0
7988 18
7987 51
7986 24
7985 100
7984 68
7983 78
7982 95
7981 59
7980 41
7979 68
7978 12
7977 58
7976 22
7975 76
7974 10
7973 56
7972 49
7971 93
7970 92
7969 86
7968 53
7967 27
7966 51
7965 21
7964 77
7963 13
7962 28
7961 6
7960 54
7959 59
7958 80
7957 100
7956 43
7955 32
7954 24
7953 51
7952 31
7951 56
7950 21
7949 91
7948 65
7947 99
7946 73
7945 28
7944 78
7943 97
7942 1
7941 100
7940 67
7939 73
7938 54
7937 13
7936 23
7935 28
7934 92
7933 12
7932 47
7931 27
7930 19
7929 67
7928 59
7927 48
7926 67
7925 22
7924 51
7923 19
7922 24
7921 36
7920 62
7919 85
7918 22
7917 93
7916 49
7915 0
7914 86
7913 17
7912 99
7911 52
7910 11
7909 44
7908 29
7907 48
7906 89
7905 19
7904 20
7903 83
7902 98
7901 60
7900 53
7899 24
7898 29
7897 91
7896 72
7895 12
7894 0
7893 39
7892 11
7891 26
7890 25
7889 28
7888 42
7887 71
7886 44
7885 31
7884 70
7883 42
7882 92
7881 66
7880 35
7879 67
7878 99
7877 4
7876 88
7875 90
7874 55
7873 21
7872 71
7871 54
7870 5
7869 25
7868 27
7867 13
7866 5
7865 55
7864 94
7863 29
7862 14
7861 35
7860 56
7859 92
7858 28
7857 99
7856 60
7855 9
7854 8
7853 39
7852 18
7851 7
7850 59
7849 35
7848 97
7847 33
7846 29
7845 51
7844 17
7843 34
7842 88
7841 41
7840 57
7839 38
7838 5
7837 50
7836 24
7835 64
7834 46
7833 71
7832 18
7831 99
7830 35
7829 71
7828 8
7827 57
7826 10
7825 60
7824 8
7823 97
7822 78
7821 33
7820 50
7819 34
7818 86
7817 59
7816 25
7815 88
7814 79
7813 58
7812 59
7811 13
7810 80
7809 15
7808 79
7807 56
7806 89
7805 20
7804 88
7803 95
7802 26
7801 31
7800 1
7799 3
7798 92
7797 39
7796 78
7795 22
7794 2
7793 81
7792 8
7791 78
7790 35
7789 24
7788 20
7787 9
7786 97
7785 0
7784 46
7783 28
7782 12
7781 91
7780 42
7779 28
7778 71
7777 43
7776 84
7775 1
7774 99
7773 13
7772 97
7771 21
7770 99
7769 33
7768 25
7767 84
7766 82
7765 20
7764 32
7763 38
7762 53
7761 21
7760 3
7759 75
7758 19
7757 51
7756 19
7755 45
7754 58
7753 89
7752 96
7751 60
7750 38
7749 30
7748 0
7747 57
7746 100
7745 68
7744 11
7743 94
7742 29
7741 22
7740 71
7739 72
7738 83
7737 92
7736 15
7735 45
7734 26
7733 25
7732 92
7731 11
7730 61
7729 38
7728 90
7727 13
7726 100
7725 10
7724 93
7723 12
7722 90
7721 86
7720 65
7719 83
7718 46
7717 35
7716 10
7715 90
7714 26
7713 32
7712 47
7711 90
7710 27
7709 74
7708 47
7707 95
7706 63
7705 58
7704 17
7703 62
7702 10
7701 53
7700 25
7699 44
7698 94
7697 70
7696 48
7695 58
7694 79
7693 75
7692 21
7691 99
7690 25
7689 3
7688 61
7687 45
7686 94
7685 76
7684 100
7683 0
7682 29
7681 36
7680 49
7679 95
7678 8
7677 61
7676 10
7675 27
7674 40
7673 100
7672 91
7671 35
7670 43
7669 58
7668 29
7667 61
7666 78
7665 1
7664 9
7663 56
7662 8
7661 42
7660 90
7659 12
7658 4
7657 93
7656 39
7655 99
7654 67
7653 46
7652 32
7651 86
7650 63
7649 57
7648 25
7647 43
7646 43
7645 21
7644 47
7643 68
7642 27
7641 81
7640 60
7639 12
7638 18
7637 98
7636 86
7635 61
7634 33
7633 9
7632 53
7631 52
7630 54
7629 7
7628 49
7627 13
7626 13
7625 30
7624 96
7623 56
7622 57
7621 100
7620 64
7619 2
7618 58
7617 17
7616 46
7615 34
7614 91
7613 5
7612 69
7611 96
7610 30
7609 78
7608 90
7607 42
7606 5
7605 98
7604 98
7603 95
7602 23
7601 76
7600 77
7599 42
7598 11
7597 59
7596 38
7595 97
7594 24
7593 29
7592 95
7591 17
7590 49
7589 44
7588 58
7587 41
7586 20
7585 15
7584 70
7583 74
7582 33
7581 62
7580 92
7579 71
7578 6
7577 85
7576 49
7575 73
7574 92
7573 91
7572 34
7571 68
7570 81
7569 59
7568 70
7567 0
7566 7
7565 73
7564 22
7563 96
7562 11
7561 8
7560 55
7559 63
7558 91
7557 18
7556 51
7555 57
7554 38
7553 26
7552 82
7551 43
7550 65
7549 73
7548 71
7547 18
7546 79
7545 30
7544 93
7543 99
7542 48
7541 7
7540 25
7539 67
7538 34
7537 97
7536 10
7535 11
7534 17
7533 25
7532 32
7531 37
7530 13
7529 43
7528 36
7527 19
7526 40
7525 30
7524 79
7523 14
7522 78
7521 69
7520 65
7519 67
7518 9
7517 72
7516 38
7515 43
7514 50
7513 79
7512 72
7511 77
7510 79
7509 81
7508 33
7507 44
7506 32
7505 67
7504 46
7503 46
7502 31
7501 39
7500 87
7499 93
7498 53
7497 55
7496 88
7495 55
7494 61
7493 47
7492 46
7491 86
7490 69
7489 92
7488 64
7487 75
7486 90
7485 15
7484 33
7483 39
7482 54
7481 46
7480 62
7479 61
7478 33
7477 57
7476 67
7475 30
7474 60
7473 81
7472 29
7471 2
7470 6
7469 19
7468 12
7467 72
7466 14
7465 42
7464 100
7463 54
7462 61
7461 71
7460 92
7459 59
7458 75
7457 34
7456 43
7455 39
7454 98
7453 0
7452 12
7451 4
7450 1
7449 34
7448 18
7447 75
7446 94
7445 94
7444 43
7443 32
7442 74
7441 29
7440 66
7439 27
7438 2
7437 44
7436 47
7435 10
7434 48
7433 83
7432 6
7431 7
7430 47
7429 44
7428 34
7427 6
7426 5
7425 22
7424 97
7423 94
7422 49
7421 79
7420 44
7419 72
7418 84
7417 5
7416 43
7415 67
7414 66
7413 6
7412 28
7411 29
7410 16
7409 2
7408 84
7407 39
7406 32
7405 89
7404 74
7403 47
7402 91
7401 79
7400 37
7399 97
7398 92
7397 67
7396 44
7395 53
7394 36
7393 75
7392 68
7391 98
7390 74
7389 68
7388 42
7387 41
7386 92
7385 86
7384 56
7383 64
7382 12
7381 85
7380 89
7379 24
7378 35
7377 91
7376 52
7375 25
7374 33
7373 36
7372 46
7371 47
7370 84
7369 42
7368 47
7367 22
7366 10
7365 11
7364 96
7363 84
7362 20
7361 25
7360 37
7359 90
7358 80
7357 69
7356 4
7355 8
7354 50
7353 69
7352 42
7351 52
7350 41
7349 69
7348 22
7347 85
7346 87
7345 26
7344 24
7343 81
7342 83
7341 85
7340 63
7339 53
7338 39
7337 55
7336 60
7335 22
7334 56
7333 54
7332 81
7331 44
7330 14
7329 49
7328 33
7327 44
7326 1
7325 52
7324 6
7323 92
7322 56
7321 16
7320 60
7319 18
7318 60
7317 22
7316 65
7315 13
7314 44
7313 7
7312 23
7311 78
7310 6
7309 80
7308 12
7307 89
7306 42
7305 64
7304 61
7303 75
7302 19
7301 93
7300 99
7299 9
7298 64
7297 47
7296 40
7295 89
7294 79
7293 1
7292 66
7291 78
7290 20
7289 96
7288 5
7287 17
7286 35
7285 6
7284 80
7283 70
7282 54
7281 29
7280 17
7279 58
7278 63
7277 68
7276 99
7275 46
7274 25
7273 58
7272 1
7271 81
7270 20
7269 61
7268 10
7267 24
7266 94
7265 83
7264 94
7263 86
7262 56
7261 74
7260 13
7259 11
7258 100
7257 6
7256 32
7255 34
7254 89
7253 85
7252 90
7251 28
7250 2
7249 33
7248 80
7247 41
7246 14
7245 52
7244 96
7243 34
7242 84
7241 82
7240 55
7239 78
7238 33
7237 55
7236 74
7235 3
7234 76
7233 43
7232 72
7231 81
7230 79
7229 44
7228 50
7227 66
7226 99
7225 88
7224 23
7223 0
7222 0
7221 44
7220 86
7219 79
7218 21
7217 56
7216 32
7215 35
7214 79
7213 28
7212 25
7211 69
7210 70
7209 17
7208 79
7207 57
7206 67
7205 89
7204 66
7203 66
7202 17
7201 2
7200 48
7199 52
7198 41
7197 99
7196 79
7195 52
7194 34
7193 72
7192 22
7191 51
7190 14
7189 67
7188 20
7187 0
7186 17
7185 2
7184 76
7183 87
7182 40
7181 94
7180 59
7179 3
7178 12
7177 87
7176 66
7175 9
7174 16
7173 1
7172 26
7171 76
7170 31
7169 38
7168 35
7167 13
7166 6
7165 51
7164 2
7163 90
7162 1
7161 22
7160 86
7159 25
7158 50
7157 82
7156 39
7155 17
7154 94
7153 89
7152 35
7151 34
7150 0
7149 2
7148 80
7147 90
7146 99
7145 81
7144 3
7143 22
7142 40
7141 19
7140 55
7139 41
7138 72
7137 22
7136 87
7135 27
7134 65
7133 1
7132 15
7131 0
7130 0
7129 58
7128 94
7127 40
7126 46
7125 93
7124 30
7123 85
7122 66
7121 100
7120 25
7119 48
7118 49
7117 22
7116 66
7115 80
7114 72
7113 41
7112 53
7111 92
7110 67
7109 42
7108 60
7107 16
7106 2
7105 80
7104 30
7103 72
7102 76
7101 24
7100 33
7099 38
7098 95
7097 82
7096 39
7095 52
7094 25
7093 88
7092 11
7091 92
7090 11
7089 85
7088 34
7087 49
7086 24
7085 48
7084 97
7083 69
7082 22
7081 32
7080 31
7079 86
7078 33
7077 80
7076 67
7075 40
7074 3
7073 25
7072 56
7071 17
7070 41
7069 58
7068 88
7067 44
7066 78
7065 0
7064 23
7063 46
7062 72
7061 99
7060 39
7059 71
7058 5
7057 50
7056 56
7055 34
7054 18
7053 37
7052 57
7051 69
7050 3
7049 11
7048 88
7047 68
7046 48
7045 18
7044 36
7043 1
7042 49
7041 83
7040 35
7039 19
7038 31
7037 99
7036 51
7035 28
7034 53
7033 96
7032 90
7031 51
7030 38
7029 70
7028 51
7027 47
7026 89
7025 99
7024 14
7023 45
7022 63
7021 44
7020 23
7019 21
7018 0
7017 47
7016 52
7015 60
7014 58
7013 98
7012 80
7011 46
7010 16
7009 3
7008 93
7007 92
7006 44
7005 90
7004 96
7003 25
7002 97
7001 0
7000 60
6999 54
6998 2
6997 74
6996 1
6995 27
6994 58
6993 14
6992 29
6991 29
6990 77
6989 11
6988 84
6987 87
6986 91
6985 66
6984 30
6983 69
6982 3
6981 91
6980 53
6979 70
6978 34
6977 25
6976 13
6975 30
6974 50
6973 16
6972 87
6971 94
6970 76
6969 63
6968 80
6967 65
6966 86
6965 11
6964 59
6963 71
6962 94
6961 31
6960 6
6959 26
6958 17
6957 83
6956 73
6955 96
6954 63
6953 56
6952 20
6951 91
6950 76
6949 19
6948 81
6947 99
6946 34
6945 24
6944 37
6943 45
6942 99
6941 35
6940 7
6939 95
6938 67
6937 64
6936 34
6935 54
6934 13
6933 86
6932 63
6931 61
6930 2
6929 99
6928 15
6927 47
6926 58
6925 16
6924 73
6923 42
6922 26
6921 25
6920 69
6919 3
6918 68
6917 50
6916 18
6915 12
6914 34
6913 83
6912 79
6911 47
6910 11
6909 65
6908 80
6907 24
6906 71
6905 41
6904 39
6903 68
6902 75
6901 62
6900 14
6899 20
6898 100
6897 9
6896 39
6895 26
6894 79
6893 16
6892 64
6891 17
6890 33
6889 57
6888 73
6887 80
6886 54
6885 82
6884 20
6883 88
6882 25
6881 16
6880 47
6879 44
6878 48
6877 19
6876 91
6875 11
6874 32
6873 1
6872 67
6871 21
6870 100
6869 2
6868 24
6867 73
6866 6
6865 90
6864 60
6863 54
6862 46
6861 30
6860 41
6859 4
6858 10
6857 78
6856 44
6855 10
6854 70
6853 52
6852 77
6851 27
6850 100
6849 44
6848 86
6847 93
6846 44
6845 34
6844 81
6843 41
6842 82
6841 12
6840 46
6839 73
6838 22
6837 87
6836 61
6835 72
6834 22
6833 48
6832 15
6831 12
6830 29
6829 33
6828 82
6827 24
6826 63
6825 93
6824 99
6823 61
6822 80
6821 41
6820 54
6819 67
6818 40
6817 22
6816 36
6815 48
6814 95
6813 35
6812 67
6811 47
6810 53
6809 13
6808 68
6807 64
6806 68
6805 40
6804 85
6803 75
6802 42
6801 19
6800 78
6799 44
6798 21
6797 42
6796 8
6795 35
6794 75
6793 9
6792 9
6791 97
6790 87
6789 13
6788 3
6787 34
6786 16
6785 55
6784 76
6783 16
6782 10
6781 1
6780 60
6779 89
6778 20
6777 1
6776 96
6775 15
6774 93
6773 45
6772 55
6771 29
6770 50
6769 76
6768 22
6767 70
6766 56
6765 22
6764 38
6763 56
6762 70
6761 12
6760 71
6759 6
6758 61
6757 70
6756 44
6755 95
6754 16
6753 0
6752 30
6751 69
6750 53
6749 65
6748 24
6747 38
6746 46
6745 39
6744 86
6743 89
6742 12
6741 34
6740 56
6739 58
6738 61
6737 53
6736 36
6735 37
6734 90
6733 83
6732 32
6731 41
6730 21
6729 38
6728 37
6727 5
6726 70
6725 30
6724 46
6723 41
6722 83
6721 87
6720 90
6719 87
6718 42
6717 78
6716 92
6715 49
6714 49
6713 79
6712 39
6711 39
6710 53
6709 23
6708 62
6707 97
6706 67
6705 88
6704 25
6703 19
6702 95
6701 35
6700 87
6699 6
6698 94
6697 31
6696 12
6695 54
6694 100
6693 64
6692 86
6691 69
6690 43
6689 57
6688 20
6687 5
6686 38
6685 81
6684 87
6683 34
6682 48
6681 94
6680 98
6679 27
6678 87
6677 0
6676 51
6675 93
6674 98
6673 100
6672 95
6671 72
6670 2
6669 76
6668 35
6667 54
6666 31
6665 31
6664 92
6663 73
6662 82
6661 19
6660 1
6659 72
6658 56
6657 62
6656 60
6655 19
6654 71
6653 4
6652 7
6651 92
6650 60
6649 35
6648 10
6647 94
6646 92
6645 23
6644 60
6643 99
6642 27
6641 17
6640 56
6639 47
6638 100
6637 29
6636 91
6635 64
6634 47
6633 46
6632 5
6631 27
6630 4
6629 23
6628 24
6627 47
6626 46
6625 38
6624 79
6623 26
6622 71
6621 43
6620 12
6619 41
6618 73
6617 31
6616 6
6615 58
6614 98
6613 94
6612 56
6611 16
6610 23
6609 83
6608 44
6607 26
6606 42
6605 84
6604 57
6603 34
6602 60
6601 17
6600 58
6599 47
6598 99
6597 26
6596 8
6595 58
6594 83
6593 9
6592 71
6591 24
6590 50
6589 18
6588 38
6587 74
6586 75
6585 38
6584 41
6583 13
6582 90
6581 53
6580 51
6579 71
6578 70
6577 3
6576 60
6575 47
6574 76
6573 82
6572 26
6571 44
6570 23
6569 42
6568 67
6567 50
6566 44
6565 45
6564 32
6563 69
6562 61
6561 75
6560 25
6559 50
6558 81
6557 59
6556 14
6555 15
6554 92
6553 3
6552 77
6551 80
6550 26
6549 50
6548 96
6547 45
6546 72
6545 6
6544 27
6543 20
6542 60
6541 46
6540 33
6539 1
6538 54
6537 53
6536 96
6535 95
6534 7
6533 15
6532 38
6531 44
6530 85
6529 76
6528 40
6527 10
6526 64
6525 100
6524 47
6523 0
6522 7
6521 50
6520 43
6519 53
6518 54
6517 28
6516 14
6515 99
6514 4
6513 17
6512 67
6511 96
6510 23
6509 52
6508 3
6507 51
6506 98
6505 57
6504 18
6503 48
6502 50
6501 49
6500 42
6499 20
6498 44
6497 93
6496 51
6495 80
6494 27
6493 60
6492 3
6491 91
6490 37
6489 2
6488 93
6487 80
6486 3
6485 25
6484 26
6483 16
6482 40
6481 73
6480 25
6479 92
6478 12
6477 39
6476 59
6475 58
6474 71
6473 90
6472 83
6471 0
6470 53
6469 92
6468 76
6467 64
6466 79
6465 87
6464 93
6463 90
6462 72
6461 81
6460 54
6459 78
6458 78
6457 35
6456 5
6455 91
6454 78
6453 46
6452 2
6451 85
6450 77
6449 46
6448 21
6447 12
6446 87
6445 5
6444 47
6443 26
6442 81
6441 75
6440 72
6439 78
6438 15
6437 60
6436 39
6435 45
6434 94
6433 2
6432 46
6431 63
6430 90
6429 74
6428 29
6427 22
6426 40
6425 67
6424 29
6423 31
6422 20
6421 95
6420 13
6419 17
6418 96
6417 26
6416 36
6415 15
6414 41
6413 32
6412 58
6411 26
6410 74
6409 90
6408 22
6407 58
6406 13
6405 76
6404 89
6403 97
6402 86
6401 48
6400 91
6399 62
6398 65
6397 87
6396 21
6395 88
6394 63
6393 32
6392 89
6391 81
6390 19
6389 73
6388 40
6387 80
6386 74
6385 29
6384 35
6383 48
6382 24
6381 67
6380 4
6379 22
6378 6
6377 72
6376 17
6375 50
6374 49
6373 80
6372 85
6371 23
6370 40
6369 1
6368 3
6367 48
6366 37
6365 26
6364 75
6363 97
6362 45
6361 81
6360 69
6359 74
6358 82
6357 70
6356 79
6355 72
6354 65
6353 63
6352 100
6351 57
6350 31
6349 98
6348 93
6347 100
6346 37
6345 3
6344 67
6343 53
6342 73
6341 42
6340 28
6339 56
6338 91
6337 63
6336 94
6335 66
6334 22
6333 23
6332 24
6331 94
6330 92
6329 9
6328 43
6327 36
6326 79
6325 95
6324 10
6323 29
6322 66
6321 98
6320 39
6319 68
6318 64
6317 23
6316 42
6315 6
6314 75
6313 60
6312 95
6311 37
6310 58
6309 86
6308 50
6307 63
6306 22
6305 42
6304 58
6303 94
6302 98
6301 24
6300 77
6299 28
6298 32
6297 26
6296 26
6295 94
6294 31
6293 83
6292 27
6291 59
6290 87
6289 55
6288 100
6287 46
6286 48
6285 48
6284 80
6283 24
6282 58
6281 44
6280 78
6279 74
6278 46
6277 78
6276 49
6275 3
6274 37
6273 40
6272 69
6271 88
6270 96
6269 62
6268 21
6267 2
6266 8
6265 16
6264 53
6263 99
6262 97
6261 96
6260 63
6259 19
6258 38
6257 64
6256 14
6255 18
6254 63
6253 29
6252 3
6251 82
6250 79
6249 83
6248 28
6247 49
6246 83
6245 90
6244 91
6243 72
6242 91
6241 80
6240 81
6239 35
6238 17
6237 42
6236 40
6235 83
6234 16
6233 67
6232 7
6231 57
6230 63
6229 87
6228 6
6227 79
6226 87
6225 75
6224 76
6223 14
6222 64
6221 97
6220 59
6219 32
6218 41
6217 42
6216 65
6215 73
6214 59
6213 70
6212 89
6211 16
6210 5
6209 98
6208 71
6207 56
6206 40
6205 54
6204 48
6203 75
6202 25
6201 62
6200 7
6199 6
6198 45
6197 91
6196 89
6195 9
6194 6
6193 71
6192 95
6191 96
6190 11
6189 56
6188 89
6187 75
6186 67
6185 74
6184 51
6183 92
6182 0
6181 83
6180 38
6179 86
6178 3
6177 3
6176 99
6175 85
6174 77
6173 91
6172 7
6171 92
6170 51
6169 80
6168 19
6167 69
6166 22
6165 54
6164 91
6163 57
6162 80
6161 72
6160 35
6159 50
6158 91
6157 17
6156 51
6155 12
6154 0
6153 40
6152 28
6151 98
6150 67
6149 86
6148 6
6147 81
6146 59
6145 88
6144 1
6143 70
6142 78
6141 94
6140 62
6139 48
6138 65
6137 47
6136 85
6135 14
6134 77
6133 48
6132 47
6131 92
6130 72
6129 0
6128 50
6127 63
6126 8
6125 19
6124 26
6123 42
6122 94
6121 7
6120 85
6119 87
6118 74
6117 80
6116 47
6115 65
6114 76
6113 18
6112 4
6111 15
6110 66
6109 80
6108 53
6107 26
6106 77
6105 96
6104 45
6103 63
6102 38
6101 30
6100 85
6099 60
6098 93
6097 9
6096 50
6095 20
6094 52
6093 81
6092 12
6091 88
6090 24
6089 27
6088 16
6087 1
6086 13
6085 100
6084 85
6083 51
6082 5
6081 86
6080 2
6079 10
6078 92
6077 49
6076 87
6075 95
6074 62
6073 90
6072 48
6071 42
6070 100
6069 45
6068 49
6067 79
6066 54
6065 6
6064 3
6063 65
6062 83
6061 76
6060 45
6059 69
6058 59
6057 37
6056 87
6055 22
6054 36
6053 78
6052 10
6051 75
6050 63
6049 72
6048 92
6047 35
6046 87
6045 12
6044 43
6043 29
6042 45
6041 10
6040 12
6039 40
6038 40
6037 48
6036 60
6035 45
6034 53
6033 31
6032 17
6031 76
6030 63
6029 32
6028 79
6027 6
6026 22
6025 53
6024 84
6023 54
6022 97
6021 34
6020 77
6019 89
6018 54
6017 33
6016 37
6015 15
6014 0
6013 8
6012 80
6011 22
6010 92
6009 79
6008 50
6007 48
6006 44
6005 38
6004 72
6003 77
6002 21
6001 75
6000 1
5999 34
5998 16
5997 62
5996 20
5995 98
5994 6
5993 60
5992 78
5991 51
5990 62
5989 22
5988 25
5987 93
5986 24
5985 14
5984 54
5983 27
5982 40
5981 28
5980 8
5979 68
5978 18
5977 5
5976 7
5975 38
5974 3
5973 67
5972 10
5971 34
5970 27
5969 11
5968 81
5967 87
5966 92
5965 15
5964 63
5963 32
5962 82
5961 47
5960 33
5959 42
5958 17
5957 32
5956 94
5955 1
5954 98
5953 69
5952 64
5951 47
5950 27
5949 98
5948 91
5947 23
5946 85
5945 81
5944 100
5943 92
5942 50
5941 69
5940 95
5939 19
5938 13
5937 38
5936 6
5935 87
5934 88
5933 53
5932 63
5931 76
5930 88
5929 11
5928 34
5927 57
5926 99
5925 12
5924 83
5923 5
5922 58
5921 40
5920 99
5919 13
5918 84
5917 76
5916 17
5915 54
5914 67
5913 51
5912 62
5911 61
5910 23
5909 65
5908 65
5907 8
5906 57
5905 68
5904 32
5903 2
5902 18
5901 95
5900 57
5899 91
5898 27
5897 43
5896 89
5895 91
5894 57
5893 11
5892 71
5891 5
5890 58
5889 60
5888 2
5887 79
5886 71
5885 73
5884 7
5883 88
5882 77
5881 43
5880 27
5879 90
5878 19
5877 85
5876 60
5875 99
5874 91
5873 86
5872 26
5871 8
5870 73
5869 73
5868 55
5867 65
5866 72
5865 10
5864 8
5863 3
5862 19
5861 47
5860 89
5859 39
5858 80
5857 3
5856 60
5855 32
5854 33
5853 46
5852 10
5851 15
5850 64
5849 36
5848 24
5847 26
5846 3
5845 97
5844 1
5843 63
5842 87
5841 35
5840 86
5839 69
5838 14
5837 67
5836 9
5835 39
5834 26
5833 58
5832 87
5831 17
5830 12
5829 94
5828 3
5827 47
5826 43
5825 21
5824 19
5823 45
5822 51
5821 20
5820 39
5819 37
5818 71
5817 85
5816 31
5815 66
5814 25
5813 91
5812 28
5811 78
5810 69
5809 96
5808 52
5807 39
5806 42
5805 9
5804 51
5803 42
5802 23
5801 36
5800 32
5799 21
5798 76
5797 56
5796 6
5795 35
5794 73
5793 72
5792 70
5791 91
5790 34
5789 91
5788 44
5787 57
5786 94
5785 56
5784 88
5783 82
5782 15
5781 4
5780 7
5779 91
5778 11
5777 57
5776 97
5775 68
5774 86
5773 1
5772 75
5771 96
5770 35
5769 55
5768 3
5767 4
5766 86
5765 71
5764 100
5763 75
5762 45
5761 57
5760 17
5759 51
5758 94
5757 39
5756 40
5755 51
5754 1
5753 81
5752 24
5751 88
5750 74
5749 61
5748 54
5747 70
5746 47
5745 92
5744 1
5743 73
5742 7
5741 41
5740 62
5739 56
5738 38
5737 24
5736 82
5735 69
5734 95
5733 22
5732 24
5731 28
5730 57
5729 28
5728 84
5727 65
5726 52
5725 75
5724 80
5723 88
5722 28
5721 60
5720 51
5719 64
5718 41
5717 59
5716 72
5715 85
5714 52
5713 78
5712 18
5711 23
5710 32
5709 27
5708 79
5707 28
5706 83
5705 49
5704 26
5703 97
5702 8
5701 88
5700 25
5699 83
5698 15
5697 96
5696 35
5695 33
5694 33
5693 85
5692 44
5691 89
5690 19
5689 7
5688 0
5687 100
5686 64
5685 36
5684 91
5683 6
5682 37
5681 31
5680 83
5679 93
5678 7
5677 32
5676 11
5675 15
5674 98
5673 25
5672 41
5671 35
5670 52
5669 97
5668 47
5667 45
5666 79
5665 3
5664 34
5663 27
5662 57
5661 78
5660 50
5659 37
5658 23
5657 23
5656 61
5655 4
5654 9
5653 52
5652 68
5651 37
5650 94
5649 18
5648 43
5647 21
5646 42
5645 27
5644 48
5643 2
5642 5
5641 49
5640 96
5639 64
5638 44
5637 52
5636 78
5635 70
5634 12
5633 17
5632 86
5631 21
5630 10
5629 69
5628 7
5627 99
5626 0
5625 5
5624 63
5623 77
5622 38
5621 15
5620 83
5619 62
5618 38
5617 75
5616 79
5615 52
5614 36
5613 45
5612 34
5611 22
5610 50
5609 55
5608 15
5607 23
5606 55
5605 3
5604 84
5603 61
5602 39
5601 0
5600 42
5599 100
5598 98
5597 58
5596 56
5595 88
5594 9
5593 47
5592 90
5591 2
5590 60
5589 55
5588 95
5587 27
5586 9
5585 80
5584 65
5583 66
5582 42
5581 49
5580 28
5579 12
5578 12
5577 77
5576 65
5575 48
5574 98
5573 74
5572 53
5571 93
5570 63
5569 75
5568 40
5567 16
5566 93
5565 20
5564 54
5563 85
5562 16
5561 12
5560 75
5559 40
5558 86
5557 10
5556 58
5555 40
5554 40
5553 91
5552 61
5551 31
5550 74
5549 53
5548 46
5547 16
5546 25
5545 66
5544 2
5543 99
5542 56
5541 77
5540 84
5539 49
5538 62
5537 6
5536 86
5535 98
5534 37
5533 46
5532 86
5531 50
5530 5
5529 72
5528 61
5527 9
5526 59
5525 29
5524 7
5523 0
5522 8
5521 77
5520 9
5519 18
5518 64
5517 40
5516 61
5515 51
5514 70
5513 32
5512 22
5511 70
5510 67
5509 24
5508 61
5507 77
5506 85
5505 70
5504 47
5503 32
5502 17
5501 38
5500 9
5499 5
5498 91
5497 38
5496 70
5495 64
5494 48
5493 16
5492 32
5491 49
5490 61
5489 43
5488 30
5487 31
5486 73
5485 69
5484 31
5483 91
5482 31
5481 13
5480 67
5479 22
5478 32
5477 14
5476 48
5475 56
5474 6
5473 3
5472 27
5471 1
5470 8
5469 86
5468 63
5467 76
5466 89
5465 100
5464 8
5463 63
5462 85
5461 97
5460 44
5459 11
5458 85
5457 19
5456 86
5455 64
5454 14
5453 43
5452 17
5451 29
5450 13
5449 25
5448 68
5447 65
5446 100
5445 20
5444 44
5443 21
5442 4
5441 51
5440 38
5439 63
5438 36
5437 32
5436 21
5435 22
5434 91
5433 52
5432 85
5431 3
5430 3
5429 50
5428 17
5427 35
5426 93
5425 43
5424 46
5423 45
5422 67
5421 36
5420 91
5419 13
5418 8
5417 49
5416 22
5415 19
5414 4
5413 90
5412 11
5411 99
5410 20
5409 91
5408 100
5407 81
5406 36
5405 13
5404 19
5403 80
5402 99
5401 62
5400 23
5399 11
5398 90
5397 39
5396 73
5395 49
5394 78
5393 66
5392 91
5391 41
5390 31
5389 83
5388 30
5387 51
5386 22
5385 94
5384 87
5383 41
5382 69
5381 5
5380 12
5379 27
5378 66
5377 46
5376 62
5375 3
5374 4
5373 27
5372 83
5371 45
5370 64
5369 5
5368 24
5367 23
5366 90
5365 38
5364 13
5363 79
5362 21
5361 59
5360 44
5359 10
5358 42
5357 15
5356 15
5355 4
5354 55
5353 65
5352 87
5351 23
5350 36
5349 64
5348 2
5347 92
5346 31
5345 20
5344 20
5343 18
5342 73
5341 13
5340 52
5339 76
5338 54
5337 84
5336 59
5335 34
5334 70
5333 84
5332 99
5331 28
5330 36
5329 50
5328 12
5327 23
5326 98
5325 46
5324 7
5323 89
5322 78
5321 79
5320 39
5319 58
5318 37
5317 83
5316 11
5315 83
5314 92
5313 12
5312 68
5311 32
5310 7
5309 88
5308 4
5307 68
5306 13
5305 100
5304 8
5303 1
5302 72
5301 36
5300 98
5299 42
5298 97
5297 13
5296 55
5295 89
5294 64
5293 22
5292 85
5291 99
5290 25
5289 5
5288 55
5287 0
5286 76
5285 50
5284 80
5283 94
5282 22
5281 66
5280 56
5279 85
5278 37
5277 51
5276 15
5275 10
5274 70
5273 5
5272 98
5271 83
5270 45
5269 85
5268 29
5267 4
5266 68
5265 90
5264 24
5263 60
5262 12
5261 20
5260 80
5259 80
5258 52
5257 34
5256 55
5255 40
5254 23
5253 44
5252 8
5251 44
5250 10
5249 13
5248 65
5247 54
5246 3
5245 1
5244 46
5243 27
5242 86
5241 2
5240 16
5239 83
5238 79
5237 5
5236 35
5235 82
5234 61
5233 8
5232 72
5231 3
5230 93
5229 60
5228 90
5227 72
5226 3
5225 30
5224 33
5223 42
5222 31
5221 64
5220 3
5219 14
5218 3
5217 70
5216 53
5215 40
5214 4
5213 9
5212 100
5211 86
5210 97
5209 28
5208 67
5207 86
5206 42
5205 26
5204 3
5203 9
5202 83
5201 62
5200 96
5199 13
5198 63
5197 49
5196 33
5195 11
5194 54
5193 14
5192 39
5191 76
5190 82
5189 22
5188 4
5187 2
5186 35
5185 20
5184 84
5183 28
5182 97
5181 27
5180 9
5179 26
5178 59
5177 52
5176 24
5175 96
5174 60
5173 78
5172 79
5171 82
5170 73
5169 12
5168 13
5167 36
5166 34
5165 79
5164 10
5163 58
5162 58
5161 37
5160 96
5159 68
5158 64
5157 83
5156 28
5155 18
5154 72
5153 75
5152 24
5151 34
5150 56
5149 69
5148 99
5147 71
5146 85
5145 56
5144 63
5143 9
5142 96
5141 85
5140 0
5139 52
5138 56
5137 91
5136 77
5135 86
5134 5
5133 25
5132 73
5131 34
5130 67
5129 67
5128 79
5127 2
5126 80
5125 68
5124 8
5123 14
5122 8
5121 5
5120 53
5119 29
5118 65
5117 24
5116 92
5115 6
5114 86
5113 97
5112 96
5111 51
5110 35
5109 81
5108 71
5107 79
5106 20
5105 97
5104 15
5103 85
5102 70
5101 94
5100 30
5099 26
5098 94
5097 82
5096 99
5095 42
5094 13
5093 41
5092 83
5091 10
5090 96
5089 72
5088 22
5087 19
5086 90
5085 3
5084 79
5083 48
5082 6
5081 21
5080 14
5079 37
5078 12
5077 54
5076 86
5075 38
5074 96
5073 49
5072 57
5071 29
5070 86
5069 69
5068 5
5067 1
5066 9
5065 39
5064 4
5063 31
5062 67
5061 87
5060 67
5059 55
5058 32
5057 63
5056 13
5055 94
5054 17
5053 84
5052 22
5051 86
5050 30
5049 87
5048 35
5047 55
5046 1
5045 25
5044 89
5043 84
5042 56
5041 40
5040 73
5039 38
5038 20
5037 53
5036 93
5035 81
5034 92
5033 14
5032 27
5031 90
5030 80
5029 71
5028 88
5027 20
5026 65
5025 27
5024 83
5023 100
5022 20
5021 99
5020 92
5019 37
5018 72
5017 11
5016 18
5015 86
5014 20
5013 54
5012 37
5011 49
5010 18
5009 17
5008 65
5007 98
5006 47
5005 94
5004 87
5003 98
5002 93
5001 83
5000 45
4999 18
4998 67
4997 99
4996 56
4995 28
4994 23
4993 87
4992 72
4991 92
4990 72
4989 77
4988 33
4987 54
4986 23
4985 24
4984 28
4983 9
4982 65
4981 76
4980 98
4979 54
4978 32
4977 51
4976 16
4975 87
4974 98
4973 43
4972 28
4971 82
4970 41
4969 12
4968 23
4967 62
4966 58
4965 87
4964 14
4963 12
4962 20
4961 10
4960 43
4959 65
4958 0
4957 70
4956 29
4955 93
4954 0
4953 79
4952 95
4951 71
4950 87
4949 3
4948 10
4947 19
4946 32
4945 42
4944 80
4943 6
4942 90
4941 6
4940 84
4939 57
4938 93
4937 85
4936 71
4935 61
4934 97
4933 94
4932 53
4931 6
4930 30
4929 33
4928 7
4927 98
4926 90
4925 98
4924 80
4923 21
4922 55
4921 38
4920 49
4919 82
4918 35
4917 22
4916 12
4915 63
4914 86
4913 50
4912 68
4911 82
4910 48
4909 80
4908 69
4907 67
4906 3
4905 7
4904 11
4903 71
4902 39
4901 70
4900 53
4899 13
4898 22
4897 66
4896 5
4895 18
4894 79
4893 2
4892 87
4891 79
4890 86
4889 15
4888 100
4887 69
4886 15
4885 86
4884 17
4883 62
4882 65
4881 15
4880 9
4879 31
4878 66
4877 91
4876 44
4875 14
4874 64
4873 49
4872 67
4871 28
4870 42
4869 36
4868 17
4867 22
4866 10
4865 21
4864 67
4863 42
4862 13
4861 35
4860 65
4859 34
4858 44
4857 55
4856 80
4855 95
4854 70
4853 70
4852 99
4851 95
4850 85
4849 82
4848 5
4847 23
4846 90
4845 19
4844 54
4843 26
4842 20
4841 30
4840 51
4839 38
4838 28
4837 41
4836 56
4835 42
4834 97
4833 100
4832 72
4831 98
4830 1
4829 45
4828 29
4827 45
4826 49
4825 44
4824 66
4823 100
4822 45
4821 65
4820 30
4819 92
4818 27
4817 8
4816 58
4815 19
4814 23
4813 88
4812 41
4811 6
4810 59
4809 44
4808 91
4807 75
4806 93
4805 78
4804 84
4803 90
4802 22
4801 84
4800 26
4799 96
4798 12
4797 30
4796 72
4795 73
4794 14
4793 22
4792 36
4791 2
4790 19
4789 88
4788 90
4787 25
4786 36
4785 79
4784 32
4783 78
4782 38
4781 71
4780 96
4779 68
4778 30
4777 22
4776 41
4775 44
4774 98
4773 58
4772 19
4771 21
4770 50
4769 96
4768 18
4767 50
4766 16
4765 67
4764 12
4763 94
4762 61
4761 84
4760 34
4759 37
4758 4
4757 2
4756 88
4755 7
4754 29
4753 36
4752 18
4751 4
4750 50
4749 34
4748 54
4747 0
4746 55
4745 40
4744 99
4743 82
4742 70
4741 6
4740 18
4739 17
4738 55
4737 4
4736 71
4735 44
4734 1
4733 93
4732 73
4731 46
4730 81
4729 26
4728 38
4727 0
4726 24
4725 90
4724 66
4723 0
4722 13
4721 19
4720 92
4719 10
4718 28
4717 28
4716 99
4715 42
4714 61
4713 97
4712 86
4711 61
4710 88
4709 40
4708 14
4707 52
4706 40
4705 53
4704 55
4703 40
4702 64
4701 5
4700 61
4699 31
4698 73
4697 85
4696 38
4695 81
4694 20
4693 29
4692 46
4691 96
4690 21
4689 14
4688 87
4687 3
4686 37
4685 53
4684 70
4683 52
4682 65
4681 68
4680 86
4679 22
4678 73
4677 75
4676 97
4675 9
4674 38
4673 99
4672 32
4671 17
4670 9
4669 81
4668 47
4667 47
4666 5
4665 71
4664 82
4663 89
4662 7
4661 29
4660 89
4659 5
4658 47
4657 47
4656 55
4655 54
4654 20
4653 61
4652 47
4651 60
4650 93
4649 65
4648 89
4647 20
4646 38
4645 16
4644 83
4643 83
4642 32
4641 52
4640 46
4639 39
4638 95
4637 39
4636 74
4635 53
4634 51
4633 9
4632 93
4631 11
4630 57
4629 37
4628 31
4627 62
4626 100
4625 64
4624 76
4623 9
4622 68
4621 78
4620 10
4619 13
4618 6
4617 73
4616 93
4615 57
4614 30
4613 8
4612 45
4611 28
4610 56
4609 94
4608 57
4607 16
4606 10
4605 34
4604 1
4603 94
4602 75
4601 75
4600 99
4599 61
4598 56
4597 28
4596 68
4595 23
4594 67
4593 43
4592 15
4591 27
4590 5
4589 95
4588 6
4587 68
4586 6
4585 86
4584 70
4583 65
4582 78
4581 66
4580 86
4579 96
4578 26
4577 44
4576 20
4575 45
4574 10
4573 53
4572 17
4571 17
4570 69
4569 57
4568 25
4567 13
4566 75
4565 40
4564 46
4563 87
4562 57
4561 25
4560 44
4559 43
4558 33
4557 99
4556 18
4555 9
4554 33
4553 27
4552 67
4551 79
4550 94
4549 72
4548 3
4547 49
4546 8
4545 58
4544 99
4543 94
4542 11
4541 70
4540 79
4539 98
4538 34
4537 32
4536 71
4535 51
4534 62
4533 60
4532 41
4531 83
4530 47
4529 26
4528 99
4527 13
4526 70
4525 56
4524 55
4523 17
4522 91
4521 71
4520 34
4519 57
4518 74
4517 82
4516 12
4515 94
4514 26
4513 65
4512 4
4511 32
4510 0
4509 21
4508 52
4507 7
4506 48
4505 56
4504 11
4503 49
4502 22
4501 49
4500 70
4499 2
4498 78
4497 47
4496 27
4495 96
4494 5
4493 28
4492 34
4491 63
4490 55
4489 2
4488 50
4487 22
4486 1
4485 33
4484 14
4483 35
4482 66
4481 39
4480 27
4479 91
4478 27
4477 60
4476 56
4475 95
4474 78
4473 33
4472 81
4471 42
4470 23
4469 23
4468 90
4467 6
4466 29
4465 46
4464 100
4463 3
4462 40
4461 37
4460 79
4459 16
4458 77
4457 21
4456 79
4455 54
4454 100
4453 62
4452 20
4451 4
4450 52
4449 10
4448 58
4447 81
4446 61
4445 96
4444 71
4443 55
4442 72
4441 42
4440 63
4439 96
4438 45
4437 77
4436 45
4435 4
4434 38
4433 9
4432 83
4431 98
4430 37
4429 68
4428 62
4427 50
4426 46
4425 22
4424 56
4423 0
4422 96
4421 84
4420 1
4419 46
4418 25
4417 2
4416 75
4415 77
4414 95
4413 86
4412 38
4411 60
4410 8
4409 1
4408 8
4407 61
4406 66
4405 47
4404 43
4403 11
4402 18
4401 1
4400 50
4399 21
4398 32
4397 85
4396 46
4395 54
4394 31
4393 9
4392 78
4391 37
4390 35
4389 58
4388 87
4387 15
4386 60
4385 94
4384 51
4383 75
4382 54
4381 41
4380 43
4379 57
4378 46
4377 96
4376 75
4375 34
4374 87
4373 4
4372 33
4371 44
4370 78
4369 68
4368 35
4367 5
4366 49
4365 57
4364 3
4363 15
4362 58
4361 91
4360 9
4359 23
4358 66
4357 12
4356 11
4355 95
4354 77
4353 88
4352 96
4351 33
4350 25
4349 28
4348 41
4347 56
4346 39
4345 67
4344 57
4343 1
4342 59
4341 44
4340 3
4339 30
4338 55
4337 75
4336 37
4335 13
4334 17
4333 20
4332 49
4331 6
4330 34
4329 73
4328 70
4327 95
4326 87
4325 82
4324 98
4323 95
4322 100
4321 13
4320 13
4319 56
4318 8
4317 100
4316 7
4315 50
4314 54
4313 8
4312 65
4311 10
4310 55
4309 32
4308 15
4307 17
4306 59
4305 28
4304 78
4303 25
4302 81
4301 24
4300 70
4299 39
4298 72
4297 69
4296 71
4295 54
4294 84
4293 9
4292 75
4291 68
4290 39
4289 67
4288 28
4287 36
4286 66
4285 35
4284 64
4283 64
4282 37
4281 21
4280 7
4279 41
4278 62
4277 30
4276 99
4275 34
4274 93
4273 39
4272 48
4271 30
4270 87
4269 45
4268 38
4267 66
4266 25
4265 44
4264 29
4263 71
4262 71
4261 1
4260 93
4259 77
4258 23
4257 22
4256 36
4255 99
4254 58
4253 11
4252 60
4251 1
4250 39
4249 69
4248 72
4247 67
4246 72
4245 62
4244 98
4243 49
4242 49
4241 37
4240 63
4239 53
4238 29
4237 51
4236 96
4235 4
4234 26
4233 39
4232 30
4231 9
4230 60
4229 30
4228 27
4227 8
4226 17
4225 12
4224 8
4223 68
4222 9
4221 38
4220 28
4219 47
4218 8
4217 70
4216 61
4215 9
4214 16
4213 35
4212 98
4211 43
4210 24
4209 50
4208 45
4207 96
4206 69
4205 38
4204 43
4203 42
4202 2
4201 57
4200 69
4199 68
4198 52
4197 70
4196 62
4195 72
4194 92
4193 42
4192 33
4191 13
4190 98
4189 33
4188 33
4187 6
4186 11
4185 45
4184 10
4183 21
4182 58
4181 67
4180 96
4179 26
4178 32
4177 75
4176 18
4175 75
4174 46
4173 6
4172 75
4171 11
4170 26
4169 5
4168 79
4167 2
4166 1
4165 10
4164 61
4163 48
4162 17
4161 10
4160 41
4159 43
4158 67
4157 27
4156 97
4155 2
4154 57
4153 44
4152 6
4151 24
4150 74
4149 33
4148 12
4147 90
4146 8
4145 54
4144 60
4143 39
4142 37
4141 19
4140 52
4139 35
4138 46
4137 33
4136 96
4135 76
4134 37
4133 34
4132 71
4131 91
4130 99
4129 94
4128 60
4127 78
4126 36
4125 6
4124 35
4123 2
4122 11
4121 89
4120 84
4119 53
4118 93
4117 20
4116 55
4115 34
4114 8
4113 30
4112 93
4111 58
4110 98
4109 96
4108 19
4107 0
4106 15
4105 47
4104 16
4103 57
4102 49
4101 78
4100 25
4099 70
4098 84
4097 44
4096 34
4095 72
4094 97
4093 19
4092 27
4091 72
4090 58
4089 64
4088 48
4087 43
4086 80
4085 70
4084 56
4083 13
4082 76
4081 8
4080 15
4079 82
4078 52
4077 93
4076 23
4075 19
4074 36
4073 0
4072 59
4071 96
4070 0
4069 47
4068 18
4067 42
4066 94
4065 12
4064 24
4063 17
4062 3
4061 21
4060 10
4059 69
4058 100
4057 63
4056 92
4055 26
4054 18
4053 87
4052 23
4051 75
4050 87
4049 39
4048 22
4047 74
4046 76
4045 10
4044 80
4043 45
4042 70
4041 92
4040 81
4039 98
4038 81
4037 58
4036 59
4035 63
4034 72
4033 52
4032 20
4031 33
4030 92
4029 52
4028 48
4027 44
4026 25
4025 69
4024 57
4023 11
4022 43
4021 47
4020 1
4019 15
4018 8
4017 71
4016 40
4015 51
4014 15
4013 59
4012 10
4011 71
4010 60
4009 64
4008 98
4007 44
4006 32
4005 96
4004 8
4003 49
4002 23
4001 8
4000 24
3999 56
3998 52
3997 77
3996 61
3995 99
3994 37
3993 69
3992 63
3991 98
3990 91
3989 32
3988 15
3987 13
3986 35
3985 83
3984 87
3983 64
3982 40
3981 24
3980 20
3979 89
3978 21
3977 55
3976 32
3975 58
3974 4
3973 65
3972 12
3971 33
3970 30
3969 70
3968 11
3967 94
3966 61
3965 70
3964 89
3963 12
3962 43
3961 32
3960 82
3959 39
3958 76
3957 63
3956 89
3955 63
3954 98
3953 65
3952 37
3951 84
3950 61
3949 13
3948 90
3947 98
3946 80
3945 42
3944 65
3943 99
3942 74
3941 58
3940 48
3939 52
3938 69
3937 28
3936 73
3935 47
3934 45
3933 23
3932 92
3931 54
3930 24
3929 22
3928 40
3927 17
3926 54
3925 29
3924 6
3923 54
3922 90
3921 72
3920 28
3919 52
3918 50
3917 0
3916 25
3915 33
3914 35
3913 70
3912 68
3911 39
3910 14
3909 54
3908 61
3907 39
3906 24
3905 66
3904 61
3903 26
3902 29
3901 98
3900 7
3899 1
3898 15
3897 39
3896 12
3895 25
3894 76
3893 14
3892 96
3891 94
3890 0
3889 92
3888 51
3887 58
3886 62
3885 0
3884 73
3883 18
3882 54
3881 17
3880 92
3879 90
3878 84
3877 55
3876 15
3875 43
3874 11
3873 93
3872 51
3871 70
3870 47
3869 36
3868 85
3867 45
3866 36
3865 26
3864 97
3863 26
3862 52
3861 21
3860 10
3859 0
3858 26
3857 26
3856 96
3855 96
3854 19
3853 32
3852 53
3851 76
3850 12
3849 70
3848 59
3847 13
3846 56
3845 69
3844 9
3843 21
3842 69
3841 68
3840 73
3839 14
3838 7
3837 79
3836 41
3835 1
3834 6
3833 51
3832 15
3831 22
3830 18
3829 55
3828 35
3827 75
3826 57
3825 9
3824 16
3823 83
3822 70
3821 70
3820 81
3819 10
3818 60
3817 28
3816 71
3815 21
3814 94
3813 53
3812 35
3811 93
3810 11
3809 83
3808 91
3807 84
3806 26
3805 49
3804 92
3803 71
3802 71
3801 35
3800 76
3799 2
3798 15
3797 43
3796 93
3795 79
3794 13
3793 15
3792 9
3791 72
3790 1
3789 98
3788 26
3787 27
3786 53
3785 35
3784 75
3783 62
3782 5
3781 74
3780 93
3779 59
3778 99
3777 84
3776 89
3775 88
3774 40
3773 0
3772 77
3771 11
3770 80
3769 2
3768 10
3767 5
3766 90
3765 44
3764 72
3763 21
3762 21
3761 30
3760 12
3759 74
3758 4
3757 44
3756 76
3755 0
3754 63
3753 66
3752 26
3751 50
3750 53
3749 64
3748 61
3747 62
3746 92
3745 92
3744 70
3743 70
3742 24
3741 39
3740 55
3739 85
3738 6
3737 9
3736 52
3735 44
3734 19
3733 32
3732 30
3731 19
3730 35
3729 16
3728 88
3727 53
3726 90
3725 58
3724 75
3723 28
3722 14
3721 64
3720 78
3719 24
3718 25
3717 52
3716 56
3715 39
3714 58
3713 73
3712 65
3711 72
3710 89
3709 76
3708 25
3707 95
3706 26
3705 86
3704 85
3703 59
3702 90
3701 26
3700 70
3699 37
3698 99
3697 78
3696 94
3695 28
3694 79
3693 90
3692 47
3691 2
3690 85
3689 81
3688 81
3687 20
3686 39
3685 36
3684 73
3683 44
3682 38
3681 60
3680 79
3679 71
3678 82
3677 78
3676 23
3675 85
3674 66
3673 97
3672 26
3671 32
3670 95
3669 70
3668 73
3667 26
3666 95
3665 73
3664 65
3663 9
3662 57
3661 90
3660 7
3659 12
3658 50
3657 64
3656 96
3655 27
3654 11
3653 88
3652 80
3651 70
3650 49
3649 91
3648 54
3647 14
3646 69
3645 93
3644 73
3643 69
3642 78
3641 53
3640 27
3639 28
3638 22
3637 94
3636 95
3635 85
3634 94
3633 7
3632 91
3631 85
3630 69
3629 73
3628 66
3627 22
3626 97
3625 72
3624 18
3623 98
3622 49
3621 69
3620 5
3619 34
3618 27
3617 75
3616 72
3615 15
3614 21
3613 34
3612 84
3611 25
3610 87
3609 69
3608 99
3607 94
3606 31
3605 44
3604 24
3603 11
3602 21
3601 70
3600 98
3599 65
3598 71
3597 35
3596 97
3595 47
3594 85
3593 10
3592 27
3591 79
3590 45
3589 11
3588 76
3587 3
3586 37
3585 39
3584 98
3583 14
3582 13
3581 42
3580 68
3579 80
3578 90
3577 62
3576 55
3575 50
3574 12
3573 47
3572 73
3571 80
3570 98
3569 44
3568 64
3567 83
3566 58
3565 8
3564 84
3563 41
3562 0
3561 31
3560 63
3559 21
3558 61
3557 84
3556 0
3555 48
3554 82
3553 62
3552 7
3551 73
3550 90
3549 72
3548 32
3547 28
3546 72
3545 18
3544 16
3543 53
3542 40
3541 32
3540 16
3539 46
3538 27
3537 73
3536 3
3535 18
3534 50
3533 18
3532 41
3531 76
3530 7
3529 83
3528 39
3527 83
3526 19
3525 38
3524 55
3523 58
3522 88
3521 94
3520 17
3519 97
3518 57
3517 51
3516 63
3515 7
3514 36
3513 23
3512 99
3511 100
3510 46
3509 82
3508 14
3507 37
3506 90
3505 53
3504 16
3503 41
3502 91
3501 34
3500 72
3499 78
3498 5
3497 56
3496 52
3495 78
3494 76
3493 93
3492 43
3491 40
3490 81
3489 64
3488 26
3487 96
3486 26
3485 75
3484 86
3483 77
3482 77
3481 84
3480 97
3479 9
3478 74
3477 87
3476 41
3475 9
3474 89
3473 25
3472 14
3471 83
3470 64
3469 75
3468 4
3467 44
3466 28
3465 46
3464 85
3463 80
3462 3
3461 93
3460 49
3459 28
3458 16
3457 74
3456 100
3455 61
3454 89
3453 97
3452 13
3451 19
3450 44
3449 28
3448 12
3447 57
3446 0
3445 25
3444 93
3443 52
3442 32
3441 60
3440 67
3439 93
3438 28
3437 11
3436 37
3435 85
3434 91
3433 80
3432 8
3431 78
3430 93
3429 90
3428 39
3427 46
3426 60
3425 80
3424 35
3423 58
3422 17
3421 92
3420 70
3419 8
3418 80
3417 93
3416 20
3415 2
3414 1
3413 40
3412 77
3411 63
3410 95
3409 100
3408 65
3407 53
3406 34
3405 57
3404 18
3403 20
3402 57
3401 100
3400 16
3399 16
3398 93
3397 94
3396 23
3395 55
3394 80
3393 51
3392 99
3391 5
3390 86
3389 15
3388 38
3387 34
3386 42
3385 84
3384 74
3383 79
3382 42
3381 9
3380 76
3379 0
3378 95
3377 71
3376 7
3375 84
3374 93
3373 85
3372 41
3371 28
3370 70
3369 28
3368 24
3367 51
3366 72
3365 58
3364 100
3363 12
3362 43
3361 31
3360 37
3359 85
3358 87
3357 74
3356 83
3355 96
3354 9
3353 67
3352 12
3351 77
3350 19
3349 94
3348 98
3347 44
3346 75
3345 47
3344 32
3343 1
3342 26
3341 11
3340 42
3339 12
3338 36
3337 5
3336 24
3335 100
3334 52
3333 2
3332 83
3331 56
3330 75
3329 37
3328 38
3327 57
3326 41
3325 76
3324 65
3323 88
3322 35
3321 87
3320 81
3319 17
3318 34
3317 58
3316 25
3315 29
3314 0
3313 47
3312 34
3311 100
3310 35
3309 60
3308 39
3307 30
3306 0
3305 36
3304 16
3303 30
3302 93
3301 51
3300 97
3299 57
3298 60
3297 54
3296 33
3295 33
3294 30
3293 10
3292 28
3291 50
3290 41
3289 23
3288 80
3287 96
3286 38
3285 13
3284 91
3283 56
3282 29
3281 62
3280 71
3279 24
3278 92
3277 98
3276 48
3275 34
3274 77
3273 99
3272 94
3271 83
3270 17
3269 92
3268 36
3267 43
3266 41
3265 8
3264 68
3263 50
3262 89
3261 0
3260 12
3259 41
3258 43
3257 45
3256 66
3255 36
3254 16
3253 5
3252 49
3251 9
3250 98
3249 37
3248 51
3247 67
3246 65
3245 15
3244 75
3243 4
3242 66
3241 53
3240 65
3239 31
3238 61
3237 90
3236 37
3235 83
3234 25
3233 5
3232 97
3231 41
3230 55
3229 80
3228 3
3227 56
3226 4
3225 58
3224 10
3223 56
3222 42
3221 75
3220 80
3219 50
3218 45
3217 19
3216 39
3215 53
3214 49
3213 53
3212 70
3211 3
3210 6
3209 20
3208 66
3207 39
3206 87
3205 0
3204 81
3203 37
3202 52
3201 75
3200 7
3199 68
3198 48
3197 86
3196 16
3195 78
3194 92
3193 29
3192 9
3191 13
3190 70
3189 42
3188 12
3187 48
3186 56
3185 1
3184 48
3183 73
3182 98
3181 32
3180 43
3179 80
3178 69
3177 77
3176 80
3175 26
3174 57
3173 16
3172 33
3171 17
3170 74
3169 78
3168 67
3167 60
3166 2
3165 33
3164 76
3163 27
3162 61
3161 96
3160 59
3159 87
3158 65
3157 98
3156 87
3155 28
3154 6
3153 89
3152 82
3151 22
3150 11
3149 61
3148 31
3147 99
3146 18
3145 49
3144 10
3143 95
3142 43
3141 61
3140 23
3139 33
3138 29
3137 93
3136 62
3135 6
3134 96
3133 46
3132 28
3131 46
3130 70
3129 19
3128 73
3127 76
3126 40
3125 77
3124 38
3123 52
3122 56
3121 31
3120 61
3119 14
3118 73
3117 90
3116 64
3115 51
3114 93
3113 47
3112 60
3111 33
3110 24
3109 45
3108 25
3107 84
3106 90
3105 95
3104 34
3103 54
3102 100
3101 65
3100 24
3099 56
3098 32
3097 61
3096 0
3095 41
3094 27
3093 77
3092 13
3091 9
3090 25
3089 15
3088 4
3087 61
3086 75
3085 66
3084 45
3083 32
3082 41
3081 50
3080 99
3079 85
3078 24
3077 37
3076 11
3075 36
3074 81
3073 82
3072 11
3071 66
3070 60
3069 80
3068 60
3067 79
3066 30
3065 67
3064 59
3063 54
3062 55
3061 97
3060 9
3059 56
3058 35
3057 88
3056 59
3055 98
3054 84
3053 8
3052 29
3051 88
3050 86
3049 19
3048 39
3047 79
3046 32
3045 33
3044 2
3043 53
3042 25
3041 29
3040 87
3039 81
3038 100
3037 77
3036 96
3035 16
3034 24
3033 73
3032 97
3031 88
3030 65
3029 40
3028 49
3027 51
3026 5
3025 29
3024 79
3023 10
3022 70
3021 52
3020 61
3019 97
3018 69
3017 59
3016 66
3015 40
3014 65
3013 65
3012 68
3011 72
3010 72
3009 50
3008 40
3007 100
3006 11
3005 67
3004 27
3003 26
3002 0
3001 91
3000 99
2999 95
2998 98
2997 54
2996 47
2995 8
2994 91
2993 38
2992 95
2991 77
2990 6
2989 99
2988 95
2987 66
2986 65
2985 47
2984 0
2983 100
2982 51
2981 84
2980 78
2979 28
2978 45
2977 91
2976 7
2975 7
2974 51
2973 69
2972 68
2971 65
2970 9
2969 38
2968 97
2967 14
2966 51
2965 24
2964 35
2963 93
2962 92
2961 64
2960 29
2959 34
2958 32
2957 52
2956 81
2955 53
2954 10
2953 80
2952 64
2951 62
2950 83
2949 76
2948 45
2947 4
2946 76
2945 68
2944 17
2943 89
2942 41
2941 46
2940 18
2939 49
2938 40
2937 28
2936 22
2935 2
2934 6
2933 72
2932 93
2931 46
2930 48
2929 42
2928 37
2927 31
2926 21
2925 54
2924 40
2923 97
2922 21
2921 11
2920 36
2919 58
2918 60
2917 97
2916 88
2915 19
2914 28
2913 30
2912 44
2911 44
2910 19
2909 86
2908 20
2907 62
2906 95
2905 61
2904 25
2903 99
2902 35
2901 80
2900 59
2899 0
2898 9
2897 53
2896 88
2895 82
2894 6
2893 2
2892 59
2891 21
2890 43
2889 16
2888 74
2887 17
2886 0
2885 20
2884 4
2883 75
2882 63
2881 39
2880 69
2879 3
2878 97
2877 34
2876 17
2875 37
2874 90
2873 9
2872 36
2871 37
2870 65
2869 12
2868 14
2867 95
2866 78
2865 10
2864 74
2863 58
2862 54
2861 10
2860 49
2859 40
2858 76
2857 43
2856 40
2855 26
2854 11
2853 56
2852 86
2851 78
2850 35
2849 69
2848 53
2847 37
2846 44
2845 53
2844 77
2843 55
2842 59
2841 14
2840 65
2839 70
2838 22
2837 71
2836 63
2835 28
2834 36
2833 74
2832 33
2831 20
2830 59
2829 36
2828 94
2827 97
2826 8
2825 57
2824 11
2823 1
2822 23
2821 8
2820 91
2819 90
2818 1
2817 25
2816 11
2815 98
2814 80
2813 19
2812 86
2811 88
2810 19
2809 27
2808 75
2807 0
2806 51
2805 3
2804 63
2803 98
2802 11
2801 70
2800 60
2799 28
2798 46
2797 32
2796 49
2795 48
2794 26
2793 74
2792 97
2791 83
2790 53
2789 100
2788 98
2787 14
2786 19
2785 22
2784 81
2783 26
2782 39
2781 80
2780 0
2779 17
2778 38
2777 7
2776 93
2775 58
2774 61
2773 92
2772 27
2771 3
2770 92
2769 83
2768 28
2767 81
2766 70
2765 92
2764 81
2763 13
2762 15
2761 18
2760 50
2759 17
2758 34
2757 81
2756 60
2755 45
2754 93
2753 35
2752 76
2751 56
2750 37
2749 92
2748 9
2747 41
2746 94
2745 62
2744 25
2743 21
2742 49
2741 18
2740 92
2739 32
2738 79
2737 70
2736 4
2735 69
2734 50
2733 82
2732 9
2731 32
2730 26
2729 7
2728 13
2727 17
2726 72
2725 20
2724 58
2723 89
2722 77
2721 16
2720 3
2719 51
2718 100
2717 77
2716 47
2715 81
2714 74
2713 3
2712 14
2711 41
2710 66
2709 83
2708 29
2707 80
2706 91
2705 79
2704 42
2703 0
2702 69
2701 14
2700 28
2699 15
2698 88
2697 18
2696 16
2695 87
2694 29
2693 68
2692 0
2691 73
2690 95
2689 95
2688 18
2687 1
2686 69
2685 96
2684 60
2683 43
2682 100
2681 97
2680 99
2679 23
2678 8
2677 24
2676 7
2675 19
2674 5
2673 7
2672 68
2671 30
2670 11
2669 24
2668 66
2667 87
2666 50
2665 22
2664 58
2663 75
2662 40
2661 17
2660 14
2659 78
2658 15
2657 25
2656 83
2655 25
2654 57
2653 6
2652 45
2651 57
2650 87
2649 71
2648 82
2647 40
2646 30
2645 34
2644 68
2643 38
2642 17
2641 91
2640 4
2639 27
2638 30
2637 24
2636 18
2635 4
2634 13
2633 1
2632 28
2631 48
2630 94
2629 12
2628 18
2627 74
2626 38
2625 25
2624 35
2623 59
2622 34
2621 4
2620 89
2619 59
2618 66
2617 65
2616 69
2615 28
2614 7
2613 44
2612 2
2611 58
2610 68
2609 40
2608 64
2607 54
2606 85
2605 78
2604 31
2603 42
2602 17
2601 95
2600 84
2599 45
2598 71
2597 87
2596 89
2595 81
2594 80
2593 69
2592 84
2591 91
2590 65
2589 53
2588 33
2587 19
2586 41
2585 47
2584 13
2583 89
2582 95
2581 86
2580 18
2579 20
2578 94
2577 23
2576 76
2575 77
2574 71
2573 32
2572 6
2571 23
2570 82
2569 60
2568 2
2567 83
2566 86
2565 12
2564 37
2563 13
2562 30
2561 95
2560 86
2559 80
2558 16
2557 22
2556 46
2555 21
2554 73
2553 14
2552 32
2551 40
2550 33
2549 16
2548 48
2547 88
2546 40
2545 30
2544 12
2543 58
2542 99
2541 40
2540 71
2539 37
2538 77
2537 77
2536 46
2535 19
2534 81
2533 86
2532 89
2531 37
2530 8
2529 71
2528 26
2527 13
2526 7
2525 54
2524 90
2523 11
2522 0
2521 47
2520 28
2519 75
2518 11
2517 73
2516 100
2515 82
2514 36
2513 65
2512 21
2511 47
2510 22
2509 85
2508 69
2507 90
2506 45
2505 45
2504 15
2503 97
2502 99
2501 52
2500 30
2499 12
2498 26
2497 9
2496 56
2495 92
2494 6
2493 42
2492 18
2491 33
2490 54
2489 69
2488 55
2487 95
2486 88
2485 83
2484 19
2483 34
2482 29
2481 43
2480 86
2479 49
2478 51
2477 18
2476 3
2475 87
2474 47
2473 75
2472 39
2471 3
2470 32
2469 37
2468 25
2467 82
2466 44
2465 5
2464 84
2463 18
2462 97
2461 24
2460 52
2459 42
2458 75
2457 7
2456 12
2455 24
2454 93
2453 82
2452 75
2451 39
2450 12
2449 73
2448 98
2447 99
2446 45
2445 37
2444 85
2443 97
2442 4
2441 1
2440 91
2439 61
2438 57
2437 40
2436 10
2435 19
2434 46
2433 21
2432 37
2431 39
2430 88
2429 69
2428 32
2427 60
2426 91
2425 10
2424 56
2423 34
2422 25
2421 91
2420 69
2419 56
2418 79
2417 40
2416 47
2415 66
2414 29
2413 37
2412 19
2411 8
2410 18
2409 49
2408 2
2407 20
2406 7
2405 50
2404 43
2403 48
2402 67
2401 2
2400 75
2399 99
2398 70
2397 67
2396 30
2395 45
2394 62
2393 40
2392 75
2391 36
2390 97
2389 52
2388 45
2387 45
2386 77
2385 76
2384 73
2383 18
2382 56
2381 46
2380 3
2379 32
2378 60
2377 66
2376 11
2375 48
2374 68
2373 50
2372 76
2371 86
2370 30
2369 65
2368 33
2367 79
2366 38
2365 91
2364 75
2363 80
2362 94
2361 23
2360 39
2359 34
2358 38
2357 33
2356 99
2355 15
2354 49
2353 31
2352 48
2351 70
2350 19
2349 27
2348 64
2347 72
2346 5
2345 0
2344 5
2343 3
2342 74
2341 37
2340 79
2339 35
2338 58
2337 82
2336 89
2335 76
2334 68
2333 84
2332 81
2331 25
2330 76
2329 69
2328 27
2327 38
2326 56
2325 33
2324 64
2323 82
2322 76
2321 39
2320 69
2319 83
2318 53
2317 26
2316 35
2315 58
2314 41
2313 17
2312 91
2311 53
2310 63
2309 7
2308 15
2307 24
2306 74
2305 49
2304 60
2303 73
2302 24
2301 85
2300 49
2299 67
2298 53
2297 60
2296 18
2295 65
2294 78
2293 4
2292 21
2291 63
2290 70
2289 9
2288 47
2287 70
2286 77
2285 71
2284 11
2283 38
2282 39
2281 20
2280 68
2279 56
2278 70
2277 19
2276 47
2275 66
2274 53
2273 7
2272 58
2271 48
2270 82
2269 64
2268 30
2267 30
2266 70
2265 93
2264 58
2263 8
2262 48
2261 17
2260 76
2259 17
2258 40
2257 44
2256 27
2255 37
2254 97
2253 93
2252 73
2251 80
2250 78
2249 88
2248 64
2247 46
2246 34
2245 53
2244 7
2243 29
2242 30
2241 80
2240 36
2239 4
2238 59
2237 7
2236 82
2235 19
2234 68
2233 70
2232 37
2231 64
2230 91
2229 83
2228 14
2227 96
2226 9
2225 23
2224 91
2223 35
2222 52
2221 48
2220 60
2219 32
2218 0
2217 69
2216 67
2215 92
2214 90
2213 90
2212 17
2211 1
2210 53
2209 34
2208 63
2207 76
2206 16
2205 52
2204 1
2203 53
2202 89
2201 40
2200 28
2199 51
2198 75
2197 41
2196 83
2195 56
2194 33
2193 46
2192 3
2191 76
2190 17
2189 64
2188 4
2187 10
2186 46
2185 35
2184 49
2183 12
2182 27
2181 7
2180 36
2179 58
2178 65
2177 29
2176 95
2175 17
2174 12
2173 46
2172 85
2171 61
2170 76
2169 15
2168 13
2167 53
2166 88
2165 76
2164 63
2163 32
2162 72
2161 2
2160 22
2159 68
2158 46
2157 2
2156 59
2155 62
2154 23
2153 65
2152 1
2151 41
2150 15
2149 75
2148 81
2147 20
2146 60
2145 15
2144 60
2143 43
2142 84
2141 50
2140 21
2139 51
2138 35
2137 17
2136 96
2135 99
2134 78
2133 31
2132 5
2131 38
2130 30
2129 33
2128 15
2127 6
2126 45
2125 96
2124 44
2123 60
2122 86
2121 36
2120 52
2119 50
2118 23
2117 89
2116 81
2115 30
2114 74
2113 16
2112 93
2111 80
2110 85
2109 98
2108 52
2107 22
2106 37
2105 83
2104 39
2103 93
2102 34
2101 19
2100 66
2099 46
2098 87
2097 34
2096 5
2095 62
2094 16
2093 29
2092 55
2091 7
2090 87
2089 88
2088 21
2087 13
2086 57
2085 11
2084 76
2083 7
2082 72
2081 37
2080 34
2079 59
2078 87
2077 98
2076 29
2075 96
2074 38
2073 46
2072 94
2071 41
2070 41
2069 63
2068 60
2067 76
2066 50
2065 0
2064 21
2063 77
2062 32
2061 28
2060 62
2059 45
2058 35
2057 4
2056 7
2055 33
2054 85
2053 89
2052 12
2051 24
2050 87
2049 21
2048 79
2047 42
2046 34
2045 68
2044 76
2043 85
2042 80
2041 46
2040 41
2039 76
2038 32
2037 34
2036 93
2035 58
2034 18
2033 82
2032 82
2031 30
2030 82
2029 59
2028 29
2027 59
2026 97
2025 51
2024 36
2023 14
2022 32
2021 91
2020 42
2019 91
2018 3
2017 33
2016 7
2015 4
2014 62
2013 68
2012 39
2011 80
2010 76
2009 29
2008 3
2007 38
2006 21
2005 18
2004 69
2003 72
2002 83
2001 22
2000 17
1999 58
1998 41
1997 35
1996 34
1995 29
1994 62
1993 39
1992 73
1991 57
1990 92
1989 12
1988 63
1987 33
1986 71
1985 81
1984 45
1983 88
1982 32
1981 67
1980 19
1979 16
1978 0
1977 63
1976 32
1975 45
1974 63
1973 48
1972 77
1971 56
1970 77
1969 74
1968 51
1967 50
1966 54
1965 34
1964 32
1963 84
1962 29
1961 47
1960 99
1959 98
1958 86
1957 88
1956 58
1955 80
1954 94
1953 74
1952 80
1951 83
1950 10
1949 86
1948 56
1947 47
1946 85
1945 68
1944 91
1943 68
1942 63
1941 63
1940 26
1939 67
1938 38
1937 51
1936 31
1935 89
1934 76
1933 60
1932 57
1931 51
1930 16
1929 26
1928 50
1927 80
1926 30
1925 69
1924 44
1923 4
1922 49
1921 58
1920 45
1919 6
1918 11
1917 92
1916 19
1915 69
1914 92
1913 93
1912 91
1911 91
1910 15
1909 100
1908 87
1907 37
1906 8
1905 38
1904 10
1903 97
1902 83
1901 74
1900 5
1899 88
1898 60
1897 9
1896 29
1895 63
1894 93
1893 50
1892 82
1891 13
1890 48
1889 70
1888 87
1887 17
1886 28
1885 80
1884 96
1883 52
1882 41
1881 46
1880 86
1879 97
1878 85
1877 17
1876 86
1875 81
1874 56
1873 0
1872 9
1871 77
1870 52
1869 77
1868 81
1867 78
1866 41
1865 64
1864 63
1863 59
1862 47
1861 92
1860 30
1859 51
1858 89
1857 50
1856 67
1855 21
1854 32
1853 3
1852 77
1851 92
1850 58
1849 3
1848 21
1847 21
1846 51
1845 9
1844 34
1843 7
1842 24
1841 79
1840 45
1839 78
1838 4
1837 29
1836 29
1835 30
1834 28
1833 8
1832 80
1831 53
1830 24
1829 50
1828 3
1827 55
1826 95
1825 2
1824 86
1823 14
1822 83
1821 54
1820 15
1819 68
1818 19
1817 69
1816 37
1815 64
1814 74
1813 57
1812 82
1811 74
1810 10
1809 60
1808 21
1807 19
1806 19
1805 46
1804 67
1803 20
1802 48
1801 86
1800 63
1799 73
1798 93
1797 84
1796 62
1795 35
1794 69
1793 11
1792 33
1791 18
1790 82
1789 30
1788 7
1787 81
1786 32
1785 42
1784 26
1783 19
1782 12
1781 36
1780 0
1779 79
1778 40
1777 89
1776 93
1775 57
1774 45
1773 38
1772 63
1771 65
1770 13
1769 28
1768 15
1767 44
1766 1
1765 56
1764 5
1763 53
1762 39
1761 46
1760 67
1759 86
1758 30
1757 17
1756 14
1755 70
1754 15
1753 20
1752 51
1751 46
1750 57
1749 62
1748 98
1747 35
1746 97
1745 100
1744 96
1743 93
1742 77
1741 92
1740 13
1739 35
1738 74
1737 74
1736 86
1735 3
1734 55
1733 18
1732 44
1731 69
1730 83
1729 43
1728 19
1727 27
1726 32
1725 59
1724 14
1723 10
1722 71
1721 25
1720 80
1719 53
1718 1
1717 94
1716 23
1715 15
1714 52
1713 47
1712 80
1711 58
1710 42
1709 96
1708 76
1707 9
1706 16
1705 45
1704 88
1703 87
1702 44
1701 62
1700 96
1699 55
1698 43
1697 18
1696 58
1695 88
1694 8
1693 5
1692 87
1691 57
1690 96
1689 29
1688 49
1687 56
1686 46
1685 68
1684 3
1683 33
1682 85
1681 97
1680 77
1679 94
1678 9
1677 3
1676 93
1675 91
1674 4
1673 21
1672 81
1671 13
1670 17
1669 70
1668 65
1667 12
1666 27
1665 62
1664 44
1663 93
1662 80
1661 86
1660 94
1659 96
1658 17
1657 90
1656 10
1655 49
1654 12
1653 96
1652 42
1651 12
1650 33
1649 11
1648 32
1647 15
1646 39
1645 86
1644 4
1643 68
1642 54
1641 90
1640 99
1639 13
1638 39
1637 50
1636 81
1635 47
1634 60
1633 85
1632 49
1631 94
1630 66
1629 62
1628 33
1627 81
1626 36
1625 71
1624 0
1623 51
1622 21
1621 98
1620 8
1619 50
1618 98
1617 27
1616 13
1615 5
1614 26
1613 69
1612 23
1611 14
1610 20
1609 0
1608 48
1607 13
1606 49
1605 63
1604 48
1603 53
1602 87
1601 48
1600 67
1599 8
1598 20
1597 97
1596 20
1595 45
1594 55
1593 38
1592 1
1591 93
1590 20
1589 21
1588 99
1587 65
1586 19
1585 1
1584 40
1583 60
1582 21
1581 78
1580 64
1579 17
1578 20
1577 4
1576 31
1575 100
1574 11
1573 65
1572 26
1571 91
1570 30
1569 56
1568 14
1567 22
1566 11
1565 79
1564 0
1563 93
1562 87
1561 14
1560 26
1559 23
1558 68
1557 67
1556 46
1555 49
1554 39
1553 75
1552 99
1551 90
1550 43
1549 58
1548 64
1547 50
1546 33
1545 82
1544 80
1543 13
1542 41
1541 50
1540 20
1539 65
1538 35
1537 59
1536 96
1535 72
1534 79
1533 97
1532 34
1531 71
1530 14
1529 71
1528 18
1527 82
1526 33
1525 5
1524 4
1523 95
1522 26
1521 74
1520 41
1519 81
1518 58
1517 70
1516 61
1515 80
1514 36
1513 30
1512 29
1511 14
1510 73
1509 95
1508 2
1507 9
1506 98
1505 80
1504 23
1503 59
1502 58
1501 27
1500 41
1499 15
1498 27
1497 81
1496 48
1495 88
1494 100
1493 29
1492 15
1491 62
1490 28
1489 1
1488 68
1487 40
1486 68
1485 34
1484 99
1483 16
1482 48
1481 76
1480 88
1479 80
1478 80
1477 17
1476 9
1475 26
1474 9
1473 25
1472 35
1471 70
1470 94
1469 77
1468 83
1467 89
1466 11
1465 78
1464 25
1463 6
1462 30
1461 60
1460 20
1459 28
1458 86
1457 90
1456 100
1455 68
1454 92
1453 69
1452 84
1451 91
1450 20
1449 41
1448 2
1447 39
1446 72
1445 30
1444 68
1443 6
1442 27
1441 87
1440 72
1439 59
1438 50
1437 8
1436 38
1435 77
1434 50
1433 69
1432 77
1431 22
1430 19
1429 28
1428 79
1427 34
1426 7
1425 47
1424 26
1423 53
1422 77
1421 61
1420 44
1419 46
1418 19
1417 36
1416 24
1415 76
1414 37
1413 8
1412 34
1411 34
1410 92
1409 88
1408 8
1407 51
1406 36
1405 56
1404 19
1403 17
1402 74
1401 59
1400 98
1399 26
1398 65
1397 79
1396 38
1395 15
1394 41
1393 37
1392 51
1391 87
1390 26
1389 86
1388 31
1387 59
1386 63
1385 12
1384 66
1383 100
1382 33
1381 57
1380 97
1379 73
1378 1
1377 96
1376 18
1375 59
1374 66
1373 43
1372 48
1371 96
1370 28
1369 99
1368 7
1367 7
1366 61
1365 70
1364 84
1363 1
1362 28
1361 46
1360 71
1359 69
1358 39
1357 95
1356 59
1355 3
1354 25
1353 93
1352 61
1351 55
1350 56
1349 49
1348 17
1347 72
1346 31
1345 3
1344 60
1343 88
1342 40
1341 2
1340 97
1339 92
1338 22
1337 0
1336 18
1335 97
1334 17
1333 7
1332 20
1331 94
1330 4
1329 16
1328 61
1327 73
1326 38
1325 26
1324 58
1323 48
1322 79
1321 80
1320 57
1319 62
1318 21
1317 72
1316 10
1315 17
1314 18
1313 82
1312 61
1311 70
1310 57
1309 0
1308 5
1307 2
1306 20
1305 53
1304 65
1303 80
1302 91
1301 78
1300 86
1299 49
1298 77
1297 75
1296 57
1295 92
1294 13
1293 6
1292 97
1291 28
1290 79
1289 32
1288 26
1287 60
1286 61
1285 48
1284 92
1283 74
1282 81
1281 3
1280 24
1279 3
1278 73
1277 58
1276 15
1275 11
1274 55
1273 71
1272 81
1271 93
1270 13
1269 1
1268 21
1267 77
1266 71
1265 15
1264 10
1263 19
1262 79
1261 12
1260 15
1259 51
1258 23
1257 51
1256 91
1255 90
1254 96
1253 54
1252 93
1251 62
1250 44
1249 31
1248 57
1247 57
1246 66
1245 4
1244 20
1243 40
1242 52
1241 70
1240 44
1239 22
1238 71
1237 92
1236 46
1235 35
1234 38
1233 22
1232 73
1231 42
1230 90
1229 26
1228 97
1227 9
1226 49
1225 44
1224 30
1223 2
1222 58
1221 80
1220 25
1219 8
1218 30
1217 48
1216 77
1215 89
1214 84
1213 71
1212 99
1211 40
1210 8
1209 86
1208 63
1207 92
1206 35
1205 7
1204 81
1203 12
1202 88
1201 42
1200 17
1199 61
1198 65
1197 50
1196 83
1195 95
1194 3
1193 85
1192 99
1191 18
1190 25
1189 98
1188 99
1187 87
1186 91
1185 86
1184 52
1183 92
1182 88
1181 15
1180 31
1179 100
1178 72
1177 72
1176 36
1175 8
1174 84
1173 4
1172 74
1171 7
1170 79
1169 22
1168 63
1167 100
1166 35
1165 46
1164 92
1163 15
1162 88
1161 28
1160 93
1159 71
1158 97
1157 66
1156 87
1155 95
1154 31
1153 30
1152 92
1151 38
1150 19
1149 46
1148 29
1147 100
1146 90
1145 22
1144 45
1143 77
1142 81
1141 44
1140 95
1139 57
1138 50
1137 48
1136 65
1135 39
1134 4
1133 0
1132 88
1131 26
1130 9
1129 18
1128 29
1127 98
1126 24
1125 36
1124 91
1123 71
1122 18
1121 87
1120 77
1119 51
1118 29
1117 17
1116 18
1115 75
1114 16
1113 70
1112 92
1111 100
1110 70
1109 74
1108 42
1107 71
1106 90
1105 34
1104 76
1103 71
1102 92
1101 51
1100 44
1099 12
1098 72
1097 83
1096 47
1095 29
1094 16
1093 36
1092 14
1091 100
1090 11
1089 22
1088 4
1087 51
1086 95
1085 88
1084 36
1083 92
1082 59
1081 65
1080 75
1079 38
1078 26
1077 97
1076 94
1075 7
1074 60
1073 48
1072 4
1071 39
1070 33
1069 69
1068 60
1067 100
1066 6
1065 59
1064 39
1063 15
1062 56
1061 57
1060 31
1059 96
1058 32
1057 39
1056 36
1055 47
1054 63
1053 86
1052 42
1051 8
1050 14
1049 77
1048 31
1047 41
1046 34
1045 80
1044 7
1043 89
1042 21
1041 95
1040 12
1039 13
1038 27
1037 4
1036 40
1035 78
1034 42
1033 98
1032 16
1031 12
1030 64
1029 38
1028 99
1027 73
1026 47
1025 58
1024 55
1023 88
1022 22
1021 34
1020 49
1019 39
1018 75
1017 69
1016 61
1015 24
1014 41
1013 14
1012 63
1011 29
1010 73
1009 93
1008 42
1007 73
1006 59
1005 54
1004 98
1003 85
1002 18
1001 36
1000 73
999 20
998 48
997 73
996 0
995 64
994 100
993 64
992 13
991 9
990 65
989 52
988 68
987 3
986 70
985 66
984 15
983 15
982 10
981 84
980 51
979 68
978 5
977 52
976 87
975 89
974 90
973 58
972 76
971 40
970 32
969 91
968 6
967 72
966 88
965 68
964 2
963 93
962 66
961 93
960 1
959 19
958 69
957 84
956 3
955 21
954 61
953 23
952 94
951 93
950 26
949 55
948 3
947 76
946 63
945 37
944 51
943 26
942 13
941 55
940 36
939 68
938 34
937 5
936 44
935 2
934 44
933 22
932 36
931 21
930 27
929 50
928 14
927 68
926 83
925 63
924 95
923 16
922 16
921 96
920 79
919 49
918 80
917 39
916 76
915 75
914 46
913 31
912 91
911 3
910 78
909 26
908 31
907 73
906 22
905 89
904 26
903 17
902 1
901 70
900 58
899 20
898 32
897 8
896 75
895 100
894 62
893 82
892 10
891 4
890 2
889 68
888 82
887 15
886 86
885 69
884 70
883 62
882 29
881 28
880 11
879 35
878 10
877 73
876 38
875 73
874 45
873 48
872 62
871 61
870 6
869 96
868 41
867 56
866 36
865 60
864 88
863 86
862 98
861 90
860 60
859 51
858 87
857 55
856 52
855 49
854 46
853 28
852 33
851 7
850 90
849 51
848 74
847 9
846 40
845 12
844 79
843 14
842 83
841 77
840 68
839 53
838 34
837 55
836 42
835 60
834 1
833 21
832 50
831 67
830 3
829 95
828 47
827 57
826 60
825 32
824 98
823 8
822 10
821 56
820 77
819 100
818 9
817 97
816 35
815 76
814 56
813 2
812 38
811 48
810 29
809 63
808 92
807 67
806 84
805 76
804 2
803 75
802 49
801 93
800 17
799 54
798 1
797 69
796 81
795 37
794 74
793 34
792 76
791 65
790 79
789 96
788 33
787 25
786 95
785 41
784 87
783 31
782 98
781 29
780 35
779 18
778 50
777 60
776 43
775 65
774 40
773 44
772 85
771 62
770 56
769 69
768 10
767 29
766 24
765 47
764 3
763 97
762 53
761 44
760 60
759 93
758 69
757 66
756 28
755 26
754 64
753 53
752 29
751 23
750 82
749 79
748 19
747 10
746 77
745 13
744 73
743 52
742 62
741 86
740 13
739 16
738 15
737 40
736 62
735 46
734 14
733 69
732 53
731 71
730 62
729 92
728 39
727 37
726 69
725 66
724 61
723 70
722 24
721 42
720 16
719 15
718 59
717 78
716 90
715 21
714 16
713 39
712 76
711 76
710 35
709 68
708 95
707 71
706 72
705 70
704 7
703 20
702 45
701 13
700 99
699 24
698 55
697 12
696 95
695 31
694 41
693 44
692 69
691 19
690 47
689 32
688 67
687 65
686 76
685 86
684 42
683 41
682 57
681 37
680 58
679 86
678 50
677 17
676 17
675 43
674 87
673 3
672 93
671 62
670 9
669 75
668 33
667 81
666 100
665 38
664 46
663 77
662 52
661 59
660 33
659 83
658 31
657 37
656 44
655 73
654 96
653 84
652 40
651 38
650 20
649 13
648 29
647 78
646 52
645 34
644 55
643 40
642 44
641 58
640 42
639 97
638 18
63