2000 61
1999 40
1998 85
1997 84
1996 5
1995 28
1994 27
1993 100
1992 79
1991 73
1990 59
1989 72
1988 100
1987 25
1986 87
1985 12
1984 32
1983 92
1982 49
1981 45
1980 35
1979 38
1978 87
1977 62
1976 97
1975 26
1974 31
1973 27
1972 66
1971 54
1970 0
1969 97
1968 42
1967 53
1966 62
1965 29
1964 70
1963 94
1962 69
1961 24
1960 65
1959 68
1958 19
1957 29
1956 69
1955 92
1954 95
1953 83
1952 71
1951 100
1950 62
1949 23
1948 23
1947 34
1946 96
1945 43
1944 32
1943 30
1942 33
1941 36
1940 93
1939 75
1938 11
1937 67
1936 33
1935 89
1934 24
1933 66
1932 3
1931 5
1930 32
1929 28
1928 46
1927 62
1926 70
1925 77
1924 63
1923 64
1922 73
1921 55
1920 3
1919 97
1918 61
1917 56
1916 83
1915 53
1914 84
1913 62
1912 41
1911 86
1910 98
1909 7
1908 51
1907 38
1906 99
1905 73
1904 45
1903 18
1902 4
1901 97
1900 65
1899 73
1898 46
1897 93
1896 64
1895 51
1894 96
1893 49
1892 95
1891 19
1890 16
1889 73
1888 2
1887 91
1886 29
1885 40
1884 16
1883 21
1882 48
1881 12
1880 57
1879 6
1878 34
1877 55
1876 39
1875 11
1874 42
1873 13
1872 28
1871 32
1870 83
1869 4
1868 99
1867 49
1866 53
1865 39
1864 30
1863 73
1862 58
1861 38
1860 67
1859 95
1858 8
1857 50
1856 3
1855 30
1854 58
1853 60
1852 15
1851 70
1850 25
1849 100
1848 42
1847 59
1846 100
1845 87
1844 43
1843 59
1842 58
1841 23
1840 90
1839 63
1838 63
1837 71
1836 100
1835 23
1834 31
1833 45
1832 56
1831 22
1830 86
1829 32
1828 21
1827 66
1826 100
1825 33
1824 45
1823 44
1822 4
1821 85
1820 100
1819 38
1818 92
1817 35
1816 13
1815 29
1814 30
1813 97
1812 77
1811 100
1810 91
1809 8
1808 31
1807 10
1806 19
1805 34
1804 41
1803 72
1802 60
1801 42
1800 90
1799 72
1798 36
1797 69
1796 90
1795 48
1794 78
1793 68
1792 92
1791 96
1790 31
1789 54
1788 43
1787 5
1786 44
1785 90
1784 62
1783 100
1782 80
1781 64
1780 32
1779 40
1778 76
1777 71
1776 68
1775 72
1774 41
1773 5
1772 44
1771 97
1770 89
1769 92
1768 87
1767 24
1766 17
1765 27
1764 5
1763 0
1762 23
1761 9
1760 45
1759 76
1758 80
1757 87
1756 35
1755 21
1754 42
1753 2
1752 11
1751 31
1750 4
1749 85
1748 94
1747 20
1746 98
1745 8
1744 50
1743 47
1742 18
1741 0
1740 75
1739 80
1738 95
1737 18
1736 11
1735 99
1734 17
1733 41
1732 20
1731 90
1730 20
1729 45
1728 78
1727 87
1726 74
1725 23
1724 61
1723 55
1722 85
1721 84
1720 69
1719 90
1718 48
1717 7
1716 3
1715 60
1714 76
1713 45
1712 8
1711 78
1710 67
1709 16
1708 55
1707 54
1706 36
1705 10
1704 16
1703 86
1702 56
1701 83
1700 10
1699 0
1698 64
1697 27
1696 85
1695 63
1694 79
1693 45
1692 51
1691 85
1690 22
1689 30
1688 22
1687 20
1686 45
1685 85
1684 22
1683 81
1682 55
1681 34
1680 75
1679 29
1678 80
1677 96
1676 30
1675 38
1674 59
1673 84
1672 27
1671 70
1670 83
1669 66
1668 23
1667 88
1666 8
1665 78
1664 61
1663 46
1662 29
1661 37
1660 17
1659 35
1658 8
1657 7
1656 56
1655 22
1654 49
1653 3
1652 75
1651 7
1650 84
1649 63
1648 46
1647 72
1646 100
1645 8
1644 18
1643 14
1642 77
1641 75
1640 49
1639 52
1638 25
1637 89
1636 15
1635 22
1634 89
1633 46
1632 29
1631 3
1630 48
1629 89
1628 21
1627 57
1626 79
1625 45
1624 15
1623 71
1622 54
1621 49
1620 91
1619 64
1618 62
1617 90
1616 4
1615 45
1614 72
1613 45
1612 80
1611 97
1610 93
1609 5
1608 91
1607 9
1606 50
1605 61
1604 94
1603 43
1602 50
1601 68
1600 57
1599 91
1598 64
1597 39
1596 36
1595 55
1594 1
1593 67
1592 27
1591 49
1590 9
1589 19
1588 25
1587 26
1586 21
1585 19
1584 64
1583 8
1582 92
1581 0
1580 76
1579 84
1578 61
1577 34
1576 92
1575 16
1574 49
1573 44
1572 85
1571 28
1570 40
1569 74
1568 31
1567 35
1566 50
1565 63
1564 35
1563 19
1562 64
1561 63
1560 23
1559 22
1558 47
1557 50
1556 25
1555 68
1554 61
1553 79
1552 58
1551 53
1550 4
1549 63
1548 10
1547 0
1546 72
1545 15
1544 72
1543 74
1542 25
1541 25
1540 5
1539 15
1538 58
1537 5
1536 16
1535 56
1534 68
1533 29
1532 7
1531 81
1530 27
1529 32
1528 70
1527 85
1526 86
1525 76
1524 51
1523 21
1522 59
1521 61
1520 46
1519 65
1518 83
1517 66
1516 23
1515 91
1514 62
1513 52
1512 99
1511 34
1510 83
1509 22
1508 63
1507 36
1506 15
1505 9
1504 3
1503 41
1502 0
1501 37
1500 33
1499 95
1498 41
1497 98
1496 88
1495 86
1494 73
1493 33
1492 24
1491 7
1490 4
1489 72
1488 85
1487 38
1486 36
1485 16
1484 2
1483 65
1482 44
1481 12
1480 91
1479 97
1478 12
1477 18
1476 52
1475 33
1474 69
1473 38
1472 8
1471 99
1470 12
1469 29
1468 23
1467 87
1466 12
1465 33
1464 85
1463 100
1462 100
1461 60
1460 5
1459 46
1458 97
1457 80
1456 66
1455 58
1454 2
1453 5
1452 20
1451 28
1450 50
1449 43
1448 5
1447 0
1446 74
1445 86
1444 89
1443 26
1442 61
1441 69
1440 35
1439 20
1438 10
1437 38
1436 88
1435 29
1434 13
1433 21
1432 7
1431 100
1430 96
1429 40
1428 12
1427 66
1426 81
1425 35
1424 52
1423 89
1422 60
1421 3
1420 48
1419 39
1418 40
1417 21
1416 60
1415 27
1414 21
1413 16
1412 40
1411 31
1410 60
1409 57
1408 84
1407 65
1406 62
1405 19
1404 52
1403 72
1402 57
1401 90
1400 77
1399 77
1398 26
1397 45
1396 79
1395 96
1394 67
1393 82
1392 64
1391 61
1390 20
1389 40
1388 64
1387 9
1386 29
1385 26
1384 32
1383 54
1382 11
1381 66
1380 79
1379 48
1378 43
1377 10
1376 50
1375 45
1374 45
1373 47
1372 56
1371 39
1370 10
1369 19
1368 7
1367 75
1366 69
1365 16
1364 23
1363 19
1362 30
1361 54
1360 10
1359 41
1358 24
1357 67
1356 43
1355 100
1354 57
1353 50
1352 67
1351 31
1350 29
1349 47
1348 50
1347 85
1346 52
1345 92
1344 78
1343 39
1342 21
1341 60
1340 57
1339 24
1338 0
1337 24
1336 4
1335 55
1334 22
1333 55
1332 52
1331 50
1330 60
1329 59
1328 44
1327 66
1326 71
1325 32
1324 95
1323 24
1322 92
1321 39
1320 65
1319 0
1318 65
1317 64
1316 57
1315 41
1314 90
1313 50
1312 39
1311 8
1310 11
1309 81
1308 82
1307 73
1306 3
1305 6
1304 29
1303 45
1302 68
1301 76
1300 75
1299 68
1298 86
1297 41
1296 37
1295 80
1294 46
1293 48
1292 97
1291 57
1290 58
1289 29
1288 69
1287 76
1286 35
1285 25
1284 50
1283 95
1282 78
1281 45
1280 57
1279 96
1278 62
1277 36
1276 87
1275 93
1274 82
1273 43
1272 19
1271 98
1270 61
1269 67
1268 21
1267 6
1266 52
1265 38
1264 5
1263 51
1262 73
1261 98
1260 8
1259 8
1258 95
1257 50
1256 72
1255 65
1254 91
1253 44
1252 84
1251 54
1250 72
1249 64
1248 31
1247 73
1246 4
1245 68
1244 94
1243 2
1242 11
1241 28
1240 57
1239 56
1238 41
1237 94
1236 37
1235 40
1234 40
1233 78
1232 75
1231 21
1230 39
1229 98
1228 68
1227 35
1226 68
1225 88
1224 20
1223 81
1222 72
1221 39
1220 99
1219 36
1218 98
1217 34
1216 1
1215 100
1214 82
1213 98
1212 46
1211 64
1210 56
1209 65
1208 27
1207 59
1206 5
1205 93
1204 11
1203 15
1202 42
1201 10
1200 93
1199 62
1198 84
1197 42
1196 49
1195 23
1194 44
1193 51
1192 40
1191 3
1190 50
1189 22
1188 8
1187 89
1186 73
1185 91
1184 84
1183 99
1182 38
1181 19
1180 60
1179 79
1178 27
1177 92
1176 53
1175 64
1174 32
1173 22
1172 22
1171 52
1170 36
1169 40
1168 61
1167 68
1166 75
1165 100
1164 62
1163 36
1162 93
1161 4
1160 57
1159 89
1158 11
1157 66
1156 12
1155 63
1154 22
1153 81
1152 7
1151 37
1150 57
1149 54
1148 68
1147 16
1146 67
1145 84
1144 52
1143 34
1142 36
1141 62
1140 10
1139 25
1138 28
1137 25
1136 35
1135 23
1134 98
1133 54
1132 44
1131 73
1130 83
1129 53
1128 6
1127 69
1126 98
1125 8
1124 12
1123 34
1122 45
1121 50
1120 97
1119 36
1118 49
1117 86
1116 100
1115 32
1114 7
1113 55
1112 36
1111 81
1110 80
1109 36
1108 36
1107 82
1106 51
1105 86
1104 17
1103 77
1102 37
1101 69
1100 10
1099 57
1098 97
1097 74
1096 5
1095 27
1094 58
1093 47
1092 22
1091 38
1090 44
1089 65
1088 16
1087 5
1086 79
1085 34
1084 38
1083 87
1082 55
1081 83
1080 10
1079 72
1078 2
1077 26
1076 34
1075 66
1074 34
1073 71
1072 86
1071 78
1070 13
1069 96
1068 72
1067 96
1066 88
1065 98
1064 44
1063 38
1062 54
1061 73
1060 10
1059 90
1058 64
1057 91
1056 57
1055 48
1054 7
1053 10
1052 25
1051 48
1050 20
1049 42
1048 34
1047 86
1046 18
1045 31
1044 17
1043 17
1042 34
1041 69
1040 2
1039 64
1038 30
1037 33
1036 59
1035 43
1034 73
1033 4
1032 12
1031 3
1030 75
1029 16
1028 83
1027 19
1026 73
1025 33
1024 31
1023 91
1022 85
1021 100
1020 42
1019 68
1018 42
1017 48
1016 22
1015 79
1014 97
1013 21
1012 45
1011 49
1010 96
1009 83
1008 46
1007 8
1006 88
1005 44
1004 83
1003 71
1002 82
1001 31
1000 7
999 31
998 7
997 45
996 12
995 88
994 72
993 33
992 99
991 79
990 3
989 3
988 1
987 81
986 15
985 8
984 41
983 88
982 2
981 79
980 40
979 20
978 10
977 42
976 75
975 88
974 75
973 72
972 61
971 95
970 35
969 63
968 77
967 12
966 56
965 61
964 87
963 14
962 57
961 1
960 2
959 38
958 21
957 43
956 48
955 28
954 18
953 34
952 42
951 47
950 62
949 87
948 0
947 66
946 41
945 46
944 17
943 31
942 84
941 63
940 17
939 24
938 42
937 73
936 75
935 56
934 4
933 29
932 72
931 31
930 9
929 97
928 69
927 25
926 43
925 78
924 72
923 16
922 18
921 76
920 60
919 84
918 52
917 14
916 34
915 15
914 72
913 51
912 64
911 37
910 43
909 48
908 10
907 61
906 38
905 2
904 60
903 11
902 69
901 65
900 21
899 75
898 63
897 83
896 23
895 86
894 24
893 27
892 68
891 93
890 55
889 19
888 13
887 44
886 14
885 82
884 19
883 71
882 28
881 15
880 78
879 100
878 8
877 64
876 78
875 18
874 65
873 35
872 72
871 37
870 32
869 50
868 35
867 66
866 11
865 91
864 35
863 96
862 14
861 76
860 0
859 69
858 58
857 55
856 39
855 45
854 61
853 13
852 76
851 39
850 90
849 92
848 54
847 66
846 36
845 69
844 29
843 31
842 93
841 40
840 68
839 53
838 51
837 50
836 31
835 69
834 84
833 2
832 100
831 82
830 22
829 4
828 53
827 78
826 65
825 62
824 87
823 20
822 33
821 87
820 47
819 25
818 70
817 37
816 83
815 78
814 78
813 62
812 99
811 76
810 90
809 7
808 63
807 48
806 98
805 20
804 4
803 36
802 28
801 63
800 100
799 90
798 7
797 52
796 13
795 21
794 73
793 54
792 30
791 21
790 26
789 87
788 20
787 81
786 25
785 85
784 70
783 97
782 63
781 66
780 42
779 85
778 62
777 14
776 78
775 70
774 61
773 44
772 60
771 65
770 0
769 81
768 28
767 99
766 73
765 95
764 45
763 89
762 30
761 74
760 91
759 82
758 66
757 33
756 45
755 5
754 60
753 19
752 60
751 65
750 1
749 82
748 28
747 81
746 78
745 63
744 64
743 97
742 21
741 69
740 68
739 37
738 96
737 36
736 27
735 80
734 54
733 19
732 95
731 49
730 54
729 88
728 46
727 40
726 75
725 9
724 42
723 82
722 98
721 17
720 46
719 4
718 74
717 35
716 11
715 27
714 26
713 42
712 2
711 60
710 23
709 67
708 94
707 12
706 7
705 28
704 49
703 5
702 22
701 60
700 52
699 73
698 23
697 54
696 64
695 52
694 1
693 27
692 99
691 25
690 13
689 67
688 56
687 85
686 36
685 66
684 19
683 27
682 92
681 23
680 80
679 27
678 37
677 94
676 84
675 59
674 8
673 7
672 40
671 6
670 72
669 47
668 42
667 69
666 39
665 70
664 34
663 33
662 38
661 2
660 90
659 29
658 2
657 2
656 23
655 71
654 21
653 74
652 37
651 23
650 2
649 55
648 71
647 89
646 38
645 11
644 24
643 48
642 56
641 8
640 46
639 65
638 15
637 33
636 12
635 33
634 13
633 13
632 44
631 60
630 29
629 92
628 23
627 27
626 39
625 4
624 88
623 63
622 52
621 3
620 32
619 34
618 55
617 50
616 66
615 68
614 68
613 71
612 24
611 85
610 11
609 71
608 65
607 39
606 55
605 21
604 78
603 80
602 1
601 6
600 79
599 21
598 34
597 10
596 36
595 30
594 36
593 32
592 71
591 89
590 78
589 100
588 75
587 21
586 52
585 14
584 5
583 53
582 74
581 55
580 72
579 95
578 63
577 59
576 39
575 84
574 39
573 75
572 60
571 68
570 31
569 97
568 88
567 48
566 58
565 41
564 93
563 24
562 69
561 62
560 68
559 91
558 99
557 47
556 34
555 4
554 45
553 60
552 52
551 77
550 72
549 24
548 45
547 53
546 20
545 34
544 7
543 62
542 26
541 98
540 92
539 64
538 97
537 38
536 97
535 14
534 24
533 65
532 55
531 60
530 97
529 26
528 5
527 26
526 8
525 68
524 75
523 65
522 56
521 93
520 19
519 7
518 19
517 18
516 0
515 77
514 43
513 98
512 44
511 97
510 24
509 56
508 72
507 24
506 64
505 86
504 70
503 48
502 24
501 8
500 61
499 36
498 11
497 16
496 71
495 95
494 60
493 92
492 90
491 66
490 41
489 62
488 87
487 71
486 75
485 21
484 44
483 74
482 59
481 84
480 20
479 11
478 17
477 43
476 99
475 80
474 100
473 15
472 90
471 52
470 39
469 47
468 83
467 92
466 55
465 100
464 56
463 85
462 11
461 15
460 61
459 100
458 35
457 6
456 80
455 40
454 35
453 59
452 20
451 73
450 61
449 92
448 48
447 4
446 29
445 56
444 42
443 100
442 8
441 70
440 87
439 71
438 67
437 100
436 42
435 84
434 96
433 55
432 48
431 13
430 1
429 12
428 42
427 41
426 65
425 62
424 73
423 63
422 63
421 21
420 12
419 38
418 3
417 26
416 23
415 82
414 72
413 70
412 31
411 42
410 36
409 24
408 54
407 26
406 62
405 34
404 17
403 87
402 9
401 61
400 33
399 47
398 72
397 89
396 17
395 5
394 78
393 44
392 54
391 50
390 19
389 85
388 59
387 20
386 48
385 21
384 9
383 66
382 98
381 67
380 87
379 6
378 7
377 39
376 44
375 32
374 13
373 75
372 77
371 48
370 11
369 69
368 6
367 50
366 76
365 27
364 55
363 7
362 78
361 48
360 37
359 34
358 62
357 58
356 83
355 17
354 67
353 35
352 89
351 81
350 6
349 97
348 20
347 34
346 34
345 78
344 51
343 60
342 99
341 79
340 60
339 43
338 70
337 61
336 13
335 85
334 83
333 5
332 45
331 89
330 43
329 90
328 53
327 37
326 73
325 96
324 43
323 77
322 38
321 93
320 24
319 23
318 58
317 81
316 33
315 20
314 56
313 34
312 75
311 94
310 6
309 84
308 64
307 5
306 66
305 67
304 42
303 1
302 53
301 47
300 80
299 17
298 41
297 40
296 44
295 91
294 53
293 3
292 92
291 59
290 89
289 37
288 85
287 12
286 65
285 32
284 97
283 37
282 43
281 96
280 68
279 52
278 78
277 1
276 65
275 2
274 100
273 81
272 24
271 87
270 87
269 68
268 73
267 56
266 2
265 62
264 34
263 68
262 53
261 44
260 18
259 42
258 71
257 20
256 81
255 82
254 63
253 68
252 6
251 70
250 20
249 53
248 39
247 100
246 41
245 32
244 85
243 39
242 78
241 89
240 30
239 24
238 73
237 58
236 42
235 69
234 92
233 33
232 47
231 48
230 66
229 65
228 44
227 72
226 80
225 15
224 70
223 91
222 28
221 51
220 90
219 26
218 65
217 6
216 33
215 11
214 71
213 62
212 99
211 51
210 14
209 92
208 16
207 89
206 78
205 35
204 27
203 61
202 31
201 53
200 56
199 13
198 20
197 96
196 21
195 39
194 77
193 58
192 66
191 45
190 74
189 17
188 4
187 61
186 30
185 90
184 32
183 43
182 37
181 96
180 8
179 28
178 16
177 32
176 50
175 51
174 99
173 89
172 23
171 86
170 90
169 92
168 23
167 79
166 73
165 3
164 64
163 61
162 85
161 77
160 53
159 35
158 53
157 64
156 81
155 48
154 55
153 15
152 1
151 45
150 11
149 28
148 68
147 78
146 7
145 25
144 54
143 14
142 27
141 96
140 27
139 31
138 28
137 91
136 65
135 95
134 73
133 78
132 42
131 53
130 57
129 60
128 40
127 13
126 47
125 99
124 66
123 20
122 49
121 21
120 65
119 16
118 66
117 9
116 0
115 3
114 9
113 16
112 89
111 0
110 48
109 72
108 7
107 33
106 44
105 10
104 38
103 8
102 9
101 11
100 38
99 74
98 15
97 38
96 78
95 31
94 29
93 40
92 87
91 67
90 76
89 22
88 81
87 6
86 64
85 30
84 72
83 49
82 63
81 56
80 14
79 22
78 34
77 51
76 67
75 28
74 63
73 91
72 33
71 42
70 82
69 13
68 46
67 62
66 94
65 1
64 28
63 38
62 40
61 19
60 26
59 66
58 7
57 32
56 84
55 55
54 36
53 63
52 18
51 25
50 70
49 94
48 43
47 85
46 95
45 100
44 41
43 10
42 6
41 61
40 68
39 47
38 9
37 79
36 18
35 48
34 96
33 41
32 92
31 15
30 6
29 63
28 97
27 65
26 43
25 1
24 100
23 75
22 22
21 86
20 37
19 95
18 3
17 51
16 25
15 100
14 3
13 68
12 67
11 23
10 5
9 31
8 99
7 56
6 71
5 93
4 93
3 55
2 9
1 19
0 45
