7550 2
7549 27
7548 73
7547 29
7546 74
7545 56
7544 74
7543 14
7542 60
7541 14
7540 38
7539 89
7538 9
7537 30
7536 81
7535 72
7534 50
7533 16
7532 69
7531 47
7530 47
7529 68
7528 42
7527 68
7526 71
7525 36
7524 89
7523 76
7522 100
7521 34
7520 76
7519 64
7518 43
7517 64
7516 55
7515 7
7514 44
7513 16
7512 80
7511 33
7510 77
7509 48
7508 16
7507 18
7506 32
7505 96
7504 70
7503 82
7502 17
7501 38
7500 100
7499 48
7498 71
7497 13
7496 82
7495 92
7494 36
7493 78
7492 8
7491 93
7490 12
7489 70
7488 61
7487 41
7486 26
7485 5
7484 20
7483 98
7482 75
7481 96
7480 83
7479 76
7478 16
7477 78
7476 82
7475 59
7474 12
7473 90
7472 87
7471 93
7470 65
7469 57
7468 36
7467 52
7466 4
7465 82
7464 45
7463 65
7462 50
7461 10
7460 51
7459 60
7458 7
7457 87
7456 83
7455 7
7454 66
7453 40
7452 7
7451 80
7450 58
7449 3
7448 50
7447 46
7446 97
7445 59
7444 96
7443 96
7442 10
7441 77
7440 52
7439 23
7438 83
7437 96
7436 84
7435 67
7434 15
7433 21
7432 74
7431 54
7430 40
7429 20
7428 56
7427 38
7426 16
7425 46
7424 77
7423 51
7422 28
7421 95
7420 29
7419 77
7418 1
7417 59
7416 9
7415 58
7414 79
7413 54
7412 49
7411 99
7410 49
7409 49
7408 68
7407 67
7406 33
7405 93
7404 88
7403 22
7402 33
7401 70
7400 63
7399 44
7398 14
7397 0
7396 73
7395 97
7394 63
7393 12
7392 6
7391 33
7390 87
7389 9
7388 22
7387 30
7386 70
7385 13
7384 53
7383 33
7382 9
7381 8
7380 21
7379 44
7378 12
7377 51
7376 49
7375 69
7374 69
7373 33
7372 72
7371 84
7370 75
7369 28
7368 82
7367 54
7366 30
7365 12
7364 74
7363 99
7362 17
7361 37
7360 36
7359 28
7358 39
7357 14
7356 29
7355 44
7354 25
7353 75
7352 10
7351 63
7350 20
7349 95
7348 24
7347 77
7346 73
7345 86
7344 90
7343 49
7342 99
7341 95
7340 12
7339 16
7338 35
7337 85
7336 21
7335 18
7334 17
7333 32
7332 41
7331 55
7330 10
7329 22
7328 92
7327 51
7326 66
7325 12
7324 95
7323 42
7322 83
7321 65
7320 59
7319 42
7318 90
7317 83
7316 85
7315 2
7314 63
7313 28
7312 57
7311 43
7310 79
7309 27
7308 16
7307 65
7306 64
7305 11
7304 38
7303 66
7302 80
7301 58
7300 88
7299 98
7298 71
7297 48
7296 14
7295 6
7294 78
7293 81
7292 85
7291 52
7290 96
7289 74
7288 74
7287 43
7286 62
7285 52
7284 6
7283 54
7282 3
7281 33
7280 53
7279 84
7278 55
7277 86
7276 36
7275 11
7274 85
7273 0
7272 60
7271 16
7270 57
7269 64
7268 7
7267 18
7266 20
7265 79
7264 63
7263 70
7262 57
7261 2
7260 72
7259 77
7258 77
7257 19
7256 6
7255 17
7254 97
7253 87
7252 99
7251 48
7250 31
7249 36
7248 12
7247 9
7246 70
7245 1
7244 62
7243 7
7242 62
7241 76
7240 47
7239 17
7238 63
7237 25
7236 96
7235 26
7234 91
7233 28
7232 54
7231 52
7230 7
7229 35
7228 12
7227 85
7226 95
7225 64
7224 38
7223 6
7222 8
7221 81
7220 22
7219 26
7218 98
7217 79
7216 18
7215 46
7214 45
7213 100
7212 77
7211 35
7210 69
7209 15
7208 22
7207 67
7206 44
7205 49
7204 3
7203 42
7202 36
7201 9
7200 77
7199 89
7198 58
7197 8
7196 93
7195 26
7194 67
7193 9
7192 69
7191 59
7190 66
7189 36
7188 40
7187 40
7186 30
7185 8
7184 66
7183 7
7182 34
7181 92
7180 90
7179 96
7178 91
7177 12
7176 87
7175 68
7174 97
7173 7
7172 54
7171 1
7170 35
7169 12
7168 43
7167 22
7166 34
7165 38
7164 59
7163 33
7162 68
7161 18
7160 70
7159 7
7158 85
7157 59
7156 47
7155 30
7154 60
7153 28
7152 78
7151 79
7150 53
7149 77
7148 32
7147 94
7146 77
7145 78
7144 3
7143 43
7142 54
7141 89
7140 73
7139 39
7138 48
7137 21
7136 81
7135 9
7134 98
7133 19
7132 1
7131 81
7130 24
7129 34
7128 43
7127 55
7126 48
7125 50
7124 0
7123 13
7122 15
7121 87
7120 96
7119 81
7118 3
7117 24
7116 72
7115 60
7114 28
7113 89
7112 2
7111 78
7110 75
7109 71
7108 29
7107 8
7106 67
7105 67
7104 37
7103 11
7102 4
7101 17
7100 0
7099 65
7098 96
7097 4
7096 87
7095 99
7094 19
7093 37
7092 68
7091 31
7090 84
7089 18
7088 93
7087 83
7086 56
7085 1
7084 15
7083 90
7082 19
7081 38
7080 87
7079 25
7078 38
7077 83
7076 2
7075 18
7074 91
7073 59
7072 81
7071 82
7070 76
7069 64
7068 4
7067 67
7066 17
7065 70
7064 21
7063 53
7062 82
7061 22
7060 12
7059 70
7058 37
7057 56
7056 61
7055 33
7054 48
7053 0
7052 64
7051 58
7050 1
7049 31
7048 57
7047 37
7046 60
7045 30
7044 32
7043 70
7042 24
7041 10
7040 51
7039 12
7038 55
7037 80
7036 38
7035 50
7034 79
7033 20
7032 23
7031 10
7030 1
7029 13
7028 89
7027 77
7026 22
7025 70
7024 55
7023 68
7022 5
7021 22
7020 25
7019 26
7018 80
7017 23
7016 7
7015 61
7014 65
7013 65
7012 75
7011 16
7010 33
7009 40
7008 77
7007 31
7006 64
7005 14
7004 69
7003 30
7002 46
7001 47
7000 96
6999 5
6998 54
6997 96
6996 45
6995 56
6994 55
6993 32
6992 74
6991 42
6990 63
6989 59
6988 80
6987 9
6986 13
6985 61
6984 5
6983 56
6982 34
6981 87
6980 91
6979 79
6978 93
6977 42
6976 36
6975 90
6974 63
6973 38
6972 78
6971 84
6970 49
6969 36
6968 5
6967 17
6966 80
6965 97
6964 5
6963 9
6962 9
6961 80
6960 3
6959 65
6958 57
6957 68
6956 68
6955 45
6954 13
6953 73
6952 42
6951 83
6950 82
6949 99
6948 5
6947 94
6946 92
6945 30
6944 89
6943 17
6942 29
6941 84
6940 20
6939 26
6938 70
6937 51
6936 90
6935 35
6934 19
6933 53
6932 88
6931 73
6930 75
6929 42
6928 28
6927 98
6926 87
6925 37
6924 64
6923 92
6922 28
6921 94
6920 99
6919 7
6918 73
6917 49
6916 32
6915 48
6914 31
6913 82
6912 17
6911 89
6910 46
6909 43
6908 14
6907 30
6906 78
6905 90
6904 32
6903 33
6902 65
6901 33
6900 3
6899 30
6898 45
6897 93
6896 2
6895 22
6894 96
6893 47
6892 8
6891 18
6890 73
6889 68
6888 21
6887 14
6886 36
6885 68
6884 57
6883 78
6882 74
6881 23
6880 72
6879 19
6878 82
6877 46
6876 0
6875 17
6874 22
6873 42
6872 76
6871 50
6870 45
6869 73
6868 59
6867 73
6866 42
6865 1
6864 59
6863 34
6862 70
6861 93
6860 19
6859 66
6858 38
6857 93
6856 40
6855 99
6854 16
6853 21
6852 70
6851 57
6850 60
6849 46
6848 91
6847 87
6846 64
6845 27
6844 59
6843 19
6842 7
6841 37
6840 2
6839 97
6838 22
6837 19
6836 74
6835 60
6834 37
6833 8
6832 77
6831 39
6830 28
6829 27
6828 8
6827 64
6826 35
6825 41
6824 33
6823 38
6822 57
6821 24
6820 21
6819 77
6818 38
6817 73
6816 93
6815 72
6814 55
6813 77
6812 84
6811 80
6810 25
6809 7
6808 51
6807 3
6806 77
6805 3
6804 2
6803 44
6802 2
6801 74
6800 54
6799 48
6798 74
6797 43
6796 95
6795 52
6794 69
6793 50
6792 3
6791 2
6790 58
6789 77
6788 9
6787 57
6786 32
6785 42
6784 41
6783 26
6782 95
6781 81
6780 2
6779 18
6778 70
6777 33
6776 73
6775 11
6774 48
6773 76
6772 66
6771 60
6770 68
6769 72
6768 72
6767 5
6766 88
6765 2
6764 96
6763 22
6762 73
6761 27
6760 91
6759 53
6758 91
6757 88
6756 80
6755 75
6754 53
6753 18
6752 58
6751 100
6750 31
6749 33
6748 75
6747 53
6746 84
6745 70
6744 45
6743 89
6742 73
6741 70
6740 21
6739 62
6738 74
6737 99
6736 62
6735 47
6734 94
6733 2
6732 59
6731 34
6730 1
6729 60
6728 76
6727 9
6726 96
6725 57
6724 10
6723 29
6722 78
6721 20
6720 59
6719 47
6718 23
6717 54
6716 34
6715 5
6714 3
6713 65
6712 6
6711 55
6710 14
6709 45
6708 18
6707 41
6706 52
6705 61
6704 70
6703 24
6702 67
6701 63
6700 88
6699 21
6698 28
6697 98
6696 15
6695 62
6694 100
6693 79
6692 11
6691 57
6690 79
6689 69
6688 48
6687 9
6686 5
6685 39
6684 14
6683 95
6682 16
6681 15
6680 76
6679 10
6678 17
6677 34
6676 85
6675 96
6674 54
6673 70
6672 54
6671 92
6670 73
6669 77
6668 13
6667 60
6666 89
6665 14
6664 27
6663 72
6662 10
6661 69
6660 13
6659 77
6658 21
6657 57
6656 5
6655 34
6654 76
6653 79
6652 82
6651 24
6650 20
6649 18
6648 50
6647 32
6646 96
6645 54
6644 63
6643 27
6642 89
6641 28
6640 72
6639 68
6638 52
6637 50
6636 4
6635 5
6634 73
6633 79
6632 54
6631 4
6630 80
6629 44
6628 97
6627 95
6626 5
6625 76
6624 91
6623 35
6622 99
6621 81
6620 27
6619 84
6618 75
6617 24
6616 39
6615 72
6614 1
6613 80
6612 46
6611 2
6610 85
6609 9
6608 15
6607 17
6606 74
6605 78
6604 44
6603 24
6602 60
6601 25
6600 66
6599 80
6598 64
6597 65
6596 84
6595 32
6594 43
6593 57
6592 10
6591 65
6590 80
6589 55
6588 50
6587 80
6586 76
6585 27
6584 28
6583 64
6582 65
6581 88
6580 38
6579 88
6578 31
6577 73
6576 28
6575 10
6574 67
6573 69
6572 13
6571 19
6570 96
6569 11
6568 15
6567 99
6566 14
6565 27
6564 73
6563 16
6562 19
6561 4
6560 6
6559 16
6558 33
6557 46
6556 9
6555 17
6554 48
6553 82
6552 87
6551 91
6550 24
6549 23
6548 2
6547 51
6546 36
6545 0
6544 96
6543 0
6542 45
6541 5
6540 81
6539 88
6538 22
6537 6
6536 59
6535 85
6534 89
6533 86
6532 92
6531 29
6530 15
6529 49
6528 64
6527 81
6526 86
6525 21
6524 8
6523 70
6522 21
6521 55
6520 37
6519 32
6518 41
6517 36
6516 74
6515 89
6514 63
6513 1
6512 68
6511 13
6510 53
6509 95
6508 60
6507 44
6506 46
6505 25
6504 1
6503 97
6502 3
6501 51
6500 30
6499 11
6498 22
6497 20
6496 46
6495 61
6494 32
6493 34
6492 98
6491 73
6490 33
6489 18
6488 28
6487 37
6486 22
6485 84
6484 58
6483 2
6482 22
6481 42
6480 42
6479 61
6478 72
6477 12
6476 41
6475 5
6474 20
6473 9
6472 7
6471 58
6470 79
6469 30
6468 69
6467 33
6466 43
6465 8
6464 89
6463 78
6462 11
6461 57
6460 84
6459 70
6458 15
6457 61
6456 89
6455 11
6454 24
6453 56
6452 94
6451 62
6450 46
6449 76
6448 16
6447 27
6446 5
6445 39
6444 93
6443 72
6442 6
6441 72
6440 28
6439 98
6438 67
6437 4
6436 44
6435 84
6434 53
6433 45
6432 9
6431 68
6430 45
6429 80
6428 31
6427 84
6426 30
6425 48
6424 94
6423 65
6422 54
6421 12
6420 72
6419 49
6418 36
6417 63
6416 35
6415 42
6414 98
6413 64
6412 67
6411 70
6410 13
6409 58
6408 11
6407 67
6406 27
6405 11
6404 40
6403 25
6402 21
6401 4
6400 48
6399 98
6398 14
6397 75
6396 95
6395 75
6394 32
6393 67
6392 24
6391 33
6390 99
6389 98
6388 79
6387 86
6386 78
6385 27
6384 6
6383 0
6382 98
6381 3
6380 45
6379 61
6378 50
6377 83
6376 40
6375 30
6374 28
6373 38
6372 89
6371 36
6370 20
6369 27
6368 27
6367 47
6366 29
6365 74
6364 43
6363 17
6362 87
6361 52
6360 49
6359 36
6358 78
6357 9
6356 2
6355 14
6354 48
6353 66
6352 11
6351 70
6350 23
6349 93
6348 87
6347 52
6346 87
6345 0
6344 34
6343 46
6342 26
6341 10
6340 99
6339 82
6338 24
6337 66
6336 72
6335 36
6334 90
6333 0
6332 92
6331 39
6330 93
6329 70
6328 10
6327 36
6326 24
6325 14
6324 56
6323 99
6322 30
6321 27
6320 80
6319 2
6318 67
6317 27
6316 12
6315 20
6314 63
6313 59
6312 79
6311 11
6310 31
6309 5
6308 21
6307 45
6306 36
6305 44
6304 44
6303 23
6302 90
6301 47
6300 76
6299 72
6298 15
6297 2
6296 48
6295 34
6294 23
6293 38
6292 4
6291 69
6290 91
6289 54
6288 73
6287 10
6286 74
6285 40
6284 67
6283 90
6282 47
6281 57
6280 14
6279 96
6278 95
6277 16
6276 48
6275 80
6274 9
6273 48
6272 48
6271 45
6270 80
6269 16
6268 82
6267 35
6266 15
6265 64
6264 94
6263 7
6262 48
6261 79
6260 74
6259 60
6258 51
6257 77
6256 47
6255 7
6254 59
6253 96
6252 45
6251 85
6250 58
6249 10
6248 18
6247 10
6246 77
6245 73
6244 75
6243 26
6242 43
6241 61
6240 79
6239 34
6238 85
6237 35
6236 15
6235 64
6234 89
6233 26
6232 61
6231 5
6230 14
6229 25
6228 25
6227 87
6226 72
6225 56
6224 67
6223 48
6222 23
6221 24
6220 95
6219 58
6218 52
6217 26
6216 14
6215 32
6214 30
6213 26
6212 35
6211 89
6210 28
6209 57
6208 67
6207 32
6206 33
6205 62
6204 84
6203 38
6202 2
6201 66
6200 85
6199 91
6198 10
6197 70
6196 47
6195 89
6194 20
6193 96
6192 5
6191 70
6190 93
6189 69
6188 15
6187 81
6186 73
6185 56
6184 48
6183 95
6182 49
6181 45
6180 32
6179 29
6178 90
6177 81
6176 82
6175 93
6174 42
6173 43
6172 26
6171 15
6170 3
6169 16
6168 43
6167 17
6166 95
6165 22
6164 50
6163 75
6162 84
6161 75
6160 81
6159 94
6158 73
6157 36
6156 76
6155 60
6154 89
6153 83
6152 48
6151 2
6150 47
6149 76
6148 72
6147 63
6146 45
6145 86
6144 55
6143 8
6142 100
6141 90
6140 62
6139 74
6138 38
6137 86
6136 1
6135 74
6134 15
6133 43
6132 11
6131 100
6130 4
6129 63
6128 53
6127 28
6126 60
6125 3
6124 90
6123 55
6122 69
6121 55
6120 23
6119 42
6118 44
6117 89
6116 63
6115 10
6114 71
6113 51
6112 23
6111 96
6110 83
6109 0
6108 72
6107 22
6106 61
6105 45
6104 47
6103 26
6102 100
6101 27
6100 84
6099 45
6098 92
6097 29
6096 28
6095 42
6094 87
6093 54
6092 36
6091 90
6090 46
6089 63
6088 45
6087 89
6086 82
6085 83
6084 17
6083 79
6082 30
6081 95
6080 74
6079 2
6078 63
6077 82
6076 71
6075 17
6074 93
6073 41
6072 30
6071 77
6070 85
6069 100
6068 54
6067 64
6066 25
6065 90
6064 51
6063 96
6062 36
6061 4
6060 80
6059 59
6058 49
6057 53
6056 68
6055 38
6054 77
6053 12
6052 18
6051 89
6050 97
6049 34
6048 64
6047 71
6046 23
6045 37
6044 93
6043 21
6042 78
6041 87
6040 73
6039 12
6038 29
6037 59
6036 44
6035 64
6034 60
6033 46
6032 35
6031 37
6030 30
6029 92
6028 70
6027 71
6026 20
6025 15
6024 32
6023 69
6022 79
6021 99
6020 18
6019 14
6018 98
6017 4
6016 42
6015 98
6014 58
6013 60
6012 44
6011 91
6010 41
6009 6
6008 85
6007 30
6006 2
6005 36
6004 84
6003 91
6002 64
6001 13
6000 56
5999 9
5998 29
5997 93
5996 67
5995 83
5994 39
5993 60
5992 6
5991 0
5990 54
5989 37
5988 80
5987 64
5986 47
5985 97
5984 22
5983 39
5982 13
5981 91
5980 85
5979 48
5978 89
5977 58
5976 70
5975 62
5974 76
5973 98
5972 93
5971 5
5970 27
5969 22
5968 43
5967 7
5966 90
5965 29
5964 53
5963 67
5962 31
5961 74
5960 78
5959 6
5958 15
5957 30
5956 38
5955 69
5954 9
5953 49
5952 11
5951 24
5950 52
5949 50
5948 77
5947 80
5946 42
5945 46
5944 87
5943 41
5942 98
5941 5
5940 76
5939 42
5938 89
5937 9
5936 36
5935 78
5934 12
5933 73
5932 32
5931 1
5930 51
5929 86
5928 18
5927 32
5926 7
5925 29
5924 76
5923 85
5922 82
5921 94
5920 67
5919 37
5918 89
5917 66
5916 23
5915 83
5914 4
5913 79
5912 27
5911 97
5910 8
5909 42
5908 49
5907 86
5906 49
5905 39
5904 41
5903 46
5902 49
5901 76
5900 14
5899 73
5898 44
5897 14
5896 59
5895 28
5894 7
5893 81
5892 18
5891 59
5890 71
5889 90
5888 4
5887 14
5886 13
5885 75
5884 7
5883 78
5882 79
5881 44
5880 77
5879 90
5878 100
5877 74
5876 96
5875 63
5874 99
5873 81
5872 15
5871 11
5870 85
5869 89
5868 67
5867 90
5866 87
5865 35
5864 82
5863 25
5862 79
5861 51
5860 46
5859 25
5858 22
5857 44
5856 33
5855 37
5854 92
5853 56
5852 91
5851 60
5850 65
5849 1
5848 1
5847 56
5846 50
5845 65
5844 68
5843 61
5842 91
5841 65
5840 55
5839 37
5838 66
5837 19
5836 65
5835 8
5834 40
5833 19
5832 17
5831 94
5830 6
5829 86
5828 89
5827 55
5826 15
5825 86
5824 80
5823 47
5822 79
5821 2
5820 14
5819 25
5818 54
5817 59
5816 44
5815 11
5814 35
5813 37
5812 26
5811 79
5810 70
5809 47
5808 8
5807 82
5806 57
5805 68
5804 19
5803 79
5802 16
5801 18
5800 86
5799 33
5798 63
5797 76
5796 71
5795 31
5794 7
5793 97
5792 64
5791 16
5790 79
5789 90
5788 19
5787 65
5786 76
5785 26
5784 19
5783 25
5782 83
5781 21
5780 2
5779 87
5778 80
5777 56
5776 29
5775 13
5774 5
5773 5
5772 12
5771 94
5770 85
5769 84
5768 50
5767 95
5766 66
5765 66
5764 42
5763 24
5762 79
5761 25
5760 13
5759 83
5758 97
5757 88
5756 10
5755 100
5754 85
5753 66
5752 82
5751 76
5750 6
5749 31
5748 45
5747 10
5746 21
5745 49
5744 15
5743 76
5742 57
5741 32
5740 25
5739 28
5738 61
5737 68
5736 17
5735 91
5734 20
5733 62
5732 90
5731 15
5730 56
5729 91
5728 10
5727 28
5726 50
5725 66
5724 33
5723 23
5722 53
5721 40
5720 54
5719 28
5718 8
5717 54
5716 36
5715 27
5714 91
5713 82
5712 97
5711 0
5710 90
5709 73
5708 83
5707 87
5706 47
5705 61
5704 12
5703 38
5702 84
5701 56
5700 1
5699 91
5698 40
5697 9
5696 19
5695 61
5694 49
5693 6
5692 63
5691 72
5690 71
5689 29
5688 4
5687 57
5686 34
5685 22
5684 58
5683 84
5682 6
5681 27
5680 3
5679 1
5678 73
5677 59
5676 62
5675 64
5674 31
5673 39
5672 60
5671 31
5670 2
5669 12
5668 13
5667 83
5666 11
5665 71
5664 88
5663 84
5662 9
5661 84
5660 43
5659 83
5658 6
5657 50
5656 15
5655 34
5654 99
5653 90
5652 59
5651 97
5650 77
5649 69
5648 82
5647 90
5646 15
5645 78
5644 13
5643 51
5642 91
5641 53
5640 56
5639 99
5638 17
5637 67
5636 40
5635 87
5634 76
5633 70
5632 79
5631 16
5630 85
5629 79
5628 67
5627 45
5626 45
5625 64
5624 91
5623 91
5622 54
5621 4
5620 2
5619 68
5618 95
5617 72
5616 57
5615 59
5614 71
5613 73
5612 71
5611 64
5610 16
5609 98
5608 32
5607 100
5606 38
5605 30
5604 24
5603 15
5602 50
5601 62
5600 60
5599 46
5598 82
5597 98
5596 73
5595 92
5594 62
5593 5
5592 38
5591 42
5590 75
5589 85
5588 16
5587 91
5586 2
5585 42
5584 16
5583 2
5582 95
5581 47
5580 21
5579 4
5578 3
5577 73
5576 86
5575 79
5574 49
5573 32
5572 33
5571 35
5570 87
5569 2
5568 43
5567 96
5566 15
5565 20
5564 50
5563 99
5562 32
5561 52
5560 44
5559 94
5558 41
5557 81
5556 97
5555 32
5554 51
5553 87
5552 72
5551 97
5550 21
5549 54
5548 93
5547 50
5546 73
5545 76
5544 97
5543 80
5542 52
5541 69
5540 6
5539 44
5538 46
5537 39
5536 18
5535 59
5534 53
5533 27
5532 32
5531 89
5530 5
5529 18
5528 27
5527 100
5526 44
5525 80
5524 4
5523 74
5522 64
5521 25
5520 96
5519 11
5518 46
5517 88
5516 57
5515 5
5514 7
5513 49
5512 46
5511 84
5510 78
5509 90
5508 59
5507 54
5506 33
5505 31
5504 14
5503 52
5502 0
5501 83
5500 27
5499 7
5498 68
5497 27
5496 54
5495 77
5494 23
5493 67
5492 21
5491 65
5490 64
5489 17
5488 89
5487 97
5486 3
5485 21
5484 36
5483 89
5482 39
5481 49
5480 56
5479 21
5478 30
5477 31
5476 27
5475 19
5474 90
5473 82
5472 7
5471 55
5470 2
5469 64
5468 100
5467 33
5466 15
5465 2
5464 59
5463 72
5462 93
5461 59
5460 64
5459 95
5458 68
5457 61
5456 9
5455 20
5454 94
5453 90
5452 78
5451 15
5450 8
5449 10
5448 62
5447 32
5446 35
5445 44
5444 38
5443 10
5442 76
5441 65
5440 96
5439 82
5438 96
5437 52
5436 93
5435 66
5434 19
5433 6
5432 40
5431 77
5430 26
5429 93
5428 57
5427 51
5426 77
5425 7
5424 74
5423 53
5422 42
5421 86
5420 69
5419 33
5418 3
5417 34
5416 42
5415 60
5414 20
5413 73
5412 88
5411 93
5410 77
5409 29
5408 55
5407 40
5406 29
5405 30
5404 75
5403 84
5402 18
5401 34
5400 44
5399 7
5398 73
5397 52
5396 31
5395 58
5394 71
5393 93
5392 45
5391 37
5390 37
5389 20
5388 57
5387 5
5386 81
5385 70
5384 75
5383 6
5382 32
5381 28
5380 82
5379 83
5378 69
5377 39
5376 94
5375 41
5374 87
5373 43
5372 20
5371 33
5370 84
5369 86
5368 32
5367 87
5366 32
5365 23
5364 81
5363 5
5362 31
5361 72
5360 32
5359 69
5358 35
5357 79
5356 33
5355 74
5354 62
5353 16
5352 26
5351 86
5350 19
5349 82
5348 51
5347 46
5346 7
5345 51
5344 54
5343 80
5342 67
5341 69
5340 11
5339 38
5338 15
5337 19
5336 78
5335 98
5334 48
5333 49
5332 13
5331 20
5330 70
5329 6
5328 43
5327 68
5326 0
5325 72
5324 40
5323 69
5322 43
5321 23
5320 98
5319 60
5318 54
5317 52
5316 82
5315 3
5314 11
5313 92
5312 82
5311 56
5310 25
5309 47
5308 43
5307 64
5306 56
5305 63
5304 31
5303 39
5302 75
5301 11
5300 21
5299 67
5298 47
5297 65
5296 8
5295 19
5294 69
5293 35
5292 88
5291 62
5290 46
5289 70
5288 97
5287 50
5286 18
5285 2
5284 41
5283 21
5282 57
5281 82
5280 71
5279 70
5278 92
5277 88
5276 23
5275 33
5274 87
5273 33
5272 56
5271 86
5270 92
5269 83
5268 19
5267 15
5266 99
5265 94
5264 7
5263 43
5262 90
5261 8
5260 37
5259 72
5258 55
5257 23
5256 39
5255 71
5254 25
5253 13
5252 43
5251 95
5250 56
5249 21
5248 84
5247 93
5246 4
5245 39
5244 35
5243 40
5242 16
5241 46
5240 34
5239 82
5238 19
5237 36
5236 68
5235 15
5234 21
5233 80
5232 47
5231 67
5230 66
5229 59
5228 36
5227 81
5226 60
5225 98
5224 48
5223 86
5222 76
5221 97
5220 65
5219 59
5218 60
5217 83
5216 76
5215 6
5214 54
5213 31
5212 27
5211 70
5210 56
5209 1
5208 72
5207 9
5206 20
5205 94
5204 91
5203 33
5202 65
5201 9
5200 52
5199 27
5198 50
5197 36
5196 33
5195 27
5194 10
5193 91
5192 73
5191 70
5190 88
5189 68
5188 87
5187 97
5186 83
5185 44
5184 93
5183 88
5182 47
5181 13
5180 70
5179 23
5178 10
5177 93
5176 48
5175 51
5174 70
5173 99
5172 48
5171 53
5170 84
5169 95
5168 76
5167 72
5166 85
5165 26
5164 25
5163 16
5162 88
5161 100
5160 8
5159 92
5158 81
5157 13
5156 80
5155 23
5154 62
5153 55
5152 7
5151 69
5150 75
5149 73
5148 72
5147 89
5146 92
5145 95
5144 85
5143 32
5142 9
5141 59
5140 11
5139 58
5138 94
5137 19
5136 91
5135 25
5134 15
5133 92
5132 20
5131 82
5130 15
5129 38
5128 8
5127 19
5126 80
5125 81
5124 5
5123 89
5122 90
5121 7
5120 34
5119 32
5118 6
5117 6
5116 62
5115 31
5114 88
5113 3
5112 2
5111 95
5110 0
5109 83
5108 52
5107 98
5106 18
5105 55
5104 21
5103 92
5102 78
5101 75
5100 21
5099 14
5098 54
5097 35
5096 87
5095 74
5094 38
5093 77
5092 5
5091 13
5090 59
5089 15
5088 15
5087 12
5086 22
5085 7
5084 28
5083 15
5082 84
5081 56
5080 66
5079 1
5078 37
5077 49
5076 25
5075 34
5074 87
5073 5
5072 0
5071 47
5070 13
5069 98
5068 65
5067 49
5066 35
5065 33
5064 86
5063 47
5062 36
5061 84
5060 42
5059 69
5058 9
5057 91
5056 3
5055 49
5054 96
5053 80
5052 31
5051 5
5050 67
5049 42
5048 41
5047 58
5046 48
5045 37
5044 20
5043 82
5042 3
5041 39
5040 71
5039 42
5038 10
5037 48
5036 20
5035 62
5034 45
5033 71
5032 6
5031 81
5030 50
5029 97
5028 81
5027 8
5026 58
5025 32
5024 5
5023 32
5022 90
5021 92
5020 34
5019 59
5018 57
5017 15
5016 47
5015 90
5014 25
5013 66
5012 61
5011 21
5010 46
5009 99
5008 31
5007 61
5006 62
5005 3
5004 61
5003 80
5002 54
5001 36
5000 89
4999 78
4998 82
4997 16
4996 35
4995 25
4994 24
4993 40
4992 45
4991 33
4990 38
4989 62
4988 4
4987 43
4986 20
4985 80
4984 85
4983 97
4982 89
4981 47
4980 63
4979 5
4978 75
4977 53
4976 71
4975 17
4974 76
4973 36
4972 81
4971 1
4970 51
4969 27
4968 70
4967 27
4966 58
4965 7
4964 51
4963 68
4962 8
4961 81
4960 76
4959 2
4958 96
4957 18
4956 4
4955 67
4954 38
4953 29
4952 57
4951 7
4950 28
4949 86
4948 63
4947 8
4946 18
4945 1
4944 12
4943 43
4942 57
4941 58
4940 5
4939 72
4938 36
4937 50
4936 20
4935 18
4934 77
4933 93
4932 48
4931 25
4930 100
4929 82
4928 69
4927 9
4926 50
4925 51
4924 22
4923 79
4922 94
4921 0
4920 7
4919 8
4918 85
4917 100
4916 90
4915 72
4914 55
4913 17
4912 9
4911 57
4910 57
4909 42
4908 81
4907 27
4906 73
4905 6
4904 51
4903 10
4902 66
4901 32
4900 76
4899 86
4898 73
4897 30
4896 35
4895 96
4894 37
4893 43
4892 55
4891 6
4890 15
4889 49
4888 79
4887 67
4886 53
4885 46
4884 6
4883 19
4882 66
4881 5
4880 86
4879 46
4878 93
4877 64
4876 1
4875 97
4874 40
4873 73
4872 76
4871 74
4870 0
4869 59
4868 89
4867 76
4866 77
4865 45
4864 21
4863 89
4862 76
4861 32
4860 94
4859 97
4858 39
4857 29
4856 51
4855 64
4854 44
4853 41
4852 8
4851 32
4850 4
4849 10
4848 29
4847 94
4846 20
4845 69
4844 0
4843 44
4842 78
4841 29
4840 73
4839 86
4838 99
4837 72
4836 33
4835 75
4834 77
4833 50
4832 89
4831 2
4830 80
4829 72
4828 100
4827 71
4826 56
4825 44
4824 9
4823 33
4822 40
4821 7
4820 41
4819 8
4818 27
4817 26
4816 61
4815 98
4814 59
4813 1
4812 92
4811 57
4810 60
4809 62
4808 65
4807 50
4806 10
4805 47
4804 63
4803 33
4802 27
4801 23
4800 80
4799 6
4798 20
4797 0
4796 54
4795 1
4794 15
4793 17
4792 52
4791 90
4790 81
4789 60
4788 83
4787 70
4786 59
4785 69
4784 61
4783 32
4782 73
4781 66
4780 66
4779 54
4778 95
4777 42
4776 42
4775 64
4774 82
4773 15
4772 84
4771 9
4770 66
4769 42
4768 15
4767 1
4766 28
4765 41
4764 56
4763 82
4762 81
4761 49
4760 64
4759 78
4758 99
4757 56
4756 20
4755 20
4754 11
4753 39
4752 63
4751 90
4750 79
4749 69
4748 41
4747 65
4746 24
4745 76
4744 61
4743 82
4742 9
4741 15
4740 79
4739 39
4738 63
4737 42
4736 41
4735 3
4734 27
4733 69
4732 65
4731 78
4730 75
4729 87
4728 66
4727 10
4726 28
4725 29
4724 9
4723 92
4722 97
4721 52
4720 14
4719 44
4718 1
4717 39
4716 74
4715 63
4714 17
4713 67
4712 87
4711 7
4710 46
4709 15
4708 50
4707 90
4706 33
4705 37
4704 33
4703 29
4702 24
4701 87
4700 57
4699 7
4698 37
4697 42
4696 52
4695 50
4694 97
4693 78
4692 34
4691 33
4690 69
4689 31
4688 69
4687 91
4686 95
4685 87
4684 82
4683 78
4682 88
4681 16
4680 48
4679 54
4678 55
4677 49
4676 45
4675 83
4674 35
4673 49
4672 30
4671 41
4670 68
4669 95
4668 62
4667 41
4666 79
4665 68
4664 50
4663 90
4662 48
4661 31
4660 54
4659 66
4658 68
4657 57
4656 4
4655 71
4654 74
4653 11
4652 61
4651 82
4650 12
4649 1
4648 71
4647 46
4646 88
4645 82
4644 32
4643 99
4642 31
4641 74
4640 53
4639 67
4638 7
4637 73
4636 11
4635 16
4634 85
4633 73
4632 66
4631 40
4630 54
4629 89
4628 84
4627 35
4626 33
4625 89
4624 80
4623 16
4622 83
4621 85
4620 53
4619 66
4618 9
4617 90
4616 51
4615 80
4614 40
4613 21
4612 28
4611 88
4610 67
4609 85
4608 11
4607 64
4606 5
4605 47
4604 67
4603 53
4602 68
4601 29
4600 6
4599 85
4598 93
4597 21
4596 86
4595 30
4594 76
4593 33
4592 86
4591 29
4590 1
4589 80
4588 75
4587 52
4586 12
4585 74
4584 45
4583 13
4582 97
4581 2
4580 9
4579 88
4578 81
4577 8
4576 3
4575 24
4574 98
4573 48
4572 28
4571 78
4570 52
4569 24
4568 38
4567 2
4566 47
4565 11
4564 100
4563 48
4562 53
4561 31
4560 0
4559 30
4558 93
4557 99
4556 60
4555 96
4554 34
4553 31
4552 30
4551 76
4550 59
4549 8
4548 0
4547 24
4546 68
4545 31
4544 42
4543 76
4542 94
4541 48
4540 54
4539 52
4538 61
4537 64
4536 43
4535 0
4534 32
4533 42
4532 93
4531 45
4530 82
4529 14
4528 96
4527 34
4526 22
4525 98
4524 92
4523 62
4522 36
4521 70
4520 17
4519 86
4518 62
4517 28
4516 30
4515 83
4514 33
4513 18
4512 64
4511 45
4510 35
4509 88
4508 63
4507 68
4506 10
4505 25
4504 51
4503 72
4502 48
4501 33
4500 0
4499 61
4498 41
4497 81
4496 28
4495 95
4494 12
4493 34
4492 28
4491 81
4490 85
4489 14
4488 32
4487 85
4486 32
4485 32
4484 13
4483 50
4482 79
4481 65
4480 67
4479 3
4478 60
4477 53
4476 44
4475 19
4474 39
4473 30
4472 33
4471 69
4470 64
4469 62
4468 65
4467 48
4466 45
4465 81
4464 8
4463 83
4462 44
4461 78
4460 41
4459 57
4458 2
4457 66
4456 16
4455 74
4454 48
4453 71
4452 73
4451 49
4450 30
4449 55
4448 2
4447 77
4446 48
4445 68
4444 21
4443 51
4442 75
4441 59
4440 6
4439 68
4438 19
4437 96
4436 57
4435 31
4434 21
4433 15
4432 55
4431 55
4430 54
4429 45
4428 16
4427 49
4426 55
4425 31
4424 32
4423 2
4422 26
4421 64
4420 94
4419 97
4418 76
4417 86
4416 60
4415 70
4414 21
4413 47
4412 55
4411 28
4410 34
4409 94
4408 99
4407 13
4406 61
4405 7
4404 99
4403 32
4402 76
4401 12
4400 58
4399 34
4398 14
4397 61
4396 69
4395 73
4394 60
4393 71
4392 13
4391 67
4390 90
4389 6
4388 80
4387 18
4386 80
4385 0
4384 34
4383 93
4382 43
4381 58
4380 61
4379 68
4378 99
4377 64
4376 21
4375 59
4374 99
4373 32
4372 39
4371 68
4370 36
4369 85
4368 100
4367 41
4366 6
4365 54
4364 51
4363 41
4362 61
4361 46
4360 33
4359 19
4358 57
4357 45
4356 38
4355 97
4354 96
4353 56
4352 29
4351 0
4350 86
4349 6
4348 44
4347 88
4346 92
4345 55
4344 79
4343 80
4342 29
4341 53
4340 25
4339 43
4338 88
4337 65
4336 46
4335 6
4334 46
4333 1
4332 49
4331 26
4330 25
4329 14
4328 2
4327 16
4326 80
4325 25
4324 36
4323 70
4322 33
4321 1
4320 69
4319 36
4318 22
4317 8
4316 76
4315 75
4314 55
4313 88
4312 44
4311 89
4310 77
4309 82
4308 29
4307 21
4306 41
4305 85
4304 98
4303 32
4302 37
4301 42
4300 92
4299 30
4298 45
4297 26
4296 96
4295 25
4294 99
4293 77
4292 91
4291 96
4290 54
4289 79
4288 13
4287 79
4286 85
4285 78
4284 47
4283 49
4282 40
4281 64
4280 3
4279 87
4278 36
4277 73
4276 67
4275 78
4274 39
4273 72
4272 12
4271 71
4270 2
4269 82
4268 28
4267 35
4266 61
4265 35
4264 3
4263 94
4262 17
4261 13
4260 90
4259 39
4258 51
4257 46
4256 87
4255 35
4254 56
4253 65
4252 12
4251 74
4250 17
4249 8
4248 38
4247 87
4246 33
4245 70
4244 48
4243 78
4242 22
4241 86
4240 48
4239 47
4238 56
4237 90
4236 14
4235 3
4234 78
4233 83
4232 50
4231 41
4230 34
4229 25
4228 84
4227 19
4226 60
4225 54
4224 36
4223 42
4222 87
4221 21
4220 99
4219 63
4218 45
4217 8
4216 9
4215 68
4214 90
4213 12
4212 45
4211 98
4210 0
4209 40
4208 58
4207 71
4206 75
4205 21
4204 25
4203 24
4202 90
4201 55
4200 97
4199 89
4198 10
4197 25
4196 74
4195 50
4194 55
4193 12
4192 73
4191 31
4190 49
4189 71
4188 75
4187 68
4186 88
4185 0
4184 79
4183 8
4182 33
4181 10
4180 90
4179 69
4178 49
4177 60
4176 88
4175 89
4174 44
4173 77
4172 57
4171 34
4170 80
4169 48
4168 79
4167 71
4166 79
4165 56
4164 71
4163 3
4162 78
4161 70
4160 14
4159 49
4158 15
4157 11
4156 88
4155 32
4154 22
4153 73
4152 96
4151 77
4150 48
4149 51
4148 93
4147 40
4146 12
4145 0
4144 70
4143 28
4142 81
4141 37
4140 50
4139 62
4138 68
4137 46
4136 5
4135 55
4134 75
4133 12
4132 51
4131 4
4130 79
4129 25
4128 39
4127 2
4126 3
4125 95
4124 56
4123 14
4122 63
4121 11
4120 54
4119 36
4118 9
4117 32
4116 29
4115 15
4114 37
4113 60
4112 52
4111 83
4110 24
4109 14
4108 94
4107 42
4106 39
4105 34
4104 11
4103 46
4102 52
4101 28
4100 49
4099 81
4098 62
4097 15
4096 69
4095 61
4094 19
4093 93
4092 66
4091 58
4090 43
4089 8
4088 91
4087 80
4086 49
4085 30
4084 9
4083 22
4082 69
4081 20
4080 91
4079 48
4078 97
4077 71
4076 27
4075 17
4074 76
4073 94
4072 81
4071 22
4070 17
4069 45
4068 49
4067 36
4066 42
4065 64
4064 76
4063 81
4062 62
4061 87
4060 92
4059 27
4058 14
4057 8
4056 78
4055 0
4054 77
4053 0
4052 40
4051 53
4050 85
4049 24
4048 37
4047 43
4046 9
4045 58
4044 91
4043 15
4042 50
4041 95
4040 20
4039 0
4038 47
4037 78
4036 40
4035 60
4034 3
4033 17
4032 47
4031 21
4030 63
4029 33
4028 84
4027 10
4026 66
4025 48
4024 57
4023 5
4022 33
4021 68
4020 21
4019 99
4018 24
4017 71
4016 28
4015 42
4014 3
4013 29
4012 64
4011 76
4010 73
4009 43
4008 71
4007 60
4006 23
4005 26
4004 18
4003 13
4002 77
4001 94
4000 29
3999 90
3998 85
3997 56
3996 10
3995 9
3994 66
3993 35
3992 39
3991 24
3990 66
3989 28
3988 88
3987 92
3986 55
3985 13
3984 75
3983 59
3982 62
3981 56
3980 63
3979 91
3978 12
3977 96
3976 3
3975 62
3974 55
3973 58
3972 100
3971 62
3970 77
3969 1
3968 48
3967 96
3966 53
3965 58
3964 79
3963 50
3962 21
3961 56
3960 44
3959 93
3958 97
3957 63
3956 91
3955 44
3954 98
3953 20
3952 43
3951 45
3950 0
3949 33
3948 53
3947 86
3946 40
3945 15
3944 18
3943 35
3942 54
3941 62
3940 57
3939 9
3938 91
3937 59
3936 96
3935 81
3934 51
3933 42
3932 34
3931 79
3930 61
3929 85
3928 38
3927 1
3926 19
3925 42
3924 57
3923 94
3922 60
3921 28
3920 42
3919 74
3918 86
3917 81
3916 87
3915 25
3914 94
3913 0
3912 62
3911 77
3910 51
3909 11
3908 10
3907 50
3906 40
3905 85
3904 99
3903 60
3902 12
3901 95
3900 35
3899 87
3898 65
3897 26
3896 75
3895 22
3894 24
3893 97
3892 89
3891 36
3890 60
3889 23
3888 2
3887 29
3886 5
3885 5
3884 96
3883 88
3882 22
3881 100
3880 16
3879 66
3878 13
3877 60
3876 51
3875 23
3874 44
3873 65
3872 84
3871 57
3870 12
3869 10
3868 49
3867 13
3866 24
3865 94
3864 9
3863 60
3862 10
3861 14
3860 5
3859 47
3858 93
3857 93
3856 25
3855 26
3854 69
3853 89
3852 1
3851 59
3850 37
3849 54
3848 67
3847 53
3846 65
3845 23
3844 42
3843 14
3842 65
3841 82
3840 60
3839 94
3838 87
3837 85
3836 53
3835 87
3834 43
3833 47
3832 46
3831 47
3830 63
3829 53
3828 25
3827 51
3826 86
3825 60
3824 58
3823 100
3822 48
3821 0
3820 85
3819 8
3818 83
3817 90
3816 51
3815 26
3814 70
3813 16
3812 43
3811 32
3810 90
3809 22
3808 97
3807 83
3806 14
3805 3
3804 88
3803 62
3802 41
3801 5
3800 49
3799 13
3798 87
3797 16
3796 100
3795 0
3794 28
3793 63
3792 42
3791 48
3790 61
3789 77
3788 5
3787 70
3786 76
3785 81
3784 49
3783 30
3782 22
3781 78
3780 36
3779 54
3778 86
3777 16
3776 54
3775 20
3774 38
3773 8
3772 52
3771 78
3770 61
3769 21
3768 2
3767 8
3766 72
3765 4
3764 69
3763 92
3762 97
3761 44
3760 14
3759 57
3758 23
3757 17
3756 13
3755 80
3754 96
3753 26
3752 48
3751 82
3750 68
3749 28
3748 28
3747 29
3746 72
3745 83
3744 7
3743 98
3742 69
3741 92
3740 47
3739 4
3738 74
3737 86
3736 88
3735 48
3734 75
3733 57
3732 88
3731 43
3730 77
3729 88
3728 55
3727 80
3726 70
3725 20
3724 77
3723 86
3722 58
3721 94
3720 56
3719 13
3718 98
3717 30
3716 5
3715 7
3714 13
3713 45
3712 20
3711 10
3710 34
3709 59
3708 32
3707 7
3706 69
3705 76
3704 18
3703 80
3702 74
3701 19
3700 62
3699 7
3698 25
3697 75
3696 19
3695 48
3694 63
3693 68
3692 37
3691 77
3690 20
3689 79
3688 25
3687 80
3686 34
3685 100
3684 5
3683 60
3682 82
3681 55
3680 89
3679 13
3678 17
3677 5
3676 94
3675 78
3674 92
3673 93
3672 26
3671 61
3670 4
3669 91
3668 90
3667 26
3666 26
3665 37
3664 80
3663 57
3662 49
3661 44
3660 48
3659 22
3658 12
3657 35
3656 21
3655 21
3654 33
3653 7
3652 4
3651 92
3650 99
3649 46
3648 24
3647 80
3646 92
3645 72
3644 92
3643 66
3642 77
3641 35
3640 22
3639 37
3638 62
3637 21
3636 53
3635 4
3634 43
3633 68
3632 90
3631 7
3630 79
3629 79
3628 37
3627 90
3626 39
3625 13
3624 93
3623 65
3622 4
3621 38
3620 90
3619 12
3618 41
3617 99
3616 78
3615 3
3614 94
3613 66
3612 92
3611 26
3610 30
3609 79
3608 100
3607 90
3606 30
3605 13
3604 11
3603 67
3602 50
3601 43
3600 50
3599 81
3598 45
3597 84
3596 51
3595 82
3594 94
3593 6
3592 3
3591 38
3590 83
3589 3
3588 16
3587 10
3586 0
3585 2
3584 0
3583 39
3582 82
3581 52
3580 35
3579 60
3578 94
3577 46
3576 28
3575 19
3574 33
3573 86
3572 1
3571 76
3570 42
3569 88
3568 45
3567 58
3566 47
3565 14
3564 99
3563 12
3562 53
3561 80
3560 89
3559 92
3558 84
3557 44
3556 46
3555 65
3554 5
3553 95
3552 19
3551 51
3550 37
3549 7
3548 96
3547 71
3546 44
3545 84
3544 96
3543 34
3542 45
3541 8
3540 23
3539 45
3538 1
3537 15
3536 70
3535 47
3534 6
3533 0
3532 2
3531 71
3530 87
3529 25
3528 42
3527 77
3526 78
3525 94
3524 4
3523 9
3522 31
3521 34
3520 75
3519 5
3518 21
3517 89
3516 77
3515 84
3514 57
3513 32
3512 41
3511 77
3510 6
3509 20
3508 58
3507 66
3506 8
3505 24
3504 20
3503 72
3502 69
3501 56
3500 86
3499 94
3498 0
3497 5
3496 25
3495 53
3494 19
3493 22
3492 52
3491 62
3490 98
3489 79
3488 10
3487 61
3486 35
3485 19
3484 28
3483 43
3482 83
3481 43
3480 33
3479 43
3478 45
3477 30
3476 62
3475 25
3474 36
3473 97
3472 64
3471 68
3470 76
3469 29
3468 98
3467 84
3466 9
3465 67
3464 11
3463 17
3462 87
3461 47
3460 80
3459 6
3458 3
3457 32
3456 90
3455 42
3454 68
3453 32
3452 100
3451 79
3450 86
3449 41
3448 10
3447 88
3446 79
3445 1
3444 13
3443 23
3442 61
3441 83
3440 17
3439 90
3438 72
3437 39
3436 43
3435 47
3434 70
3433 29
3432 15
3431 74
3430 46
3429 20
3428 47
3427 45
3426 98
3425 1
3424 67
3423 51
3422 89
3421 88
3420 85
3419 9
3418 92
3417 6
3416 98
3415 14
3414 92
3413 74
3412 17
3411 3
3410 56
3409 93
3408 84
3407 52
3406 86
3405 43
3404 86
3403 37
3402 39
3401 45
3400 94
3399 86
3398 99
3397 88
3396 7
3395 25
3394 100
3393 78
3392 17
3391 84
3390 57
3389 59
3388 37
3387 21
3386 100
3385 78
3384 83
3383 20
3382 24
3381 47
3380 71
3379 2
3378 3
3377 39
3376 27
3375 25
3374 17
3373 57
3372 85
3371 18
3370 36
3369 9
3368 63
3367 29
3366 77
3365 24
3364 82
3363 48
3362 20
3361 76
3360 50
3359 51
3358 37
3357 53
3356 69
3355 17
3354 71
3353 27
3352 2
3351 28
3350 34
3349 66
3348 88
3347 82
3346 49
3345 85
3344 72
3343 44
3342 100
3341 82
3340 41
3339 1
3338 55
3337 1
3336 15
3335 39
3334 64
3333 30
3332 22
3331 11
3330 64
3329 20
3328 58
3327 55
3326 10
3325 30
3324 91
3323 35
3322 52
3321 34
3320 1
3319 32
3318 0
3317 66
3316 41
3315 10
3314 80
3313 14
3312 8
3311 37
3310 60
3309 77
3308 44
3307 7
3306 52
3305 11
3304 38
3303 83
3302 60
3301 51
3300 82
3299 75
3298 95
3297 89
3296 43
3295 46
3294 43
3293 100
3292 76
3291 39
3290 28
3289 25
3288 78
3287 73
3286 15
3285 86
3284 84
3283 100
3282 14
3281 36
3280 85
3279 57
3278 23
3277 37
3276 26
3275 56
3274 83
3273 99
3272 73
3271 32
3270 33
3269 87
3268 13
3267 15
3266 56
3265 16
3264 8
3263 52
3262 30
3261 41
3260 89
3259 19
3258 97
3257 11
3256 83
3255 19
3254 100
3253 78
3252 65
3251 22
3250 45
3249 47
3248 51
3247 51
3246 95
3245 24
3244 83
3243 92
3242 42
3241 98
3240 24
3239 91
3238 60
3237 22
3236 11
3235 78
3234 56
3233 69
3232 67
3231 19
3230 62
3229 69
3228 42
3227 97
3226 87
3225 100
3224 77
3223 21
3222 81
3221 11
3220 68
3219 16
3218 23
3217 57
3216 40
3215 54
3214 65
3213 63
3212 40
3211 67
3210 62
3209 99
3208 14
3207 51
3206 10
3205 50
3204 68
3203 56
3202 28
3201 27
3200 46
3199 80
3198 87
3197 95
3196 18
3195 88
3194 76
3193 94
3192 62
3191 59
3190 98
3189 85
3188 88
3187 6
3186 69
3185 14
3184 42
3183 16
3182 73
3181 23
3180 18
3179 61
3178 40
3177 100
3176 5
3175 20
3174 25
3173 42
3172 25
3171 22
3170 38
3169 6
3168 44
3167 15
3166 12
3165 61
3164 18
3163 27
3162 19
3161 6
3160 82
3159 6
3158 99
3157 88
3156 43
3155 2
3154 92
3153 25
3152 55
3151 34
3150 93
3149 42
3148 4
3147 59
3146 31
3145 70
3144 50
3143 96
3142 73
3141 91
3140 96
3139 92
3138 58
3137 38
3136 77
3135 5
3134 29
3133 37
3132 76
3131 77
3130 0
3129 23
3128 86
3127 15
3126 65
3125 5
3124 5
3123 98
3122 26
3121 27
3120 49
3119 9
3118 35
3117 58
3116 91
3115 59
3114 97
3113 54
3112 29
3111 77
3110 90
3109 55
3108 80
3107 76
3106 89
3105 41
3104 53
3103 34
3102 35
3101 30
3100 99
3099 91
3098 75
3097 54
3096 68
3095 19
3094 55
3093 52
3092 1
3091 68
3090 88
3089 6
3088 14
3087 72
3086 49
3085 49
3084 94
3083 14
3082 51
3081 49
3080 91
3079 30
3078 81
3077 51
3076 24
3075 65
3074 14
3073 39
3072 35
3071 54
3070 92
3069 47
3068 42
3067 31
3066 22
3065 25
3064 77
3063 63
3062 25
3061 29
3060 54
3059 68
3058 11
3057 98
3056 27
3055 5
3054 69
3053 96
3052 35
3051 35
3050 72
3049 29
3048 81
3047 100
3046 24
3045 73
3044 1
3043 96
3042 7
3041 39
3040 52
3039 10
3038 5
3037 42
3036 77
3035 81
3034 32
3033 98
3032 85
3031 0
3030 56
3029 59
3028 69
3027 0
3026 64
3025 22
3024 21
3023 6
3022 22
3021 100
3020 1
3019 91
3018 37
3017 0
3016 33
3015 50
3014 77
3013 28
3012 77
3011 21
3010 3
3009 60
3008 83
3007 50
3006 17
3005 20
3004 87
3003 69
3002 31
3001 29
3000 5
2999 40
2998 87
2997 2
2996 33
2995 50
2994 18
2993 14
2992 91
2991 3
2990 96
2989 3
2988 65
2987 100
2986 91
2985 9
2984 24
2983 4
2982 16
2981 14
2980 15
2979 98
2978 13
2977 18
2976 81
2975 91
2974 43
2973 51
2972 27
2971 56
2970 5
2969 19
2968 36
2967 14
2966 36
2965 54
2964 7
2963 84
2962 36
2961 18
2960 85
2959 8
2958 46
2957 97
2956 24
2955 0
2954 0
2953 89
2952 83
2951 81
2950 79
2949 85
2948 50
2947 41
2946 17
2945 1
2944 98
2943 51
2942 53
2941 77
2940 55
2939 77
2938 74
2937 11
2936 11
2935 60
2934 86
2933 27
2932 19
2931 91
2930 35
2929 70
2928 8
2927 75
2926 13
2925 52
2924 31
2923 97
2922 87
2921 40
2920 0
2919 6
2918 43
2917 49
2916 27
2915 62
2914 96
2913 19
2912 63
2911 62
2910 12
2909 33
2908 8
2907 63
2906 81
2905 35
2904 52
2903 29
2902 85
2901 43
2900 35
2899 14
2898 39
2897 86
2896 19
2895 47
2894 17
2893 94
2892 75
2891 20
2890 65
2889 61
2888 61
2887 95
2886 98
2885 48
2884 7
2883 73
2882 67
2881 92
2880 15
2879 45
2878 53
2877 25
2876 28
2875 98
2874 7
2873 38
2872 87
2871 45
2870 59
2869 5
2868 37
2867 28
2866 8
2865 40
2864 18
2863 10
2862 36
2861 14
2860 85
2859 6
2858 36
2857 21
2856 77
2855 68
2854 100
2853 61
2852 75
2851 15
2850 35
2849 9
2848 31
2847 43
2846 44
2845 88
2844 98
2843 16
2842 9
2841 98
2840 10
2839 14
2838 97
2837 57
2836 14
2835 72
2834 58
2833 75
2832 47
2831 74
2830 51
2829 97
2828 52
2827 15
2826 86
2825 1
2824 38
2823 95
2822 43
2821 69
2820 7
2819 83
2818 77
2817 27
2816 3
2815 5
2814 22
2813 26
2812 92
2811 37
2810 65
2809 19
2808 79
2807 21
2806 79
2805 51
2804 54
2803 58
2802 88
2801 35
2800 7
2799 85
2798 77
2797 54
2796 87
2795 69
2794 93
2793 13
2792 68
2791 7
2790 55
2789 32
2788 89
2787 25
2786 39
2785 68
2784 44
2783 37
2782 22
2781 88
2780 7
2779 74
2778 56
2777 83
2776 31
2775 23
2774 20
2773 33
2772 23
2771 49
2770 61
2769 5
2768 53
2767 9
2766 45
2765 6
2764 37
2763 30
2762 23
2761 94
2760 64
2759 85
2758 97
2757 73
2756 47
2755 68
2754 37
2753 17
2752 19
2751 99
2750 8
2749 3
2748 73
2747 72
2746 89
2745 1
2744 30
2743 71
2742 11
2741 79
2740 70
2739 28
2738 3
2737 100
2736 43
2735 15
2734 77
2733 39
2732 57
2731 36
2730 99
2729 76
2728 70
2727 67
2726 31
2725 93
2724 94
2723 98
2722 41
2721 12
2720 93
2719 68
2718 58
2717 27
2716 72
2715 68
2714 13
2713 74
2712 17
2711 49
2710 22
2709 65
2708 94
2707 45
2706 15
2705 27
2704 63
2703 75
2702 16
2701 1
2700 9
2699 35
2698 10
2697 29
2696 78
2695 93
2694 65
2693 70
2692 4
2691 62
2690 49
2689 74
2688 37
2687 21
2686 91
2685 87
2684 4
2683 39
2682 86
2681 42
2680 95
2679 73
2678 26
2677 8
2676 97
2675 23
2674 34
2673 72
2672 38
2671 16
2670 10
2669 18
2668 69
2667 80
2666 5
2665 50
2664 89
2663 38
2662 76
2661 25
2660 89
2659 13
2658 58
2657 64
2656 67
2655 80
2654 51
2653 90
2652 48
2651 31
2650 30
2649 4
2648 89
2647 61
2646 88
2645 67
2644 35
2643 75
2642 75
2641 13
2640 22
2639 63
2638 88
2637 73
2636 100
2635 28
2634 38
2633 17
2632 60
2631 1
2630 32
2629 24
2628 4
2627 94
2626 55
2625 35
2624 56
2623 65
2622 24
2621 81
2620 70
2619 58
2618 74
2617 14
2616 93
2615 43
2614 8
2613 100
2612 93
2611 6
2610 64
2609 37
2608 69
2607 41
2606 51
2605 46
2604 38
2603 25
2602 3
2601 63
2600 32
2599 42
2598 91
2597 61
2596 29
2595 24
2594 2
2593 24
2592 50
2591 30
2590 20
2589 14
2588 83
2587 73
2586 79
2585 54
2584 80
2583 2
2582 67
2581 37
2580 83
2579 42
2578 42
2577 40
2576 54
2575 85
2574 35
2573 82
2572 16
2571 35
2570 11
2569 79
2568 25
2567 51
2566 41
2565 6
2564 73
2563 10
2562 7
2561 46
2560 69
2559 31
2558 79
2557 53
2556 84
2555 7
2554 20
2553 69
2552 79
2551 58
2550 86
2549 3
2548 31
2547 91
2546 31
2545 37
2544 47
2543 11
2542 5
2541 79
2540 46
2539 79
2538 52
2537 43
2536 55
2535 42
2534 51
2533 0
2532 23
2531 58
2530 25
2529 24
2528 98
2527 2
2526 84
2525 76
2524 32
2523 56
2522 30
2521 42
2520 93
2519 11
2518 90
2517 46
2516 40
2515 7
2514 36
2513 24
2512 54
2511 91
2510 96
2509 46
2508 86
2507 61
2506 19
2505 4
2504 18
2503 50
2502 49
2501 16
2500 19
2499 89
2498 13
2497 27
2496 99
2495 46
2494 30
2493 17
2492 56
2491 94
2490 7
2489 57
2488 79
2487 6
2486 57
2485 86
2484 84
2483 29
2482 41
2481 41
2480 93
2479 84
2478 23
2477 81
2476 39
2475 40
2474 36
2473 86
2472 64
2471 6
2470 93
2469 63
2468 0
2467 39
2466 78
2465 15
2464 84
2463 50
2462 33
2461 6
2460 80
2459 99
2458 4
2457 8
2456 74
2455 7
2454 35
2453 77
2452 17
2451 38
2450 79
2449 27
2448 67
2447 3
2446 30
2445 15
2444 95
2443 73
2442 0
2441 97
2440 32
2439 33
2438 64
2437 59
2436 80
2435 69
2434 83
2433 75
2432 10
2431 63
2430 87
2429 79
2428 58
2427 47
2426 83
2425 0
2424 44
2423 3
2422 39
2421 57
2420 34
2419 0
2418 95
2417 7
2416 29
2415 95
2414 80
2413 74
2412 33
2411 84
2410 71
2409 50
2408 14
2407 70
2406 7
2405 54
2404 93
2403 43
2402 71
2401 5
2400 29
2399 92
2398 1
2397 23
2396 34
2395 88
2394 35
2393 54
2392 84
2391 93
2390 91
2389 65
2388 17
2387 61
2386 42
2385 40
2384 62
2383 88
2382 77
2381 9
2380 9
2379 35
2378 68
2377 17
2376 49
2375 54
2374 90
2373 77
2372 74
2371 55
2370 28
2369 6
2368 29
2367 89
2366 96
2365 28
2364 66
2363 73
2362 13
2361 37
2360 70
2359 89
2358 4
2357 84
2356 51
2355 54
2354 82
2353 97
2352 64
2351 41
2350 75
2349 91
2348 70
2347 56
2346 12
2345 1
2344 33
2343 80
2342 46
2341 33
2340 42
2339 63
2338 85
2337 33
2336 64
2335 2
2334 87
2333 32
2332 37
2331 6
2330 28
2329 76
2328 93
2327 84
2326 6
2325 91
2324 23
2323 98
2322 14
2321 65
2320 97
2319 96
2318 4
2317 11
2316 10
2315 39
2314 92
2313 8
2312 43
2311 59
2310 4
2309 74
2308 5
2307 99
2306 61
2305 19
2304 9
2303 7
2302 50
2301 38
2300 79
2299 27
2298 18
2297 13
2296 29
2295 89
2294 49
2293 66
2292 84
2291 8
2290 68
2289 21
2288 69
2287 45
2286 27
2285 38
2284 32
2283 33
2282 49
2281 34
2280 98
2279 40
2278 71
2277 66
2276 80
2275 87
2274 49
2273 15
2272 7
2271 67
2270 68
2269 75
2268 43
2267 64
2266 17
2265 88
2264 67
2263 4
2262 39
2261 99
2260 2
2259 62
2258 3
2257 25
2256 73
2255 26
2254 12
2253 81
2252 51
2251 27
2250 74
2249 21
2248 2
2247 94
2246 92
2245 37
2244 68
2243 77
2242 8
2241 17
2240 64
2239 52
2238 50
2237 77
2236 80
2235 24
2234 1
2233 65
2232 83
2231 35
2230 81
2229 62
2228 46
2227 13
2226 98
2225 81
2224 78
2223 82
2222 26
2221 12
2220 54
2219 75
2218 53
2217 92
2216 38
2215 81
2214 69
2213 69
2212 42
2211 42
2210 0
2209 78
2208 77
2207 48
2206 80
2205 47
2204 71
2203 100
2202 32
2201 41
2200 44
2199 65
2198 21
2197 44
2196 47
2195 53
2194 50
2193 27
2192 86
2191 51
2190 97
2189 2
2188 17
2187 3
2186 11
2185 25
2184 87
2183 33
2182 100
2181 44
2180 23
2179 66
2178 93
2177 79
2176 15
2175 49
2174 57
2173 82
2172 66
2171 93
2170 74
2169 6
2168 90
2167 41
2166 6
2165 57
2164 36
2163 0
2162 31
2161 19
2160 88
2159 29
2158 42
2157 97
2156 48
2155 30
2154 95
2153 7
2152 8
2151 44
2150 58
2149 53
2148 98
2147 60
2146 44
2145 50
2144 56
2143 87
2142 78
2141 64
2140 8
2139 37
2138 76
2137 91
2136 38
2135 99
2134 21
2133 61
2132 96
2131 65
2130 48
2129 16
2128 59
2127 91
2126 77
2125 90
2124 2
2123 71
2122 58
2121 52
2120 96
2119 1
2118 97
2117 94
2116 65
2115 100
2114 28
2113 13
2112 81
2111 38
2110 71
2109 63
2108 99
2107 31
2106 100
2105 23
2104 35
2103 5
2102 96
2101 65
2100 37
2099 63
2098 0
2097 13
2096 71
2095 44
2094 91
2093 67
2092 71
2091 7
2090 11
2089 6
2088 100
2087 36
2086 79
2085 16
2084 88
2083 66
2082 99
2081 79
2080 53
2079 97
2078 68
2077 61
2076 10
2075 69
2074 42
2073 5
2072 70
2071 32
2070 63
2069 88
2068 14
2067 59
2066 75
2065 27
2064 49
2063 54
2062 68
2061 2
2060 9
2059 64
2058 33
2057 87
2056 7
2055 15
2054 40
2053 71
2052 75
2051 93
2050 23
2049 100
2048 69
2047 31
2046 37
2045 91
2044 81
2043 51
2042 36
2041 8
2040 96
2039 37
2038 21
2037 15
2036 79
2035 83
2034 96
2033 50
2032 53
2031 97
2030 34
2029 12
2028 31
2027 98
2026 36
2025 0
2024 24
2023 5
2022 57
2021 32
2020 31
2019 65
2018 37
2017 38
2016 13
2015 7
2014 82
2013 73
2012 53
2011 26
2010 75
2009 81
2008 82
2007 4
2006 41
2005 93
2004 9
2003 99
2002 58
2001 92
2000 62
1999 72
1998 27
1997 44
1996 47
1995 1
1994 4
1993 29
1992 4
1991 94
1990 48
1989 60
1988 5
1987 50
1986 59
1985 98
1984 16
1983 56
1982 70
1981 82
1980 91
1979 12
1978 95
1977 77
1976 7
1975 75
1974 48
1973 74
1972 94
1971 64
1970 5
1969 94
1968 84
1967 63
1966 58
1965 15
1964 36
1963 91
1962 84
1961 2
1960 55
1959 72
1958 9
1957 99
1956 13
1955 81
1954 87
1953 98
1952 99
1951 78
1950 91
1949 23
1948 82
1947 12
1946 36
1945 29
1944 85
1943 16
1942 84
1941 79
1940 96
1939 34
1938 63
1937 30
1936 4
1935 13
1934 83
1933 95
1932 54
1931 32
1930 46
1929 34
1928 23
1927 81
1926 55
1925 88
1924 17
1923 71
1922 35
1921 76
1920 35
1919 58
1918 12
1917 72
1916 77
1915 51
1914 33
1913 48
1912 24
1911 99
1910 76
1909 74
1908 64
1907 18
1906 49
1905 80
1904 28
1903 45
1902 19
1901 90
1900 55
1899 88
1898 96
1897 7
1896 87
1895 86
1894 52
1893 40
1892 81
1891 88
1890 80
1889 11
1888 17
1887 55
1886 36
1885 53
1884 17
1883 95
1882 14
1881 54
1880 97
1879 35
1878 84
1877 23
1876 82
1875 53
1874 3
1873 15
1872 22
1871 38
1870 56
1869 52
1868 4
1867 74
1866 33
1865 59
1864 30
1863 5
1862 100
1861 93
1860 49
1859 80
1858 7
1857 98
1856 28
1855 95
1854 78
1853 15
1852 72
1851 33
1850 65
1849 47
1848 100
1847 63
1846 20
1845 94
1844 58
1843 67
1842 70
1841 37
1840 54
1839 10
1838 81
1837 48
1836 44
1835 66
1834 78
1833 87
1832 24
1831 47
1830 98
1829 38
1828 8
1827 4
1826 42
1825 38
1824 18
1823 3
1822 19
1821 19
1820 85
1819 48
1818 77
1817 42
1816 64
1815 94
1814 19
1813 5
1812 62
1811 84
1810 15
1809 52
1808 99
1807 30
1806 6
1805 22
1804 49
1803 11
1802 24
1801 17
1800 24
1799 23
1798 65
1797 15
1796 67
1795 78
1794 12
1793 67
1792 27
1791 56
1790 87
1789 79
1788 5
1787 100
1786 37
1785 32
1784 57
1783 28
1782 74
1781 1
1780 61
1779 19
1778 51
1777 97
1776 6
1775 94
1774 36
1773 89
1772 29
1771 36
1770 58
1769 23
1768 66
1767 77
1766 42
1765 55
1764 78
1763 10
1762 27
1761 48
1760 39
1759 18
1758 89
1757 18
1756 70
1755 35
1754 61
1753 27
1752 56
1751 47
1750 60
1749 58
1748 16
1747 26
1746 82
1745 11
1744 42
1743 98
1742 40
1741 8
1740 73
1739 47
1738 67
1737 10
1736 92
1735 89
1734 11
1733 17
1732 88
1731 53
1730 54
1729 2
1728 54
1727 11
1726 31
1725 21
1724 42
1723 30
1722 54
1721 51
1720 62
1719 71
1718 96
1717 81
1716 28
1715 24
1714 25
1713 24
1712 79
1711 89
1710 31
1709 43
1708 47
1707 30
1706 12
1705 88
1704 35
1703 88
1702 41
1701 47
1700 31
1699 82
1698 15
1697 21
1696 82
1695 34
1694 11
1693 92
1692 100
1691 99
1690 81
1689 74
1688 5
1687 18
1686 44
1685 46
1684 53
1683 10
1682 93
1681 73
1680 36
1679 27
1678 44
1677 49
1676 21
1675 83
1674 32
1673 34
1672 64
1671 52
1670 70
1669 90
1668 11
1667 90
1666 48
1665 98
1664 5
1663 8
1662 27
1661 3
1660 0
1659 44
1658 3
1657 83
1656 38
1655 39
1654 29
1653 96
1652 33
1651 94
1650 40
1649 87
1648 39
1647 3
1646 35
1645 18
1644 45
1643 73
1642 4
1641 19
1640 19
1639 5
1638 22
1637 30
1636 61
1635 29
1634 41
1633 78
1632 12
1631 87
1630 38
1629 35
1628 17
1627 53
1626 25
1625 79
1624 43
1623 8
1622 97
1621 3
1620 96
1619 39
1618 86
1617 2
1616 12
1615 65
1614 67
1613 59
1612 8
1611 61
1610 4
1609 89
1608 53
1607 78
1606 28
1605 18
1604 91
1603 57
1602 21
1601 41
1600 71
1599 72
1598 27
1597 56
1596 42
1595 84
1594 36
1593 77
1592 91
1591 8
1590 8
1589 30
1588 36
1587 75
1586 85
1585 100
1584 11
1583 30
1582 50
1581 24
1580 2
1579 52
1578 25
1577 96
1576 17
1575 53
1574 77
1573 51
1572 52
1571 23
1570 35
1569 23
1568 50
1567 9
1566 31
1565 27
1564 75
1563 70
1562 92
1561 7
1560 96
1559 57
1558 92
1557 92
1556 66
1555 66
1554 20
1553 43
1552 10
1551 85
1550 40
1549 49
1548 52
1547 87
1546 61
1545 39
1544 90
1543 58
1542 2
1541 81
1540 20
1539 1
1538 44
1537 33
1536 0
1535 21
1534 91
1533 0
1532 16
1531 57
1530 4
1529 47
1528 73
1527 22
1526 21
1525 40
1524 47
1523 23
1522 5
1521 7
1520 60
1519 52
1518 96
1517 30
1516 16
1515 76
1514 52
1513 51
1512 23
1511 95
1510 12
1509 73
1508 86
1507 71
1506 32
1505 92
1504 90
1503 10
1502 11
1501 14
1500 22
1499 13
1498 95
1497 18
1496 36
1495 100
1494 22
1493 57
1492 27
1491 52
1490 73
1489 49
1488 7
1487 58
1486 15
1485 17
1484 72
1483 56
1482 53
1481 76
1480 85
1479 86
1478 40
1477 94
1476 48
1475 22
1474 77
1473 53
1472 99
1471 81
1470 77
1469 35
1468 22
1467 75
1466 23
1465 24
1464 56
1463 98
1462 2
1461 70
1460 19
1459 59
1458 79
1457 18
1456 18
1455 99
1454 69
1453 15
1452 10
1451 55
1450 38
1449 5
1448 64
1447 32
1446 6
1445 16
1444 67
1443 96
1442 72
1441 15
1440 2
1439 84
1438 68
1437 57
1436 60
1435 39
1434 15
1433 45
1432 31
1431 17
1430 75
1429 70
1428 21
1427 31
1426 23
1425 55
1424 60
1423 69
1422 58
1421 58
1420 8
1419 0
1418 30
1417 19
1416 72
1415 79
1414 80
1413 55
1412 21
1411 41
1410 17
1409 22
1408 47
1407 20
1406 37
1405 8
1404 76
1403 80
1402 99
1401 3
1400 18
1399 12
1398 45
1397 94
1396 87
1395 52
1394 51
1393 97
1392 52
1391 30
1390 82
1389 71
1388 63
1387 83
1386 56
1385 98
1384 97
1383 99
1382 37
1381 8
1380 73
1379 36
1378 20
1377 12
1376 8
1375 38
1374 23
1373 100
1372 6
1371 21
1370 0
1369 0
1368 8
1367 8
1366 20
1365 99
1364 55
1363 14
1362 70
1361 62
1360 13
1359 33
1358 10
1357 28
1356 2
1355 90
1354 35
1353 71
1352 26
1351 74
1350 64
1349 81
1348 82
1347 68
1346 35
1345 96
1344 17
1343 45
1342 89
1341 21
1340 23
1339 97
1338 99
1337 11
1336 96
1335 34
1334 46
1333 80
1332 75
1331 0
1330 90
1329 17
1328 10
1327 85
1326 98
1325 68
1324 68
1323 64
1322 65
1321 92
1320 29
1319 42
1318 50
1317 69
1316 72
1315 35
1314 82
1313 41
1312 31
1311 90
1310 58
1309 68
1308 96
1307 30
1306 21
1305 83
1304 19
1303 51
1302 2
1301 2
1300 88
1299 35
1298 31
1297 20
1296 32
1295 34
1294 99
1293 7
1292 64
1291 62
1290 90
1289 65
1288 26
1287 33
1286 22
1285 61
1284 87
1283 50
1282 100
1281 69
1280 40
1279 53
1278 88
1277 80
1276 85
1275 77
1274 2
1273 2
1272 16
1271 19
1270 32
1269 15
1268 29
1267 97
1266 4
1265 9
1264 3
1263 39
1262 94
1261 10
1260 51
1259 76
1258 45
1257 68
1256 33
1255 0
1254 46
1253 38
1252 84
1251 90
1250 11
1249 73
1248 16
1247 11
1246 28
1245 24
1244 67
1243 76
1242 94
1241 94
1240 92
1239 98
1238 49
1237 50
1236 2
1235 77
1234 44
1233 71
1232 23
1231 85
1230 45
1229 87
1228 68
1227 14
1226 92
1225 66
1224 49
1223 84
1222 97
1221 47
1220 94
1219 87
1218 30
1217 54
1216 69
1215 43
1214 57
1213 83
1212 23
1211 70
1210 22
1209 13
1208 42
1207 24
1206 55
1205 21
1204 99
1203 22
1202 21
1201 23
1200 37
1199 76
1198 7
1197 84
1196 74
1195 20
1194 43
1193 77
1192 19
1191 99
1190 61
1189 20
1188 46
1187 61
1186 73
1185 57
1184 73
1183 38
1182 71
1181 40
1180 81
1179 36
1178 15
1177 55
1176 4
1175 17
1174 37
1173 64
1172 80
1171 32
1170 82
1169 74
1168 81
1167 87
1166 93
1165 7
1164 41
1163 46
1162 25
1161 10
1160 51
1159 49
1158 76
1157 92
1156 66
1155 66
1154 9
1153 74
1152 67
1151 52
1150 7
1149 64
1148 37
1147 82
1146 62
1145 73
1144 83
1143 25
1142 36
1141 23
1140 89
1139 100
1138 49
1137 95
1136 74
1135 58
1134 53
1133 96
1132 39
1131 96
1130 93
1129 79
1128 27
1127 77
1126 37
1125 92
1124 65
1123 4
1122 100
1121 52
1120 2
1119 67
1118 4
1117 72
1116 21
1115 83
1114 42
1113 54
1112 31
1111 72
1110 61
1109 58
1108 51
1107 45
1106 1
1105 1
1104 29
1103 74
1102 99
1101 32
1100 5
1099 64
1098 79
1097 83
1096 13
1095 32
1094 72
1093 15
1092 38
1091 92
1090 51
1089 81
1088 17
1087 86
1086 82
1085 85
1084 12
1083 61
1082 65
1081 74
1080 87
1079 11
1078 77
1077 90
1076 29
1075 31
1074 4
1073 26
1072 15
1071 84
1070 86
1069 4
1068 75
1067 34
1066 75
1065 79
1064 90
1063 42
1062 51
1061 27
1060 25
1059 61
1058 74
1057 70
1056 65
1055 48
1054 91
1053 91
1052 28
1051 96
1050 6
1049 3
1048 61
1047 47
1046 44
1045 33
1044 83
1043 56
1042 85
1041 17
1040 21
1039 18
1038 47
1037 39
1036 87
1035 81
1034 63
1033 9
1032 11
1031 67
1030 32
1029 3
1028 39
1027 6
1026 24
1025 7
1024 66
1023 35
1022 95
1021 70
1020 98
1019 79
1018 85
1017 32
1016 41
1015 87
1014 20
1013 16
1012 35
1011 7
1010 64
1009 69
1008 18
1007 42
1006 28
1005 45
1004 91
1003 59
1002 20
1001 90
1000 70
999 2
998 39
997 90
996 95
995 43
994 34
993 20
992 20
991 66
990 78
989 99
988 84
987 70
986 39
985 37
984 88
983 74
982 89
981 95
980 53
979 94
978 62
977 83
976 57
975 96
974 55
973 3
972 69
971 34
970 82
969 18
968 69
967 83
966 75
965 85
964 73
963 68
962 10
961 0
960 43
959 21
958 56
957 12
956 40
955 95
954 47
953 9
952 7
951 14
950 46
949 9
948 98
947 96
946 33
945 21
944 23
943 47
942 91
941 37
940 46
939 66
938 60
937 12
936 40
935 7
934 73
933 45
932 84
931 72
930 74
929 45
928 11
927 48
926 79
925 44
924 98
923 46
922 44
921 56
920 89
919 11
918 11
917 62
916 18
915 34
914 1
913 91
912 67
911 70
910 4
909 80
908 54
907 100
906 0
905 44
904 11
903 38
902 12
901 79
900 94
899 18
898 76
897 19
896 57
895 35
894 99
893 90
892 46
891 21
890 44
889 90
888 12
887 33
886 11
885 63
884 62
883 58
882 23
881 57
880 19
879 54
878 45
877 68
876 19
875 4
874 67
873 50
872 75
871 72
870 34
869 30
868 28
867 44
866 26
865 8
864 56
863 97
862 4
861 56
860 43
859 70
858 34
857 2
856 26
855 19
854 69
853 75
852 75
851 80
850 25
849 19
848 86
847 79
846 60
845 99
844 3
843 97
842 73
841 13
840 78
839 39
838 34
837 57
836 67
835 84
834 80
833 89
832 2
831 29
830 50
829 93
828 61
827 40
826 6
825 51
824 62
823 89
822 68
821 19
820 100
819 64
818 100
817 13
816 27
815 31
814 0
813 78
812 99
811 6
810 99
809 35
808 8
807 23
806 76
805 54
804 8
803 60
802 54
801 83
800 10
799 9
798 85
797 77
796 53
795 70
794 90
793 29
792 10
791 20
790 42
789 19
788 68
787 66
786 74
785 48
784 15
783 67
782 24
781 95
780 10
779 19
778 16
777 62
776 14
775 86
774 54
773 78
772 100
771 24
770 97
769 45
768 67
767 70
766 7
765 19
764 53
763 80
762 51
761 24
760 81
759 31
758 51
757 30
756 71
755 91
754 37
753 32
752 44
751 31
750 51
749 92
748 30
747 12
746 56
745 67
744 77
743 11
742 10
741 49
740 41
739 0
738 14
737 20
736 51
735 69
734 23
733 15
732 76
731 70
730 75
729 87
728 82
727 94
726 87
725 14
724 42
723 60
722 42
721 99
720 82
719 52
718 70
717 95
716 94
715 53
714 92
713 66
712 78
711 80
710 3
709 26
708 13
707 12
706 33
705 41
704 25
703 86
702 65
701 90
700 8
699 21
698 37
697 84
696 15
695 61
694 42
693 69
692 45
691 81
690 96
689 62
688 79
687 19
686 38
685 66
684 62
683 59
682 34
681 17
680 64
679 41
678 92
677 51
676 82
675 74
674 63
673 23
672 80
671 75
670 70
669 54
668 95
667 79
666 18
665 40
664 96
663 86
662 65
661 91
660 72
659 79
658 28
657 31
656 50
655 14
654 74
653 24
652 19
651 59
650 34
649 84
648 74
647 45
646 66
645 67
644 91
643 6
642 12
641 8
640 95
639 70
638 67
637 53
636 95
635 89
634 58
633 56
632 18
631 49
630 82
629 38
628 16
627 64
626 84
625 22
624 78
623 86
622 91
621 88
620 70
619 83
618 3
617 49
616 23
615 100
614 14
613 7
612 5
611 45
610 73
609 1
608 63
607 85
606 84
605 59
604 58
603 92
602 74
601 78
600 18
599 19
598 72
597 58
596 87
595 40
594 51
593 34
592 94
591 75
590 39
589 77
588 42
587 78
586 8
585 32
584 11
583 91
582 52
581 69
580 4
579 8
578 73
577 49
576 43
575 70
574 54
573 91
572 43
571 5
570 89
569 56
568 37
567 94
566 44
565 37
564 36
563 67
562 88
561 17
560 43
559 23
558 89
557 46
556 58
555 92
554 80
553 83
552 71
551 2
550 51
549 71
548 55
547 93
546 84
545 89
544 19
543 61
542 28
541 7
540 49
539 95
538 55
537 76
536 60
535 23
534 27
533 33
532 20
531 69
530 16
529 7
528 64
527 100
526 43
525 9
524 48
523 55
522 29
521 46
520 28
519 19
518 14
517 73
516 7
515 55
514 58
513 4
512 68
511 13
510 1
509 37
508 27
507 32
506 58
505 85
504 83
503 59
502 35
501 84
500 47
499 76
498 83
497 86
496 46
495 65
494 32
493 20
492 33
491 88
490 17
489 15
488 34
487 73
486 36
485 87
484 5
483 63
482 77
481 17
480 69
479 32
478 20
477 73
476 7
475 44
474 12
473 91
472 24
471 21
470 13
469 97
468 55
467 58
466 49
465 2
464 8
463 68
462 8
461 24
460 11
459 71
458 96
457 39
456 21
455 32
454 80
453 1
452 14
451 27
450 40
449 75
448 83
447 19
446 9
445 33
444 64
443 12
442 75
441 84
440 97
439 85
438 17
437 28
436 72
435 70
434 15
433 31
432 25
431 40
430 85
429 24
428 50
427 51
426 63
425 18
424 86
423 39
422 11
421 10
420 63
419 38
418 69
417 55
416 42
415 89
414 70
413 38
412 39
411 98
410 46
409 39
408 22
407 83
406 48
405 98
404 20
403 26
402 13
401 84
400 23
399 56
398 36
397 16
396 83
395 9
394 30
393 76
392 29
391 22
390 42
389 8
388 9
387 53
386 66
385 33
384 43
383 95
382 65
381 31
380 36
379 57
378 23
377 73
376 76
375 35
374 54
373 64
372 21
371 71
370 62
369 52
368 48
367 24
366 54
365 14
364 9
363 85
362 1
361 66
360 39
359 58
358 100
357 8
356 14
355 9
354 7
353 58
352 82
351 56
350 48
349 66
348 63
347 36
346 75
345 74
344 40
343 59
342 45
341 31
340 19
339 30
338 92
337 20
336 20
335 51
334 24
333 72
332 2
331 73
330 65
329 88
328 42
327 67
326 9
325 7
324 9
323 72
322 85
321 25
320 25
319 69
318 46
317 29
316 85
315 69
314 70
313 61
312 21
311 99
310 20
309 90
308 36
307 14
306 29
305 95
304 31
303 20
302 26
301 89
300 16
299 11
298 59
297 48
296 10
295 36
294 67
293 89
292 3
291 62
290 79
289 27
288 98
287 14
286 43
285 62
284 65
283 13
282 93
281 50
280 69
279 15
278 33
277 56
276 46
275 73
274 91
273 38
272 29
271 59
270 54
269 95
268 2
267 37
266 24
265 27
264 3
263 70
262 52
261 66
260 53
259 88
258 16
257 7
256 62
255 80
254 64
253 62
252 10
251 55
250 42
249 73
248 75
247 51
246 70
245 35
244 49
243 62
242 30
241 62
240 81
239 54
238 60
237 40
236 62
235 34
234 95
233 56
232 60
231 33
230 78
229 24
228 36
227 27
226 55
225 13
224 53
223 85
222 46
221 97
220 97
219 27
218 90
217 48
216 90
215 90
214 2
213 59
212 93
211 68
210 100
209 18
208 53
207 69
206 24
205 96
204 36
203 12
202 69
201 30
200 99
199 98
198 0
197 56
196 88
195 44
194 64
193 91
192 73
191 49
190 22
189 17
188 80
187 56
186 52
185 33
184 25
183 68
182 19
181 76
180 70
179 82
178 63
177 15
176 31
175 69
174 36
173 4
172 65
171 21
170 26
169 71
168 30
167 33
166 75
165 0
164 8
163 23
162 52
161 83
160 3
159 99
158 55
157 79
156 82
155 20
154 91
153 58
152 49
151 4
150 68
149 89
148 18
147 22
146 51
145 1
144 11
143 68
142 84
141 99
140 62
139 86
138 58
137 92
136 79
135 47
134 69
133 31
132 70
131 68
130 63
129 31
128 50
127 18
126 6
125 13
124 87
123 13
122 56
121 14
120 57
119 11
118 34
117 37
116 3
115 78
114 77
113 4
112 37
111 79
110 4
109 36
108 5
107 46
106 36
105 39
104 13
103 66
102 16
101 14
100 55
99 89
98 90
97 80
96 100
95 1
94 43
93 31
92 93
91 73
90 28
89 51
88 69
87 5
86 72
85 99
84 4
83 61
82 60
81 77
80 89
79 95
78 22
77 9
76 94
75 25
74 40
73 75
72 64
71 62
70 75
69 62
68 100
67 57
66 14
65 88
64 74
63 82
62 95
61 61
60 99
59 87
58 0
57 70
56 74
55 56
54 35
53 100
52 15
51 25
50 32
49 54
48 22
47 74
46 46
45 35
44 46
43 90
42 45
41 4
40 2
39 91
38 41
37 43
36 65
35 7
34 39
33 74
32 40
31 37
30 86
29 18
28 45
27 76
26 31
25 82
24 67
23 64
22 64
21 42
20 11
19 21
18 100
17 95
16 55
15 78
14 15
13 79
12 31
11 47
10 73
9 38
8 48
7 78
6 82
5 55
4 77
3 7
2 78
1 68
0 11
