6500 11
6499 78
6498 30
6497 82
6496 35
6495 70
6494 30
6493 93
6492 37
6491 54
6490 15
6489 49
6488 24
6487 19
6486 64
6485 29
6484 23
6483 32
6482 42
6481 52
6480 34
6479 25
6478 86
6477 19
6476 13
6475 46
6474 43
6473 56
6472 29
6471 43
6470 92
6469 8
6468 79
6467 98
6466 80
6465 43
6464 8
6463 46
6462 10
6461 51
6460 15
6459 33
6458 8
6457 26
6456 77
6455 12
6454 9
6453 50
6452 36
6451 39
6450 55
6449 55
6448 63
6447 6
6446 3
6445 38
6444 69
6443 10
6442 51
6441 50
6440 79
6439 9
6438 85
6437 76
6436 53
6435 47
6434 80
6433 53
6432 95
6431 20
6430 85
6429 21
6428 59
6427 24
6426 70
6425 74
6424 89
6423 47
6422 34
6421 56
6420 54
6419 4
6418 62
6417 15
6416 34
6415 62
6414 54
6413 87
6412 72
6411 19
6410 34
6409 5
6408 54
6407 23
6406 65
6405 83
6404 99
6403 59
6402 62
6401 74
6400 84
6399 0
6398 82
6397 59
6396 25
6395 96
6394 24
6393 9
6392 44
6391 84
6390 37
6389 100
6388 67
6387 90
6386 52
6385 32
6384 53
6383 18
6382 80
6381 69
6380 61
6379 99
6378 82
6377 30
6376 18
6375 49
6374 45
6373 58
6372 13
6371 29
6370 62
6369 82
6368 13
6367 71
6366 20
6365 21
6364 6
6363 73
6362 76
6361 33
6360 9
6359 76
6358 47
6357 44
6356 93
6355 61
6354 76
6353 74
6352 32
6351 26
6350 2
6349 54
6348 81
6347 46
6346 20
6345 19
6344 60
6343 65
6342 30
6341 72
6340 37
6339 30
6338 26
6337 47
6336 43
6335 72
6334 32
6333 11
6332 87
6331 94
6330 63
6329 3
6328 7
6327 56
6326 32
6325 29
6324 98
6323 73
6322 64
6321 29
6320 25
6319 69
6318 80
6317 35
6316 64
6315 27
6314 93
6313 46
6312 81
6311 69
6310 10
6309 98
6308 7
6307 6
6306 34
6305 99
6304 94
6303 94
6302 93
6301 83
6300 39
6299 26
6298 72
6297 38
6296 84
6295 31
6294 73
6293 65
6292 79
6291 58
6290 80
6289 92
6288 55
6287 70
6286 41
6285 47
6284 87
6283 83
6282 71
6281 72
6280 39
6279 26
6278 99
6277 93
6276 98
6275 76
6274 28
6273 40
6272 33
6271 100
6270 73
6269 95
6268 8
6267 39
6266 65
6265 96
6264 19
6263 34
6262 62
6261 22
6260 94
6259 46
6258 9
6257 65
6256 74
6255 97
6254 51
6253 48
6252 27
6251 12
6250 21
6249 57
6248 60
6247 61
6246 99
6245 39
6244 45
6243 34
6242 37
6241 98
6240 33
6239 69
6238 68
6237 84
6236 65
6235 91
6234 95
6233 47
6232 70
6231 96
6230 32
6229 92
6228 4
6227 51
6226 43
6225 11
6224 49
6223 4
6222 91
6221 83
6220 62
6219 13
6218 47
6217 83
6216 65
6215 94
6214 41
6213 2
6212 90
6211 86
6210 97
6209 5
6208 99
6207 69
6206 42
6205 20
6204 83
6203 10
6202 45
6201 12
6200 11
6199 1
6198 73
6197 66
6196 86
6195 97
6194 32
6193 13
6192 30
6191 34
6190 70
6189 90
6188 68
6187 90
6186 41
6185 84
6184 4
6183 94
6182 25
6181 52
6180 68
6179 63
6178 22
6177 95
6176 3
6175 43
6174 10
6173 57
6172 88
6171 34
6170 54
6169 40
6168 96
6167 37
6166 9
6165 62
6164 20
6163 69
6162 36
6161 9
6160 25
6159 50
6158 16
6157 23
6156 61
6155 83
6154 46
6153 17
6152 46
6151 66
6150 22
6149 62
6148 82
6147 38
6146 8
6145 57
6144 4
6143 1
6142 26
6141 85
6140 57
6139 61
6138 55
6137 13
6136 91
6135 53
6134 8
6133 39
6132 59
6131 45
6130 8
6129 19
6128 31
6127 9
6126 30
6125 39
6124 40
6123 8
6122 9
6121 76
6120 54
6119 62
6118 18
6117 50
6116 0
6115 65
6114 86
6113 38
6112 87
6111 53
6110 80
6109 84
6108 92
6107 32
6106 9
6105 50
6104 74
6103 9
6102 12
6101 6
6100 64
6099 48
6098 81
6097 3
6096 76
6095 97
6094 88
6093 39
6092 36
6091 86
6090 24
6089 46
6088 38
6087 26
6086 55
6085 88
6084 95
6083 10
6082 98
6081 10
6080 91
6079 74
6078 82
6077 22
6076 82
6075 64
6074 28
6073 20
6072 55
6071 20
6070 57
6069 75
6068 90
6067 42
6066 8
6065 7
6064 39
6063 50
6062 8
6061 86
6060 65
6059 92
6058 77
6057 64
6056 59
6055 25
6054 11
6053 14
6052 35
6051 78
6050 13
6049 43
6048 72
6047 63
6046 62
6045 41
6044 0
6043 4
6042 34
6041 43
6040 97
6039 67
6038 64
6037 26
6036 11
6035 60
6034 90
6033 88
6032 2
6031 33
6030 98
6029 56
6028 48
6027 23
6026 83
6025 96
6024 89
6023 13
6022 79
6021 100
6020 1
6019 25
6018 51
6017 15
6016 42
6015 54
6014 74
6013 21
6012 29
6011 76
6010 98
6009 100
6008 78
6007 15
6006 47
6005 62
6004 85
6003 61
6002 46
6001 76
6000 24
5999 28
5998 65
5997 12
5996 13
5995 11
5994 50
5993 40
5992 7
5991 29
5990 77
5989 32
5988 73
5987 74
5986 67
5985 93
5984 75
5983 12
5982 57
5981 10
5980 77
5979 8
5978 68
5977 69
5976 90
5975 74
5974 19
5973 33
5972 63
5971 65
5970 2
5969 98
5968 51
5967 66
5966 5
5965 21
5964 59
5963 40
5962 48
5961 60
5960 25
5959 41
5958 0
5957 27
5956 45
5955 46
5954 35
5953 51
5952 60
5951 2
5950 40
5949 58
5948 64
5947 92
5946 21
5945 34
5944 70
5943 9
5942 52
5941 19
5940 5
5939 76
5938 100
5937 91
5936 0
5935 50
5934 66
5933 28
5932 58
5931 60
5930 19
5929 67
5928 59
5927 1
5926 37
5925 31
5924 52
5923 56
5922 47
5921 58
5920 86
5919 32
5918 92
5917 11
5916 70
5915 90
5914 99
5913 93
5912 1
5911 78
5910 37
5909 20
5908 10
5907 51
5906 8
5905 23
5904 93
5903 58
5902 4
5901 76
5900 99
5899 61
5898 76
5897 68
5896 82
5895 18
5894 86
5893 5
5892 14
5891 1
5890 74
5889 40
5888 12
5887 30
5886 52
5885 59
5884 40
5883 63
5882 51
5881 57
5880 49
5879 21
5878 0
5877 60
5876 47
5875 99
5874 9
5873 31
5872 64
5871 23
5870 97
5869 28
5868 69
5867 16
5866 2
5865 4
5864 18
5863 61
5862 76
5861 75
5860 37
5859 43
5858 53
5857 40
5856 69
5855 39
5854 51
5853 60
5852 27
5851 98
5850 65
5849 95
5848 37
5847 100
5846 12
5845 46
5844 66
5843 40
5842 33
5841 93
5840 100
5839 35
5838 81
5837 74
5836 73
5835 48
5834 77
5833 8
5832 48
5831 24
5830 54
5829 95
5828 49
5827 73
5826 91
5825 57
5824 28
5823 11
5822 97
5821 91
5820 24
5819 2
5818 75
5817 74
5816 86
5815 20
5814 58
5813 34
5812 51
5811 15
5810 76
5809 29
5808 7
5807 54
5806 2
5805 11
5804 50
5803 31
5802 26
5801 99
5800 58
5799 21
5798 6
5797 9
5796 73
5795 52
5794 71
5793 79
5792 62
5791 79
5790 51
5789 49
5788 98
5787 16
5786 25
5785 90
5784 61
5783 52
5782 0
5781 86
5780 85
5779 11
5778 7
5777 2
5776 48
5775 7
5774 71
5773 30
5772 7
5771 85
5770 39
5769 49
5768 34
5767 73
5766 51
5765 97
5764 66
5763 96
5762 38
5761 65
5760 96
5759 96
5758 51
5757 68
5756 43
5755 83
5754 32
5753 49
5752 51
5751 60
5750 65
5749 87
5748 7
5747 36
5746 82
5745 37
5744 6
5743 36
5742 17
5741 58
5740 85
5739 6
5738 51
5737 32
5736 70
5735 87
5734 63
5733 75
5732 20
5731 98
5730 52
5729 15
5728 32
5727 26
5726 13
5725 93
5724 84
5723 97
5722 10
5721 34
5720 19
5719 19
5718 97
5717 6
5716 78
5715 86
5714 9
5713 13
5712 49
5711 88
5710 98
5709 24
5708 51
5707 53
5706 71
5705 44
5704 7
5703 39
5702 95
5701 57
5700 42
5699 30
5698 90
5697 36
5696 100
5695 68
5694 48
5693 63
5692 85
5691 27
5690 46
5689 79
5688 54
5687 27
5686 27
5685 14
5684 76
5683 13
5682 36
5681 14
5680 93
5679 97
5678 22
5677 32
5676 54
5675 69
5674 100
5673 59
5672 6
5671 41
5670 49
5669 6
5668 53
5667 24
5666 45
5665 11
5664 15
5663 17
5662 89
5661 94
5660 4
5659 5
5658 34
5657 68
5656 90
5655 91
5654 47
5653 63
5652 16
5651 38
5650 49
5649 72
5648 61
5647 3
5646 42
5645 36
5644 26
5643 65
5642 73
5641 6
5640 75
5639 10
5638 64
5637 31
5636 32
5635 18
5634 84
5633 7
5632 47
5631 42
5630 69
5629 29
5628 37
5627 57
5626 50
5625 52
5624 32
5623 73
5622 68
5621 36
5620 4
5619 12
5618 48
5617 77
5616 82
5615 36
5614 90
5613 41
5612 70
5611 66
5610 5
5609 72
5608 86
5607 93
5606 86
5605 25
5604 19
5603 91
5602 91
5601 27
5600 93
5599 65
5598 18
5597 62
5596 61
5595 3
5594 36
5593 8
5592 52
5591 88
5590 76
5589 91
5588 95
5587 98
5586 88
5585 83
5584 37
5583 95
5582 37
5581 31
5580 48
5579 22
5578 28
5577 62
5576 1
5575 92
5574 25
5573 37
5572 63
5571 64
5570 2
5569 85
5568 15
5567 44
5566 26
5565 90
5564 2
5563 68
5562 6
5561 17
5560 43
5559 60
5558 44
5557 73
5556 4
5555 40
5554 16
5553 37
5552 96
5551 94
5550 57
5549 88
5548 5
5547 84
5546 19
5545 88
5544 47
5543 77
5542 37
5541 57
5540 52
5539 51
5538 76
5537 65
5536 81
5535 75
5534 1
5533 71
5532 77
5531 17
5530 9
5529 66
5528 93
5527 51
5526 12
5525 86
5524 51
5523 41
5522 47
5521 14
5520 24
5519 44
5518 19
5517 42
5516 34
5515 1
5514 97
5513 6
5512 48
5511 40
5510 78
5509 68
5508 99
5507 45
5506 65
5505 44
5504 29
5503 84
5502 35
5501 53
5500 83
5499 88
5498 46
5497 89
5496 6
5495 23
5494 46
5493 98
5492 19
5491 72
5490 26
5489 70
5488 14
5487 63
5486 61
5485 79
5484 79
5483 64
5482 8
5481 29
5480 0
5479 55
5478 12
5477 41
5476 10
5475 53
5474 74
5473 58
5472 25
5471 10
5470 81
5469 64
5468 93
5467 97
5466 28
5465 98
5464 55
5463 47
5462 4
5461 11
5460 15
5459 11
5458 75
5457 26
5456 27
5455 87
5454 69
5453 10
5452 36
5451 94
5450 52
5449 10
5448 64
5447 92
5446 22
5445 100
5444 30
5443 74
5442 85
5441 25
5440 55
5439 20
5438 16
5437 79
5436 83
5435 78
5434 8
5433 61
5432 72
5431 66
5430 89
5429 67
5428 83
5427 96
5426 21
5425 65
5424 48
5423 10
5422 88
5421 31
5420 71
5419 75
5418 48
5417 100
5416 9
5415 0
5414 41
5413 63
5412 13
5411 8
5410 86
5409 29
5408 10
5407 60
5406 88
5405 15
5404 46
5403 71
5402 17
5401 34
5400 96
5399 75
5398 26
5397 0
5396 10
5395 92
5394 37
5393 89
5392 59
5391 98
5390 16
5389 15
5388 94
5387 41
5386 57
5385 21
5384 12
5383 10
5382 29
5381 19
5380 8
5379 95
5378 86
5377 81
5376 68
5375 22
5374 89
5373 8
5372 76
5371 70
5370 27
5369 70
5368 16
5367 96
5366 38
5365 50
5364 32
5363 17
5362 77
5361 12
5360 62
5359 48
5358 58
5357 91
5356 55
5355 3
5354 37
5353 42
5352 16
5351 76
5350 20
5349 82
5348 26
5347 5
5346 26
5345 38
5344 60
5343 17
5342 44
5341 100
5340 49
5339 54
5338 34
5337 83
5336 85
5335 57
5334 44
5333 75
5332 50
5331 45
5330 36
5329 55
5328 48
5327 48
5326 31
5325 28
5324 23
5323 61
5322 55
5321 94
5320 83
5319 27
5318 91
5317 11
5316 92
5315 96
5314 75
5313 16
5312 59
5311 13
5310 13
5309 21
5308 92
5307 80
5306 23
5305 55
5304 63
5303 11
5302 15
5301 85
5300 55
5299 95
5298 97
5297 10
5296 42
5295 26
5294 31
5293 61
5292 29
5291 17
5290 3
5289 64
5288 41
5287 74
5286 13
5285 47
5284 79
5283 92
5282 85
5281 48
5280 2
5279 29
5278 64
5277 61
5276 93
5275 22
5274 95
5273 75
5272 41
5271 91
5270 2
5269 62
5268 30
5267 3
5266 48
5265 71
5264 11
5263 72
5262 45
5261 32
5260 20
5259 27
5258 60
5257 0
5256 96
5255 43
5254 99
5253 43
5252 99
5251 18
5250 6
5249 62
5248 18
5247 83
5246 40
5245 9
5244 30
5243 39
5242 5
5241 4
5240 25
5239 89
5238 3
5237 17
5236 56
5235 55
5234 66
5233 23
5232 35
5231 92
5230 1
5229 3
5228 5
5227 70
5226 71
5225 18
5224 97
5223 43
5222 78
5221 43
5220 70
5219 76
5218 28
5217 24
5216 62
5215 67
5214 99
5213 32
5212 5
5211 100
5210 30
5209 49
5208 91
5207 28
5206 46
5205 37
5204 35
5203 20
5202 29
5201 96
5200 78
5199 16
5198 57
5197 55
5196 96
5195 18
5194 65
5193 16
5192 67
5191 87
5190 85
5189 98
5188 33
5187 88
5186 3
5185 24
5184 95
5183 81
5182 72
5181 52
5180 33
5179 15
5178 46
5177 30
5176 10
5175 48
5174 41
5173 7
5172 45
5171 82
5170 65
5169 10
5168 92
5167 65
5166 58
5165 13
5164 50
5163 44
5162 87
5161 40
5160 99
5159 46
5158 10
5157 50
5156 98
5155 58
5154 7
5153 23
5152 63
5151 50
5150 91
5149 62
5148 1
5147 83
5146 99
5145 18
5144 13
5143 42
5142 53
5141 19
5140 81
5139 82
5138 69
5137 26
5136 79
5135 45
5134 71
5133 72
5132 30
5131 12
5130 45
5129 47
5128 95
5127 31
5126 18
5125 37
5124 56
5123 75
5122 10
5121 44
5120 58
5119 10
5118 87
5117 42
5116 85
5115 62
5114 99
5113 70
5112 13
5111 55
5110 41
5109 23
5108 25
5107 14
5106 7
5105 9
5104 96
5103 50
5102 93
5101 8
5100 56
5099 79
5098 31
5097 13
5096 64
5095 1
5094 32
5093 46
5092 55
5091 82
5090 84
5089 69
5088 40
5087 37
5086 3
5085 42
5084 62
5083 86
5082 92
5081 31
5080 15
5079 22
5078 74
5077 98
5076 8
5075 73
5074 8
5073 3
5072 83
5071 50
5070 23
5069 92
5068 28
5067 14
5066 23
5065 23
5064 8
5063 68
5062 25
5061 29
5060 90
5059 7
5058 60
5057 66
5056 82
5055 12
5054 25
5053 73
5052 28
5051 24
5050 92
5049 40
5048 39
5047 43
5046 0
5045 62
5044 64
5043 82
5042 31
5041 100
5040 56
5039 27
5038 13
5037 17
5036 2
5035 59
5034 30
5033 23
5032 41
5031 56
5030 11
5029 82
5028 72
5027 15
5026 81
5025 26
5024 66
5023 35
5022 89
5021 90
5020 66
5019 70
5018 32
5017 61
5016 33
5015 92
5014 14
5013 44
5012 72
5011 40
5010 51
5009 53
5008 39
5007 32
5006 63
5005 72
5004 19
5003 8
5002 17
5001 22
5000 2
4999 5
4998 69
4997 91
4996 50
4995 50
4994 42
4993 39
4992 14
4991 36
4990 31
4989 53
4988 51
4987 39
4986 100
4985 89
4984 8
4983 61
4982 74
4981 90
4980 64
4979 59
4978 28
4977 46
4976 86
4975 10
4974 69
4973 21
4972 81
4971 27
4970 15
4969 37
4968 59
4967 48
4966 32
4965 96
4964 91
4963 82
4962 93
4961 64
4960 34
4959 68
4958 70
4957 20
4956 85
4955 10
4954 28
4953 82
4952 17
4951 51
4950 90
4949 21
4948 53
4947 6
4946 26
4945 4
4944 69
4943 95
4942 69
4941 93
4940 97
4939 97
4938 92
4937 73
4936 74
4935 100
4934 21
4933 90
4932 92
4931 99
4930 26
4929 80
4928 18
4927 4
4926 46
4925 41
4924 56
4923 61
4922 8
4921 35
4920 99
4919 81
4918 30
4917 14
4916 55
4915 45
4914 82
4913 80
4912 73
4911 59
4910 40
4909 55
4908 68
4907 89
4906 89
4905 80
4904 33
4903 27
4902 72
4901 81
4900 66
4899 65
4898 93
4897 72
4896 80
4895 40
4894 92
4893 51
4892 34
4891 82
4890 54
4889 7
4888 55
4887 82
4886 62
4885 84
4884 32
4883 84
4882 50
4881 54
4880 80
4879 81
4878 13
4877 85
4876 39
4875 70
4874 88
4873 24
4872 69
4871 30
4870 95
4869 12
4868 90
4867 6
4866 8
4865 51
4864 59
4863 75
4862 39
4861 8
4860 57
4859 68
4858 15
4857 68
4856 5
4855 23
4854 41
4853 84
4852 40
4851 40
4850 41
4849 17
4848 18
4847 53
4846 88
4845 36
4844 97
4843 41
4842 33
4841 93
4840 4
4839 33
4838 46
4837 6
4836 86
4835 19
4834 18
4833 46
4832 42
4831 23
4830 51
4829 55
4828 16
4827 66
4826 89
4825 18
4824 71
4823 6
4822 6
4821 30
4820 15
4819 4
4818 5
4817 65
4816 50
4815 78
4814 56
4813 57
4812 59
4811 98
4810 22
4809 42
4808 69
4807 49
4806 58
4805 87
4804 8
4803 36
4802 52
4801 71
4800 85
4799 84
4798 55
4797 27
4796 3
4795 11
4794 6
4793 38
4792 60
4791 58
4790 91
4789 96
4788 42
4787 68
4786 88
4785 31
4784 51
4783 16
4782 93
4781 14
4780 19
4779 62
4778 88
4777 25
4776 29
4775 1
4774 76
4773 73
4772 22
4771 90
4770 100
4769 88
4768 33
4767 98
4766 33
4765 49
4764 56
4763 90
4762 81
4761 46
4760 96
4759 71
4758 100
4757 22
4756 24
4755 19
4754 56
4753 10
4752 57
4751 75
4750 62
4749 70
4748 78
4747 10
4746 74
4745 23
4744 60
4743 41
4742 57
4741 20
4740 93
4739 29
4738 85
4737 84
4736 5
4735 59
4734 88
4733 15
4732 60
4731 79
4730 3
4729 74
4728 6
4727 72
4726 45
4725 16
4724 0
4723 42
4722 16
4721 85
4720 79
4719 15
4718 49
4717 18
4716 26
4715 92
4714 11
4713 16
4712 98
4711 57
4710 46
4709 20
4708 33
4707 75
4706 60
4705 5
4704 87
4703 60
4702 25
4701 61
4700 57
4699 20
4698 32
4697 24
4696 90
4695 94
4694 73
4693 24
4692 75
4691 12
4690 39
4689 67
4688 41
4687 12
4686 46
4685 85
4684 60
4683 80
4682 24
4681 5
4680 30
4679 52
4678 46
4677 51
4676 93
4675 79
4674 56
4673 80
4672 25
4671 13
4670 82
4669 7
4668 8
4667 77
4666 63
4665 86
4664 42
4663 52
4662 15
4661 84
4660 37
4659 71
4658 15
4657 53
4656 29
4655 96
4654 59
4653 53
4652 63
4651 63
4650 14
4649 63
4648 8
4647 38
4646 24
4645 61
4644 1
4643 30
4642 26
4641 27
4640 7
4639 81
4638 34
4637 72
4636 25
4635 13
4634 87
4633 53
4632 93
4631 96
4630 11
4629 68
4628 16
4627 12
4626 33
4625 94
4624 91
4623 63
4622 42
4621 17
4620 1
4619 15
4618 34
4617 4
4616 57
4615 5
4614 89
4613 99
4612 33
4611 11
4610 49
4609 17
4608 33
4607 72
4606 55
4605 16
4604 54
4603 25
4602 4
4601 71
4600 6
4599 48
4598 41
4597 64
4596 94
4595 68
4594 76
4593 69
4592 79
4591 61
4590 45
4589 96
4588 56
4587 9
4586 31
4585 88
4584 6
4583 39
4582 32
4581 73
4580 50
4579 15
4578 18
4577 92
4576 39
4575 93
4574 19
4573 99
4572 39
4571 31
4570 27
4569 62
4568 59
4567 65
4566 96
4565 9
4564 94
4563 93
4562 99
4561 16
4560 51
4559 94
4558 94
4557 1
4556 48
4555 56
4554 35
4553 71
4552 90
4551 76
4550 43
4549 94
4548 93
4547 48
4546 93
4545 61
4544 53
4543 87
4542 84
4541 20
4540 37
4539 18
4538 27
4537 99
4536 73
4535 89
4534 70
4533 39
4532 20
4531 14
4530 85
4529 68
4528 9
4527 66
4526 86
4525 48
4524 53
4523 8
4522 100
4521 25
4520 35
4519 48
4518 52
4517 82
4516 64
4515 7
4514 37
4513 40
4512 98
4511 68
4510 90
4509 16
4508 25
4507 72
4506 11
4505 100
4504 66
4503 73
4502 83
4501 80
4500 67
4499 64
4498 92
4497 63
4496 95
4495 61
4494 41
4493 36
4492 2
4491 92
4490 47
4489 43
4488 17
4487 24
4486 11
4485 53
4484 21
4483 68
4482 53
4481 82
4480 86
4479 77
4478 74
4477 43
4476 53
4475 32
4474 84
4473 99
4472 91
4471 40
4470 91
4469 22
4468 1
4467 84
4466 8
4465 15
4464 90
4463 41
4462 84
4461 80
4460 3
4459 35
4458 61
4457 36
4456 63
4455 79
4454 48
4453 74
4452 25
4451 74
4450 71
4449 21
4448 84
4447 58
4446 92
4445 99
4444 77
4443 34
4442 91
4441 41
4440 26
4439 85
4438 60
4437 88
4436 28
4435 30
4434 30
4433 86
4432 47
4431 63
4430 98
4429 52
4428 20
4427 67
4426 26
4425 91
4424 67
4423 55
4422 42
4421 57
4420 100
4419 80
4418 94
4417 53
4416 76
4415 30
4414 96
4413 23
4412 94
4411 8
4410 20
4409 60
4408 88
4407 2
4406 66
4405 89
4404 86
4403 85
4402 47
4401 66
4400 15
4399 38
4398 88
4397 94
4396 36
4395 100
4394 79
4393 81
4392 18
4391 55
4390 51
4389 96
4388 13
4387 98
4386 37
4385 79
4384 6
4383 14
4382 20
4381 82
4380 9
4379 67
4378 59
4377 29
4376 82
4375 63
4374 17
4373 90
4372 0
4371 26
4370 19
4369 85
4368 3
4367 80
4366 49
4365 82
4364 41
4363 52
4362 68
4361 45
4360 63
4359 31
4358 59
4357 73
4356 79
4355 83
4354 56
4353 29
4352 32
4351 87
4350 45
4349 76
4348 1
4347 75
4346 98
4345 8
4344 99
4343 14
4342 79
4341 37
4340 31
4339 5
4338 98
4337 43
4336 4
4335 66
4334 38
4333 58
4332 35
4331 70
4330 28
4329 81
4328 61
4327 60
4326 2
4325 7
4324 30
4323 34
4322 36
4321 55
4320 76
4319 49
4318 88
4317 92
4316 72
4315 84
4314 57
4313 32
4312 0
4311 94
4310 13
4309 78
4308 4
4307 91
4306 65
4305 83
4304 79
4303 77
4302 52
4301 15
4300 97
4299 67
4298 34
4297 32
4296 100
4295 20
4294 54
4293 46
4292 54
4291 73
4290 66
4289 90
4288 87
4287 65
4286 54
4285 15
4284 69
4283 81
4282 42
4281 53
4280 52
4279 38
4278 51
4277 48
4276 51
4275 7
4274 20
4273 11
4272 20
4271 93
4270 76
4269 19
4268 28
4267 37
4266 30
4265 42
4264 40
4263 33
4262 53
4261 79
4260 8
4259 88
4258 77
4257 42
4256 42
4255 77
4254 24
4253 91
4252 42
4251 29
4250 71
4249 65
4248 14
4247 37
4246 28
4245 61
4244 48
4243 88
4242 20
4241 96
4240 1
4239 96
4238 80
4237 79
4236 93
4235 97
4234 41
4233 85
4232 18
4231 57
4230 95
4229 49
4228 86
4227 29
4226 32
4225 74
4224 26
4223 25
4222 68
4221 99
4220 80
4219 98
4218 63
4217 75
4216 14
4215 45
4214 4
4213 22
4212 80
4211 82
4210 60
4209 11
4208 92
4207 97
4206 71
4205 51
4204 44
4203 19
4202 23
4201 36
4200 80
4199 44
4198 90
4197 51
4196 27
4195 81
4194 14
4193 66
4192 7
4191 15
4190 58
4189 23
4188 27
4187 75
4186 16
4185 34
4184 42
4183 8
4182 19
4181 8
4180 33
4179 65
4178 16
4177 61
4176 79
4175 38
4174 2
4173 40
4172 35
4171 37
4170 69
4169 55
4168 69
4167 1
4166 64
4165 81
4164 59
4163 36
4162 100
4161 36
4160 65
4159 10
4158 13
4157 31
4156 51
4155 77
4154 74
4153 1
4152 60
4151 18
4150 63
4149 52
4148 1
4147 96
4146 91
4145 81
4144 10
4143 15
4142 9
4141 18
4140 24
4139 72
4138 15
4137 71
4136 19
4135 35
4134 53
4133 48
4132 5
4131 19
4130 23
4129 15
4128 11
4127 50
4126 68
4125 79
4124 11
4123 4
4122 60
4121 9
4120 38
4119 8
4118 20
4117 78
4116 100
4115 55
4114 86
4113 86
4112 81
4111 45
4110 22
4109 43
4108 26
4107 59
4106 68
4105 82
4104 32
4103 27
4102 62
4101 36
4100 57
4099 83
4098 70
4097 2
4096 0
4095 96
4094 85
4093 94
4092 26
4091 95
4090 63
4089 68
4088 65
4087 51
4086 30
4085 18
4084 25
4083 34
4082 18
4081 67
4080 68
4079 17
4078 14
4077 72
4076 58
4075 80
4074 36
4073 56
4072 83
4071 7
4070 9
4069 64
4068 57
4067 44
4066 89
4065 84
4064 31
4063 21
4062 47
4061 51
4060 64
4059 57
4058 49
4057 85
4056 97
4055 55
4054 11
4053 42
4052 85
4051 17
4050 18
4049 27
4048 17
4047 27
4046 98
4045 61
4044 41
4043 37
4042 82
4041 83
4040 64
4039 56
4038 18
4037 90
4036 97
4035 72
4034 68
4033 1
4032 99
4031 11
4030 32
4029 63
4028 67
4027 30
4026 7
4025 79
4024 96
4023 72
4022 9
4021 5
4020 70
4019 65
4018 81
4017 38
4016 44
4015 29
4014 79
4013 68
4012 80
4011 16
4010 10
4009 90
4008 72
4007 25
4006 59
4005 49
4004 41
4003 8
4002 27
4001 42
4000 80
3999 100
3998 70
3997 22
3996 9
3995 32
3994 15
3993 30
3992 56
3991 32
3990 9
3989 37
3988 10
3987 97
3986 97
3985 97
3984 74
3983 94
3982 97
3981 76
3980 77
3979 27
3978 7
3977 74
3976 5
3975 31
3974 80
3973 9
3972 90
3971 1
3970 43
3969 79
3968 33
3967 11
3966 2
3965 94
3964 36
3963 60
3962 16
3961 23
3960 49
3959 56
3958 35
3957 51
3956 60
3955 87
3954 100
3953 79
3952 85
3951 29
3950 31
3949 79
3948 55
3947 87
3946 24
3945 6
3944 80
3943 73
3942 86
3941 51
3940 70
3939 18
3938 28
3937 69
3936 93
3935 22
3934 43
3933 34
3932 89
3931 49
3930 61
3929 38
3928 16
3927 0
3926 47
3925 33
3924 0
3923 72
3922 33
3921 49
3920 71
3919 2
3918 8
3917 23
3916 79
3915 85
3914 34
3913 78
3912 40
3911 71
3910 41
3909 98
3908 30
3907 93
3906 62
3905 7
3904 85
3903 43
3902 100
3901 18
3900 65
3899 15
3898 28
3897 15
3896 59
3895 70
3894 31
3893 45
3892 49
3891 85
3890 59
3889 11
3888 81
3887 24
3886 94
3885 57
3884 22
3883 99
3882 46
3881 84
3880 3
3879 13
3878 48
3877 82
3876 4
3875 91
3874 94
3873 34
3872 70
3871 58
3870 20
3869 93
3868 74
3867 98
3866 4
3865 92
3864 96
3863 69
3862 15
3861 71
3860 46
3859 34
3858 59
3857 4
3856 47
3855 35
3854 41
3853 85
3852 66
3851 21
3850 83
3849 58
3848 22
3847 20
3846 17
3845 18
3844 71
3843 47
3842 17
3841 86
3840 36
3839 31
3838 49
3837 10
3836 20
3835 34
3834 78
3833 24
3832 25
3831 60
3830 71
3829 57
3828 9
3827 0
3826 43
3825 81
3824 58
3823 20
3822 60
3821 35
3820 71
3819 96
3818 14
3817 72
3816 81
3815 69
3814 52
3813 80
3812 81
3811 10
3810 92
3809 51
3808 20
3807 56
3806 68
3805 54
3804 47
3803 19
3802 56
3801 96
3800 62
3799 18
3798 59
3797 83
3796 7
3795 90
3794 45
3793 27
3792 43
3791 31
3790 83
3789 11
3788 84
3787 73
3786 0
3785 81
3784 51
3783 92
3782 89
3781 19
3780 91
3779 34
3778 69
3777 33
3776 85
3775 3
3774 78
3773 74
3772 90
3771 63
3770 40
3769 38
3768 97
3767 55
3766 81
3765 26
3764 68
3763 95
3762 68
3761 28
3760 76
3759 58
3758 3
3757 5
3756 94
3755 40
3754 8
3753 13
3752 42
3751 20
3750 51
3749 91
3748 55
3747 40
3746 85
3745 9
3744 18
3743 26
3742 67
3741 81
3740 34
3739 10
3738 78
3737 64
3736 72
3735 54
3734 72
3733 73
3732 30
3731 85
3730 7
3729 55
3728 28
3727 84
3726 92
3725 7
3724 74
3723 43
3722 81
3721 64
3720 45
3719 69
3718 56
3717 13
3716 93
3715 28
3714 45
3713 100
3712 88
3711 21
3710 22
3709 55
3708 35
3707 57
3706 78
3705 36
3704 50
3703 0
3702 47
3701 2
3700 76
3699 35
3698 32
3697 84
3696 66
3695 27
3694 74
3693 35
3692 81
3691 32
3690 13
3689 62
3688 68
3687 5
3686 6
3685 77
3684 12
3683 23
3682 31
3681 73
3680 93
3679 43
3678 94
3677 10
3676 100
3675 43
3674 39
3673 59
3672 58
3671 86
3670 8
3669 63
3668 95
3667 22
3666 74
3665 70
3664 100
3663 22
3662 31
3661 100
3660 42
3659 51
3658 75
3657 87
3656 6
3655 59
3654 38
3653 15
3652 84
3651 75
3650 30
3649 87
3648 92
3647 17
3646 63
3645 8
3644 27
3643 73
3642 6
3641 42
3640 62
3639 8
3638 77
3637 51
3636 68
3635 16
3634 100
3633 95
3632 10
3631 55
3630 19
3629 27
3628 28
3627 42
3626 45
3625 83
3624 62
3623 42
3622 73
3621 88
3620 63
3619 15
3618 93
3617 34
3616 6
3615 71
3614 37
3613 91
3612 59
3611 25
3610 35
3609 67
3608 80
3607 25
3606 57
3605 52
3604 86
3603 77
3602 43
3601 4
3600 32
3599 17
3598 11
3597 38
3596 50
3595 60
3594 59
3593 60
3592 5
3591 47
3590 73
3589 71
3588 27
3587 84
3586 78
3585 97
3584 26
3583 21
3582 80
3581 65
3580 42
3579 12
3578 56
3577 47
3576 65
3575 86
3574 49
3573 80
3572 79
3571 56
3570 35
3569 7
3568 39
3567 71
3566 67
3565 24
3564 8
3563 43
3562 0
3561 88
3560 84
3559 100
3558 67
3557 81
3556 2
3555 2
3554 26
3553 60
3552 94
3551 55
3550 32
3549 39
3548 64
3547 6
3546 18
3545 26
3544 59
3543 52
3542 5
3541 10
3540 90
3539 57
3538 69
3537 33
3536 57
3535 92
3534 12
3533 83
3532 31
3531 9
3530 69
3529 16
3528 33
3527 37
3526 70
3525 13
3524 70
3523 46
3522 87
3521 44
3520 55
3519 35
3518 71
3517 15
3516 85
3515 0
3514 21
3513 72
3512 74
3511 85
3510 61
3509 23
3508 52
3507 70
3506 65
3505 67
3504 50
3503 6
3502 95
3501 16
3500 100
3499 31
3498 64
3497 87
3496 46
3495 47
3494 11
3493 78
3492 56
3491 79
3490 72
3489 97
3488 89
3487 25
3486 57
3485 25
3484 63
3483 85
3482 0
3481 8
3480 54
3479 27
3478 35
3477 94
3476 83
3475 36
3474 34
3473 96
3472 61
3471 1
3470 4
3469 17
3468 64
3467 89
3466 45
3465 30
3464 69
3463 15
3462 25
3461 80
3460 75
3459 37
3458 30
3457 58
3456 45
3455 46
3454 24
3453 25
3452 39
3451 14
3450 1
3449 46
3448 60
3447 95
3446 27
3445 59
3444 74
3443 86
3442 71
3441 60
3440 27
3439 52
3438 0
3437 92
3436 39
3435 72
3434 5
3433 69
3432 26
3431 75
3430 52
3429 36
3428 87
3427 19
3426 91
3425 32
3424 13
3423 43
3422 86
3421 76
3420 64
3419 97
3418 39
3417 5
3416 40
3415 72
3414 65
3413 48
3412 6
3411 35
3410 85
3409 99
3408 16
3407 30
3406 55
3405 94
3404 36
3403 25
3402 86
3401 60
3400 43
3399 80
3398 58
3397 40
3396 39
3395 87
3394 12
3393 65
3392 7
3391 92
3390 19
3389 35
3388 35
3387 39
3386 8
3385 53
3384 53
3383 72
3382 80
3381 5
3380 28
3379 95
3378 28
3377 59
3376 8
3375 0
3374 17
3373 70
3372 66
3371 7
3370 7
3369 78
3368 49
3367 50
3366 80
3365 84
3364 95
3363 74
3362 76
3361 16
3360 54
3359 19
3358 36
3357 12
3356 53
3355 40
3354 53
3353 58
3352 1
3351 4
3350 56
3349 13
3348 80
3347 33
3346 88
3345 97
3344 62
3343 91
3342 2
3341 21
3340 42
3339 40
3338 43
3337 81
3336 96
3335 90
3334 8
3333 70
3332 38
3331 38
3330 51
3329 48
3328 85
3327 49
3326 20
3325 62
3324 17
3323 19
3322 86
3321 25
3320 71
3319 77
3318 15
3317 51
3316 22
3315 88
3314 83
3313 46
3312 56
3311 20
3310 100
3309 62
3308 29
3307 83
3306 8
3305 72
3304 47
3303 29
3302 4
3301 81
3300 39
3299 54
3298 4
3297 8
3296 37
3295 74
3294 35
3293 7
3292 36
3291 16
3290 92
3289 89
3288 63
3287 100
3286 85
3285 76
3284 20
3283 0
3282 16
3281 7
3280 19
3279 32
3278 43
3277 33
3276 58
3275 14
3274 22
3273 14
3272 18
3271 1
3270 90
3269 0
3268 61
3267 91
3266 49
3265 87
3264 66
3263 50
3262 20
3261 77
3260 61
3259 31
3258 63
3257 72
3256 73
3255 94
3254 42
3253 9
3252 53
3251 57
3250 77
3249 48
3248 73
3247 88
3246 94
3245 20
3244 79
3243 1
3242 52
3241 13
3240 58
3239 32
3238 90
3237 34
3236 89
3235 46
3234 30
3233 80
3232 53
3231 45
3230 55
3229 31
3228 9
3227 33
3226 69
3225 20
3224 95
3223 5
3222 94
3221 85
3220 39
3219 28
3218 20
3217 10
3216 22
3215 62
3214 53
3213 88
3212 20
3211 36
3210 33
3209 44
3208 0
3207 42
3206 36
3205 34
3204 38
3203 82
3202 95
3201 54
3200 99
3199 89
3198 87
3197 63
3196 27
3195 45
3194 66
3193 59
3192 70
3191 14
3190 49
3189 27
3188 78
3187 80
3186 4
3185 37
3184 91
3183 37
3182 66
3181 84
3180 20
3179 4
3178 10
3177 18
3176 75
3175 32
3174 44
3173 40
3172 22
3171 45
3170 89
3169 13
3168 12
3167 26
3166 92
3165 32
3164 13
3163 31
3162 12
3161 89
3160 66
3159 24
3158 43
3157 27
3156 49
3155 45
3154 67
3153 41
3152 14
3151 98
3150 33
3149 22
3148 58
3147 78
3146 4
3145 26
3144 49
3143 67
3142 79
3141 47
3140 93
3139 16
3138 46
3137 45
3136 52
3135 21
3134 61
3133 74
3132 98
3131 20
3130 83
3129 83
3128 28
3127 9
3126 0
3125 55
3124 75
3123 4
3122 92
3121 19
3120 2
3119 48
3118 32
3117 13
3116 95
3115 78
3114 48
3113 24
3112 87
3111 83
3110 6
3109 21
3108 3
3107 88
3106 68
3105 54
3104 59
3103 94
3102 52
3101 65
3100 26
3099 39
3098 86
3097 45
3096 98
3095 44
3094 81
3093 25
3092 71
3091 27
3090 92
3089 12
3088 65
3087 11
3086 6
3085 4
3084 49
3083 61
3082 80
3081 24
3080 51
3079 69
3078 67
3077 19
3076 88
3075 59
3074 88
3073 91
3072 78
3071 59
3070 79
3069 38
3068 69
3067 49
3066 91
3065 39
3064 64
3063 25
3062 21
3061 77
3060 57
3059 86
3058 66
3057 48
3056 100
3055 10
3054 31
3053 20
3052 13
3051 79
3050 34
3049 26
3048 15
3047 59
3046 88
3045 81
3044 26
3043 36
3042 3
3041 23
3040 5
3039 58
3038 17
3037 85
3036 99
3035 18
3034 19
3033 84
3032 97
3031 2
3030 44
3029 28
3028 63
3027 32
3026 54
3025 23
3024 14
3023 29
3022 82
3021 63
3020 38
3019 19
3018 90
3017 100
3016 86
3015 98
3014 96
3013 60
3012 57
3011 80
3010 94
3009 36
3008 24
3007 9
3006 25
3005 41
3004 48
3003 1
3002 7
3001 45
3000 29
2999 10
2998 42
2997 59
2996 83
2995 82
2994 87
2993 1
2992 88
2991 58
2990 36
2989 45
2988 90
2987 60
2986 52
2985 94
2984 71
2983 96
2982 3
2981 93
2980 7
2979 23
2978 96
2977 89
2976 64
2975 13
2974 10
2973 96
2972 25
2971 25
2970 11
2969 31
2968 96
2967 70
2966 15
2965 59
2964 7
2963 93
2962 42
2961 27
2960 76
2959 90
2958 0
2957 0
2956 43
2955 42
2954 29
2953 33
2952 93
2951 50
2950 17
2949 48
2948 5
2947 1
2946 35
2945 8
2944 47
2943 24
2942 7
2941 41
2940 95
2939 49
2938 35
2937 88
2936 55
2935 26
2934 2
2933 33
2932 23
2931 13
2930 64
2929 76
2928 42
2927 91
2926 48
2925 75
2924 19
2923 81
2922 64
2921 86
2920 75
2919 19
2918 68
2917 38
2916 51
2915 59
2914 22
2913 97
2912 67
2911 36
2910 45
2909 92
2908 8
2907 50
2906 15
2905 55
2904 69
2903 58
2902 72
2901 21
2900 61
2899 36
2898 76
2897 96
2896 28
2895 30
2894 20
2893 29
2892 19
2891 26
2890 73
2889 67
2888 7
2887 69
2886 13
2885 77
2884 56
2883 95
2882 29
2881 69
2880 41
2879 64
2878 85
2877 69
2876 27
2875 66
2874 24
2873 67
2872 93
2871 55
2870 76
2869 28
2868 50
2867 76
2866 39
2865 12
2864 43
2863 53
2862 53
2861 42
2860 34
2859 77
2858 35
2857 59
2856 97
2855 33
2854 76
2853 76
2852 18
2851 89
2850 36
2849 91
2848 75
2847 15
2846 43
2845 92
2844 70
2843 25
2842 21
2841 36
2840 90
2839 61
2838 90
2837 1
2836 52
2835 59
2834 97
2833 67
2832 0
2831 64
2830 80
2829 38
2828 22
2827 66
2826 81
2825 2
2824 45
2823 53
2822 88
2821 80
2820 30
2819 69
2818 57
2817 2
2816 62
2815 18
2814 63
2813 29
2812 56
2811 67
2810 36
2809 59
2808 1
2807 64
2806 91
2805 99
2804 27
2803 9
2802 59
2801 9
2800 5
2799 73
2798 4
2797 82
2796 98
2795 28
2794 48
2793 62
2792 92
2791 28
2790 17
2789 36
2788 15
2787 84
2786 99
2785 59
2784 22
2783 5
2782 99
2781 28
2780 27
2779 10
2778 26
2777 97
2776 96
2775 78
2774 12
2773 55
2772 86
2771 98
2770 52
2769 26
2768 86
2767 76
2766 89
2765 85
2764 16
2763 87
2762 56
2761 32
2760 82
2759 39
2758 95
2757 51
2756 81
2755 58
2754 71
2753 26
2752 17
2751 58
2750 10
2749 45
2748 4
2747 20
2746 63
2745 44
2744 7
2743 98
2742 78
2741 80
2740 44
2739 0
2738 32
2737 98
2736 6
2735 60
2734 61
2733 57
2732 73
2731 42
2730 47
2729 91
2728 26
2727 25
2726 37
2725 67
2724 78
2723 84
2722 26
2721 37
2720 72
2719 36
2718 80
2717 0
2716 1
2715 91
2714 67
2713 17
2712 60
2711 30
2710 6
2709 56
2708 23
2707 51
2706 1
2705 7
2704 4
2703 54
2702 85
2701 3
2700 92
2699 91
2698 29
2697 87
2696 95
2695 97
2694 11
2693 64
2692 23
2691 26
2690 21
2689 20
2688 100
2687 40
2686 98
2685 16
2684 52
2683 46
2682 65
2681 52
2680 11
2679 19
2678 34
2677 63
2676 89
2675 1
2674 88
2673 35
2672 95
2671 59
2670 82
2669 28
2668 72
2667 2
2666 67
2665 38
2664 28
2663 100
2662 97
2661 83
2660 71
2659 0
2658 71
2657 71
2656 4
2655 85
2654 43
2653 79
2652 39
2651 41
2650 70
2649 54
2648 46
2647 11
2646 7
2645 40
2644 0
2643 38
2642 89
2641 51
2640 35
2639 3
2638 75
2637 83
2636 20
2635 36
2634 11
2633 11
2632 23
2631 54
2630 14
2629 37
2628 21
2627 67
2626 88
2625 53
2624 24
2623 9
2622 99
2621 11
2620 15
2619 70
2618 42
2617 3
2616 60
2615 23
2614 88
2613 34
2612 71
2611 46
2610 54
2609 0
2608 99
2607 33
2606 20
2605 94
2604 36
2603 7
2602 23
2601 97
2600 97
2599 4
2598 94
2597 56
2596 30
2595 84
2594 21
2593 74
2592 70
2591 69
2590 19
2589 39
2588 62
2587 76
2586 40
2585 70
2584 58
2583 50
2582 99
2581 66
2580 30
2579 33
2578 60
2577 27
2576 32
2575 94
2574 2
2573 61
2572 89
2571 33
2570 58
2569 4
2568 59
2567 50
2566 41
2565 1
2564 92
2563 96
2562 16
2561 66
2560 20
2559 89
2558 81
2557 70
2556 35
2555 5
2554 27
2553 12
2552 74
2551 100
2550 16
2549 0
2548 72
2547 88
2546 93
2545 75
2544 25
2543 28
2542 70
2541 79
2540 6
2539 97
2538 2
2537 57
2536 2
2535 83
2534 3
2533 22
2532 44
2531 2
2530 30
2529 1
2528 47
2527 68
2526 43
2525 56
2524 82
2523 60
2522 25
2521 66
2520 77
2519 40
2518 71
2517 10
2516 32
2515 74
2514 86
2513 10
2512 35
2511 86
2510 9
2509 84
2508 73
2507 9
2506 96
2505 38
2504 25
2503 40
2502 44
2501 87
2500 82
2499 64
2498 4
2497 50
2496 13
2495 56
2494 56
2493 87
2492 8
2491 29
2490 66
2489 39
2488 64
2487 83
2486 56
2485 42
2484 21
2483 28
2482 68
2481 78
2480 15
2479 48
2478 33
2477 26
2476 85
2475 42
2474 90
2473 64
2472 46
2471 70
2470 77
2469 51
2468 37
2467 26
2466 67
2465 62
2464 16
2463 100
2462 87
2461 50
2460 30
2459 48
2458 83
2457 1
2456 0
2455 58
2454 16
2453 9
2452 89
2451 86
2450 67
2449 15
2448 6
2447 33
2446 20
2445 14
2444 54
2443 84
2442 15
2441 48
2440 81
2439 99
2438 38
2437 67
2436 91
2435 71
2434 55
2433 76
2432 0
2431 95
2430 87
2429 27
2428 95
2427 11
2426 66
2425 11
2424 50
2423 75
2422 76
2421 91
2420 65
2419 79
2418 93
2417 1
2416 58
2415 98
2414 24
2413 1
2412 18
2411 27
2410 11
2409 27
2408 79
2407 25
2406 33
2405 97
2404 81
2403 64
2402 61
2401 73
2400 75
2399 56
2398 44
2397 63
2396 55
2395 42
2394 1
2393 37
2392 58
2391 73
2390 9
2389 9
2388 19
2387 100
2386 36
2385 26
2384 53
2383 60
2382 19
2381 80
2380 12
2379 20
2378 78
2377 40
2376 19
2375 8
2374 5
2373 35
2372 91
2371 24
2370 5
2369 56
2368 48
2367 15
2366 85
2365 27
2364 91
2363 8
2362 95
2361 24
2360 55
2359 15
2358 31
2357 100
2356 85
2355 35
2354 50
2353 100
2352 27
2351 71
2350 21
2349 29
2348 52
2347 83
2346 23
2345 32
2344 7
2343 17
2342 50
2341 66
2340 20
2339 22
2338 1
2337 85
2336 18
2335 34
2334 81
2333 59
2332 70
2331 77
2330 83
2329 75
2328 68
2327 17
2326 13
2325 87
2324 27
2323 28
2322 16
2321 79
2320 19
2319 39
2318 15
2317 62
2316 18
2315 18
2314 52
2313 91
2312 89
2311 78
2310 92
2309 31
2308 38
2307 35
2306 7
2305 25
2304 55
2303 88
2302 75
2301 93
2300 29
2299 38
2298 37
2297 49
2296 5
2295 78
2294 59
2293 73
2292 91
2291 19
2290 90
2289 36
2288 87
2287 21
2286 16
2285 89
2284 21
2283 87
2282 59
2281 31
2280 65
2279 40
2278 97
2277 70
2276 30
2275 96
2274 71
2273 29
2272 41
2271 21
2270 63
2269 14
2268 31
2267 0
2266 10
2265 82
2264 3
2263 46
2262 11
2261 84
2260 54
2259 70
2258 0
2257 8
2256 56
2255 26
2254 8
2253 22
2252 53
2251 12
2250 78
2249 10
2248 4
2247 50
2246 58
2245 62
2244 77
2243 67
2242 33
2241 54
2240 96
2239 84
2238 3
2237 50
2236 1
2235 94
2234 17
2233 15
2232 49
2231 26
2230 81
2229 15
2228 22
2227 10
2226 95
2225 25
2224 71
2223 91
2222 52
2221 96
2220 59
2219 83
2218 2
2217 69
2216 70
2215 43
2214 8
2213 48
2212 2
2211 76
2210 91
2209 86
2208 68
2207 70
2206 29
2205 33
2204 75
2203 8
2202 84
2201 47
2200 98
2199 87
2198 0
2197 80
2196 3
2195 99
2194 67
2193 16
2192 29
2191 53
2190 69
2189 86
2188 76
2187 50
2186 18
2185 57
2184 91
2183 2
2182 68
2181 86
2180 95
2179 74
2178 7
2177 73
2176 69
2175 24
2174 52
2173 94
2172 99
2171 74
2170 38
2169 31
2168 0
2167 99
2166 43
2165 79
2164 19
2163 32
2162 68
2161 96
2160 38
2159 64
2158 22
2157 83
2156 5
2155 26
2154 55
2153 63
2152 76
2151 37
2150 39
2149 10
2148 14
2147 90
2146 68
2145 16
2144 44
2143 6
2142 70
2141 92
2140 70
2139 72
2138 1
2137 26
2136 63
2135 88
2134 66
2133 40
2132 25
2131 83
2130 38
2129 97
2128 42
2127 46
2126 16
2125 41
2124 63
2123 73
2122 38
2121 50
2120 6
2119 3
2118 17
2117 45
2116 83
2115 72
2114 64
2113 9
2112 24
2111 73
2110 34
2109 21
2108 60
2107 66
2106 85
2105 60
2104 76
2103 44
2102 77
2101 29
2100 47
2099 70
2098 45
2097 46
2096 76
2095 16
2094 56
2093 99
2092 26
2091 93
2090 63
2089 74
2088 45
2087 5
2086 86
2085 35
2084 94
2083 63
2082 31
2081 79
2080 75
2079 89
2078 44
2077 3
2076 79
2075 22
2074 83
2073 44
2072 44
2071 82
2070 64
2069 75
2068 81
2067 32
2066 47
2065 92
2064 56
2063 33
2062 89
2061 45
2060 61
2059 11
2058 74
2057 68
2056 39
2055 100
2054 36
2053 36
2052 38
2051 59
2050 57
2049 28
2048 92
2047 60
2046 86
2045 32
2044 95
2043 7
2042 15
2041 10
2040 55
2039 21
2038 17
2037 12
2036 11
2035 5
2034 100
2033 98
2032 30
2031 87
2030 6
2029 68
2028 81
2027 1
2026 26
2025 5
2024 21
2023 22
2022 60
2021 29
2020 12
2019 37
2018 57
2017 50
2016 34
2015 93
2014 47
2013 8
2012 58
2011 63
2010 31
2009 21
2008 53
2007 85
2006 13
2005 35
2004 5
2003 60
2002 14
2001 100
2000 33
1999 13
1998 34
1997 73
1996 73
1995 16
1994 60
1993 42
1992 77
1991 19
1990 7
1989 55
1988 8
1987 66
1986 38
1985 13
1984 97
1983 2
1982 85
1981 14
1980 44
1979 46
1978 15
1977 71
1976 70
1975 56
1974 50
1973 35
1972 70
1971 84
1970 1
1969 26
1968 64
1967 8
1966 14
1965 12
1964 48
1963 78
1962 46
1961 91
1960 20
1959 91
1958 52
1957 44
1956 30
1955 50
1954 22
1953 53
1952 57
1951 92
1950 73
1949 91
1948 1
1947 40
1946 71
1945 32
1944 7
1943 78
1942 21
1941 21
1940 69
1939 83
1938 26
1937 77
1936 74
1935 47
1934 64
1933 34
1932 98
1931 71
1930 51
1929 10
1928 22
1927 44
1926 49
1925 89
1924 45
1923 97
1922 89
1921 97
1920 65
1919 75
1918 24
1917 52
1916 58
1915 80
1914 1
1913 20
1912 9
1911 54
1910 41
1909 14
1908 65
1907 36
1906 12
1905 0
1904 69
1903 26
1902 45
1901 25
1900 86
1899 25
1898 50
1897 72
1896 77
1895 32
1894 66
1893 55
1892 37
1891 40
1890 15
1889 94
1888 64
1887 28
1886 70
1885 91
1884 26
1883 0
1882 32
1881 12
1880 15
1879 84
1878 33
1877 99
1876 84
1875 32
1874 68
1873 34
1872 4
1871 11
1870 28
1869 81
1868 26
1867 69
1866 35
1865 58
1864 82
1863 27
1862 84
1861 42
1860 93
1859 63
1858 3
1857 54
1856 97
1855 73
1854 77
1853 1
1852 1
1851 10
1850 97
1849 36
1848 32
1847 40
1846 7
1845 43
1844 11
1843 91
1842 56
1841 3
1840 8
1839 81
1838 42
1837 73
1836 39
1835 68
1834 24
1833 9
1832 94
1831 81
1830 60
1829 61
1828 52
1827 6
1826 35
1825 81
1824 71
1823 2
1822 18
1821 62
1820 61
1819 14
1818 33
1817 63
1816 29
1815 39
1814 4
1813 20
1812 76
1811 3
1810 82
1809 88
1808 5
1807 4
1806 17
1805 35
1804 73
1803 46
1802 65
1801 16
1800 27
1799 19
1798 34
1797 43
1796 66
1795 75
1794 78
1793 19
1792 15
1791 76
1790 88
1789 52
1788 87
1787 60
1786 82
1785 93
1784 18
1783 59
1782 94
1781 86
1780 90
1779 17
1778 96
1777 46
1776 10
1775 14
1774 8
1773 23
1772 75
1771 46
1770 58
1769 9
1768 71
1767 26
1766 95
1765 38
1764 45
1763 99
1762 91
1761 33
1760 92
1759 64
1758 31
1757 41
1756 23
1755 13
1754 85
1753 13
1752 15
1751 86
1750 66
1749 58
1748 18
1747 52
1746 15
1745 70
1744 44
1743 18
1742 55
1741 16
1740 85
1739 9
1738 23
1737 63
1736 70
1735 0
1734 49
1733 27
1732 18
1731 56
1730 12
1729 26
1728 94
1727 91
1726 23
1725 79
1724 94
1723 10
1722 55
1721 21
1720 95
1719 30
1718 22
1717 99
1716 78
1715 49
1714 94
1713 73
1712 94
1711 32
1710 79
1709 30
1708 13
1707 36
1706 15
1705 11
1704 100
1703 18
1702 65
1701 34
1700 52
1699 58
1698 14
1697 25
1696 5
1695 91
1694 57
1693 20
1692 16
1691 37
1690 21
1689 43
1688 21
1687 88
1686 49
1685 48
1684 48
1683 91
1682 69
1681 65
1680 87
1679 60
1678 54
1677 81
1676 86
1675 87
1674 9
1673 32
1672 2
1671 53
1670 77
1669 85
1668 5
1667 18
1666 7
1665 45
1664 87
1663 97
1662 48
1661 88
1660 49
1659 67
1658 0
1657 91
1656 78
1655 93
1654 95
1653 40
1652 24
1651 16
1650 67
1649 30
1648 16
1647 57
1646 84
1645 10
1644 17
1643 100
1642 7
1641 74
1640 82
1639 96
1638 95
1637 33
1636 84
1635 91
1634 42
1633 11
1632 72
1631 86
1630 91
1629 62
1628 96
1627 15
1626 88
1625 87
1624 67
1623 80
1622 64
1621 99
1620 47
1619 75
1618 87
1617 34
1616 84
1615 38
1614 19
1613 72
1612 76
1611 64
1610 50
1609 28
1608 28
1607 19
1606 43
1605 65
1604 31
1603 61
1602 93
1601 37
1600 3
1599 74
1598 20
1597 20
1596 72
1595 51
1594 95
1593 81
1592 77
1591 82
1590 84
1589 76
1588 72
1587 84
1586 99
1585 20
1584 80
1583 10
1582 74
1581 11
1580 31
1579 52
1578 10
1577 73
1576 3
1575 72
1574 15
1573 65
1572 18
1571 30
1570 48
1569 16
1568 46
1567 78
1566 28
1565 28
1564 79
1563 62
1562 20
1561 10
1560 25
1559 65
1558 79
1557 87
1556 82
1555 75
1554 59
1553 40
1552 94
1551 40
1550 22
1549 7
1548 21
1547 58
1546 33
1545 27
1544 17
1543 16
1542 42
1541 5
1540 33
1539 97
1538 71
1537 75
1536 64
1535 62
1534 54
1533 16
1532 27
1531 46
1530 63
1529 85
1528 23
1527 95
1526 91
1525 35
1524 8
1523 28
1522 77
1521 48
1520 59
1519 53
1518 97
1517 38
1516 54
1515 59
1514 51
1513 39
1512 69
1511 85
1510 49
1509 24
1508 67
1507 89
1506 5
1505 10
1504 83
1503 7
1502 64
1501 76
1500 65
1499 18
1498 22
1497 7
1496 96
1495 44
1494 79
1493 16
1492 63
1491 82
1490 97
1489 85
1488 91
1487 65
1486 57
1485 42
1484 38
1483 41
1482 43
1481 33
1480 82
1479 11
1478 28
1477 58
1476 79
1475 31
1474 23
1473 82
1472 14
1471 78
1470 100
1469 70
1468 26
1467 7
1466 64
1465 30
1464 52
1463 40
1462 85
1461 69
1460 41
1459 68
1458 91
1457 99
1456 96
1455 11
1454 71
1453 6
1452 2
1451 60
1450 46
1449 76
1448 29
1447 100
1446 68
1445 95
1444 12
1443 2
1442 5
1441 20
1440 66
1439 35
1438 88
1437 69
1436 26
1435 51
1434 89
1433 43
1432 6
1431 68
1430 27
1429 2
1428 71
1427 97
1426 10
1425 17
1424 2
1423 14
1422 95
1421 81
1420 67
1419 57
1418 39
1417 35
1416 22
1415 88
1414 61
1413 28
1412 62
1411 77
1410 44
1409 100
1408 4
1407 53
1406 51
1405 34
1404 98
1403 58
1402 36
1401 96
1400 54
1399 60
1398 44
1397 90
1396 32
1395 19
1394 48
1393 97
1392 40
1391 36
1390 22
1389 52
1388 99
1387 13
1386 71
1385 38
1384 96
1383 33
1382 95
1381 52
1380 22
1379 72
1378 68
1377 19
1376 58
1375 46
1374 6
1373 88
1372 42
1371 51
1370 64
1369 79
1368 66
1367 78
1366 12
1365 10
1364 62
1363 19
1362 79
1361 54
1360 32
1359 47
1358 23
1357 47
1356 0
1355 28
1354 38
1353 10
1352 17
1351 39
1350 75
1349 55
1348 90
1347 11
1346 28
1345 48
1344 18
1343 67
1342 12
1341 33
1340 30
1339 77
1338 93
1337 19
1336 5
1335 100
1334 10
1333 78
1332 54
1331 8
1330 58
1329 69
1328 65
1327 46
1326 64
1325 63
1324 8
1323 99
1322 10
1321 78
1320 21
1319 85
1318 79
1317 0
1316 79
1315 19
1314 7
1313 85
1312 88
1311 46
1310 57
1309 31
1308 45
1307 52
1306 57
1305 63
1304 52
1303 79
1302 55
1301 17
1300 14
1299 22
1298 68
1297 74
1296 17
1295 55
1294 21
1293 19
1292 17
1291 59
1290 19
1289 63
1288 14
1287 50
1286 80
1285 66
1284 24
1283 74
1282 87
1281 41
1280 32
1279 73
1278 27
1277 88
1276 38
1275 20
1274 89
1273 30
1272 32
1271 71
1270 49
1269 77
1268 11
1267 47
1266 70
1265 52
1264 57
1263 71
1262 85
1261 12
1260 89
1259 51
1258 16
1257 0
1256 29
1255 3
1254 77
1253 67
1252 0
1251 14
1250 33
1249 77
1248 10
1247 47
1246 4
1245 71
1244 68
1243 74
1242 45
1241 2
1240 11
1239 30
1238 74
1237 74
1236 85
1235 54
1234 89
1233 86
1232 67
1231 26
1230 12
1229 52
1228 89
1227 60
1226 83
1225 15
1224 46
1223 74
1222 14
1221 6
1220 88
1219 13
1218 86
1217 94
1216 35
1215 76
1214 20
1213 1
1212 14
1211 56
1210 31
1209 41
1208 63
1207 9
1206 54
1205 73
1204 11
1203 94
1202 65
1201 40
1200 41
1199 40
1198 48
1197 72
1196 6
1195 80
1194 41
1193 24
1192 42
1191 68
1190 18
1189 82
1188 27
1187 44
1186 61
1185 43
1184 81
1183 43
1182 12
1181 72
1180 76
1179 57
1178 2
1177 10
1176 98
1175 99
1174 73
1173 19
1172 31
1171 30
1170 34
1169 5
1168 1
1167 75
1166 52
1165 88
1164 26
1163 34
1162 100
1161 94
1160 97
1159 28
1158 22
1157 79
1156 88
1155 96
1154 12
1153 59
1152 65
1151 12
1150 10
1149 75
1148 79
1147 97
1146 27
1145 28
1144 39
1143 92
1142 54
1141 83
1140 68
1139 77
1138 46
1137 42
1136 63
1135 16
1134 30
1133 91
1132 64
1131 79
1130 8
1129 27
1128 65
1127 10
1126 66
1125 90
1124 55
1123 28
1122 28
1121 80
1120 98
1119 51
1118 89
1117 95
1116 62
1115 60
1114 61
1113 87
1112 59
1111 2
1110 96
1109 86
1108 29
1107 55
1106 12
1105 44
1104 77
1103 61
1102 41
1101 31
1100 43
1099 13
1098 32
1097 3
1096 3
1095 26
1094 95
1093 19
1092 35
1091 72
1090 31
1089 50
1088 11
1087 78
1086 10
1085 74
1084 15
1083 25
1082 83
1081 6
1080 87
1079 3
1078 39
1077 46
1076 57
1075 7
1074 86
1073 43
1072 94
1071 64
1070 39
1069 30
1068 76
1067 3
1066 67
1065 17
1064 28
1063 42
1062 62
1061 85
1060 7
1059 3
1058 28
1057 89
1056 22
1055 68
1054 4
1053 36
1052 61
1051 43
1050 15
1049 88
1048 55
1047 79
1046 58
1045 32
1044 72
1043 25
1042 7
1041 31
1040 3
1039 92
1038 22
1037 82
1036 82
1035 64
1034 31
1033 65
1032 73
1031 18
1030 31
1029 61
1028 61
1027 97
1026 95
1025 26
1024 7
1023 18
1022 47
1021 94
1020 74
1019 40
1018 97
1017 30
1016 8
1015 6
1014 47
1013 29
1012 71
1011 89
1010 57
1009 52
1008 28
1007 62
1006 25
1005 23
1004 6
1003 32
1002 75
1001 100
1000 23
999 27
998 11
997 100
996 86
995 50
994 3
993 54
992 80
991 62
990 93
989 46
988 63
987 79
986 72
985 87
984 61
983 46
982 55
981 66
980 66
979 38
978 27
977 55
976 59
975 64
974 77
973 88
972 93
971 11
970 97
969 71
968 0
967 77
966 63
965 52
964 44
963 88
962 57
961 67
960 45
959 48
958 50
957 48
956 53
955 66
954 78
953 15
952 72
951 63
950 39
949 71
948 23
947 45
946 6
945 6
944 75
943 98
942 62
941 61
940 98
939 82
938 40
937 95
936 91
935 23
934 40
933 61
932 22
931 3
930 66
929 16
928 57
927 43
926 12
925 83
924 15
923 24
922 3
921 97
920 39
919 21
918 44
917 95
916 24
915 49
914 83
913 1
912 18
911 88
910 72
909 59
908 80
907 23
906 69
905 6
904 6
903 19
902 97
901 71
900 44
899 56
898 32
897 70
896 85
895 55
894 23
893 75
892 18
891 81
890 19
889 22
888 85
887 14
886 40
885 31
884 87
883 40
882 30
881 38
880 70
879 23
878 35
877 35
876 91
875 61
874 53
873 87
872 77
871 44
870 63
869 95
868 85
867 22
866 73
865 100
864 18
863 43
862 2
861 53
860 45
859 45
858 9
857 11
856 88
855 63
854 63
853 32
852 42
851 55
850 81
849 46
848 53
847 35
846 10
845 10
844 32
843 51
842 36
841 93
840 64
839 9
838 89
837 66
836 86
835 80
834 87
833 14
832 84
831 99
830 10
829 12
828 73
827 75
826 72
825 32
824 2
823 88
822 30
821 93
820 45
819 30
818 31
817 28
816 81
815 1
814 37
813 39
812 100
811 75
810 43
809 65
808 72
807 80
806 94
805 26
804 6
803 51
802 61
801 31
800 91
799 67
798 28
797 44
796 47
795 2
794 61
793 13
792 99
791 42
790 3
789 95
788 67
787 4
786 90
785 74
784 82
783 18
782 30
781 23
780 78
779 63
778 5
777 16
776 55
775 66
774 74
773 84
772 2
771 61
770 20
769 42
768 30
767 71
766 54
765 62
764 55
763 1
762 30
761 8
760 86
759 61
758 29
757 54
756 86
755 34
754 81
753 25
752 10
751 77
750 46
749 98
748 90
747 47
746 27
745 51
744 46
743 6
742 24
741 78
740 47
739 74
738 79
737 93
736 66
735 85
734 80
733 14
732 25
731 32
730 8
729 66
728 23
727 1
726 45
725 60
724 32
723 35
722 19
721 21
720 9
719 91
718 93
717 68
716 72
715 39
714 100
713 98
712 53
711 77
710 17
709 56
708 73
707 36
706 73
705 30
704 50
703 7
702 12
701 4
700 94
699 13
698 87
697 26
696 53
695 22
694 11
693 52
692 0
691 98
690 86
689 15
688 78
687 42
686 32
685 82
684 99
683 16
682 21
681 54
680 76
679 97
678 92
677 81
676 35
675 60
674 32
673 52
672 25
671 44
670 43
669 11
668 63
667 45
666 74
665 99
664 77
663 73
662 5
661 17
660 41
659 98
658 62
657 14
656 67
655 72
654 40
653 86
652 100
651 22
650 6
649 33
648 58
647 96
646 67
645 16
644 47
643 57
642 56
641 30
640 87
639 66
638 100
637 47
636 57
635 95
634 11
633 85
632 62
631 77
630 72
629 36
628 91
627 13
626 42
625 22
624 75
623 56
622 87
621 20
620 26
619 79
618 66
617 88
616 26
615 75
614 36
613 19
612 81
611 36
610 33
609 64
608 100
607 3
606 44
605 81
604 78
603 57
602 12
601 56
600 25
599 57
598 99
597 39
596 48
595 74
594 97
593 65
592 39
591 65
590 4
589 95
588 11
587 88
586 28
585 44
584 62
583 33
582 19
581 1
580 69
579 55
578 39
577 20
576 35
575 21
574 52
573 98
572 53
571 88
570 13
569 14
568 43
567 60
566 90
565 77
564 23
563 74
562 48
561 29
560 99
559 62
558 47
557 36
556 80
555 60
554 22
553 73
552 96
551 11
550 20
549 34
548 71
547 43
546 67
545 22
544 44
543 94
542 36
541 62
540 47
539 39
538 19
537 66
536 72
535 23
534 31
533 79
532 63
531 56
530 41
529 14
528 79
527 68
526 74
525 54
524 14
523 49
522 15
521 43
520 2
519 11
518 86
517 52
516 14
515 64
514 4
513 96
512 98
511 57
510 21
509 52
508 1
507 38
506 69
505 46
504 29
503 1
502 12
501 84
500 84
499 35
498 75
497 26
496 87
495 21
494 11
493 40
492 44
491 9
490 20
489 70
488 49
487 63
486 67
485 77
484 91
483 94
482 85
481 39
480 11
479 5
478 30
477 52
476 10
475 96
474 76
473 32
472 23
471 72
470 78
469 29
468 48
467 44
466 75
465 87
464 21
463 40
462 88
461 87
460 19
459 84
458 94
457 58
456 12
455 32
454 12
453 97
452 65
451 3
450 46
449 38
448 68
447 84
446 19
445 60
444 15
443 1
442 42
441 98
440 38
439 42
438 2
437 71
436 49
435 58
434 26
433 20
432 70
431 12
430 40
429 78
428 76
427 93
426 31
425 65
424 78
423 79
422 66
421 31
420 42
419 18
418 92
417 49
416 46
415 69
414 94
413 17
412 42
411 2
410 6
409 93
408 99
407 51
406 97
405 38
404 72
403 44
402 77
401 87
400 82
399 26
398 54
397 92
396 52
395 81
394 55
393 55
392 18
391 50
390 28
389 32
388 70
387 89
386 39
385 51
384 70
383 76
382 33
381 90
380 86
379 78
378 26
377 95
376 58
375 88
374 69
373 90
372 91
371 89
370 32
369 62
368 23
367 20
366 91
365 79
364 25
363 0
362 0
361 86
360 48
359 65
358 62
357 21
356 82
355 66
354 23
353 40
352 40
351 53
350 37
349 35
348 42
347 31
346 3
345 26
344 42
343 0
342 15
341 17
340 53
339 82
338 94
337 61
336 87
335 46
334 28
333 54
332 12
331 17
330 98
329 9
328 13
327 27
326 16
325 67
324 27
323 27
322 28
321 88
320 98
319 72
318 83
317 80
316 18
315 68
314 75
313 73
312 75
311 82
310 68
309 5
308 95
307 10
306 22
305 40
304 39
303 49
302 5
301 57
300 11
299 20
298 7
297 40
296 79
295 35
294 39
293 9
292 53
291 68
290 77
289 75
288 7
287 31
286 27
285 98
284 56
283 70
282 8
281 27
280 50
279 56
278 37
277 1
276 3
275 14
274 66
273 17
272 59
271 97
270 76
269 39
268 8
267 92
266 32
265 9
264 37
263 15
262 39
261 11
260 32
259 44
258 8
257 64
256 66
255 33
254 55
253 89
252 67
251 84
250 34
249 14
248 5
247 0
246 50
245 93
244 19
243 80
242 100
241 93
240 19
239 25
238 26
237 2
236 64
235 3
234 76
233 13
232 44
231 58
230 65
229 60
228 76
227 22
226 47
225 34
224 96
223 32
222 53
221 97
220 16
219 34
218 83
217 30
216 34
215 74
214 6
213 78
212 53
211 65
210 43
209 33
208 56
207 94
206 7
205 82
204 64
203 51
202 76
201 50
200 26
199 35
198 69
197 68
196 7
195 33
194 99
193 1
192 100
191 91
190 11
189 57
188 18
187 61
186 55
185 36
184 19
183 42
182 73
181 80
180 99
179 94
178 2
177 81
176 39
175 66
174 33
173 34
172 13
171 48
170 88
169 88
168 97
167 62
166 90
165 52
164 96
163 43
162 70
161 58
160 40
159 49
158 27
157 47
156 78
155 72
154 70
153 30
152 61
151 16
150 29
149 67
148 39
147 16
146 57
145 62
144 11
143 26
142 23
141 3
140 30
139 42
138 39
137 82
136 87
135 6
134 58
133 81
132 71
131 63
130 6
129 98
128 70
127 88
126 68
125 14
124 45
123 89
122 39
121 74
120 11
119 12
118 74
117 69
116 77
115 42
114 27
113 22
112 21
111 95
110 9
109 76
108 14
107 13
106 77
105 27
104 85
103 99
102 5
101 95
100 57
99 63
98 37
97 70
96 91
95 48
94 35
93 57
92 12
91 85
90 55
89 98
88 4
87 65
86 62
85 61
84 54
83 30
82 95
81 93
80 91
79 41
78 59
77 85
76 51
75 82
74 71
73 90
72 55
71 5
70 15
69 3
68 85
67 75
66 52
65 78
64 31
63 43
62 26
61 55
60 2
59 65
58 39
57 92
56 72
55 26
54 27
53 36
52 69
51 59
50 71
49 47
48 81
47 61
46 94
45 94
44 56
43 60
42 22
41 79
40 65
39 59
38 65
37 85
36 64
35 57
34 99
33 72
32 54
31 58
30 51
29 27
28 89
27 20
26 73
25 79
24 99
23 18
22 9
21 92
20 47
19 88
18 50
17 30
16 83
15 90
14 22
13 57
12 54
11 96
10 59
9 26
8 89
7 52
6 38
5 29
4 63
3 45
2 45
1 53
0 78
