10000 28
9999 28
9998 20
9997 35
9996 31
9995 72
9994 12
9993 98
9992 45
9991 29
9990 51
9989 25
9988 31
9987 31
9986 74
9985 84
9984 76
9983 42
9982 84
9981 98
9980 77
9979 29
9978 71
9977 49
9976 87
9975 18
9974 14
9973 76
9972 88
9971 88
9970 75
9969 25
9968 40
9967 46
9966 89
9965 89
9964 16
9963 51
9962 72
9961 79
9960 34
9959 37
9958 88
9957 20
9956 59
9955 95
9954 97
9953 91
9952 34
9951 37
9950 19
9949 70
9948 43
9947 51
9946 96
9945 15
9944 100
9943 44
9942 79
9941 95
9940 57
9939 17
9938 48
9937 50
9936 58
9935 52
9934 81
9933 56
9932 64
9931 67
9930 46
9929 44
9928 58
9927 1
9926 16
9925 15
9924 20
9923 73
9922 29
9921 22
9920 16
9919 99
9918 33
9917 57
9916 81
9915 7
9914 93
9913 58
9912 41
9911 17
9910 51
9909 82
9908 32
9907 24
9906 6
9905 90
9904 88
9903 67
9902 81
9901 49
9900 67
9899 28
9898 100
9897 35
9896 50
9895 81
9894 11
9893 7
9892 69
9891 81
9890 26
9889 5
9888 61
9887 43
9886 73
9885 78
9884 69
9883 90
9882 59
9881 56
9880 95
9879 35
9878 51
9877 29
9876 42
9875 49
9874 15
9873 58
9872 26
9871 12
9870 69
9869 49
9868 25
9867 64
9866 20
9865 69
9864 35
9863 35
9862 54
9861 76
9860 38
9859 88
9858 2
9857 82
9856 68
9855 34
9854 75
9853 73
9852 23
9851 49
9850 44
9849 10
9848 59
9847 68
9846 39
9845 50
9844 33
9843 11
9842 19
9841 55
9840 73
9839 74
9838 8
9837 92
9836 6
9835 44
9834 99
9833 70
9832 34
9831 93
9830 69
9829 32
9828 93
9827 17
9826 65
9825 0
9824 18
9823 67
9822 1
9821 15
9820 90
9819 86
9818 6
9817 94
9816 6
9815 25
9814 93
9813 34
9812 65
9811 30
9810 42
9809 16
9808 97
9807 28
9806 70
9805 75
9804 48
9803 52
9802 37
9801 53
9800 18
9799 84
9798 31
9797 3
9796 0
9795 68
9794 8
9793 88
9792 6
9791 74
9790 39
9789 60
9788 80
9787 46
9786 8
9785 33
9784 42
9783 20
9782 79
9781 89
9780 56
9779 76
9778 60
9777 5
9776 57
9775 67
9774 21
9773 8
9772 7
9771 89
9770 55
9769 17
9768 88
9767 92
9766 42
9765 2
9764 4
9763 80
9762 97
9761 51
9760 91
9759 12
9758 92
9757 70
9756 75
9755 16
9754 48
9753 72
9752 16
9751 98
9750 83
9749 28
9748 6
9747 88
9746 60
9745 60
9744 14
9743 43
9742 2
9741 83
9740 26
9739 60
9738 53
9737 83
9736 27
9735 61
9734 93
9733 22
9732 79
9731 1
9730 100
9729 33
9728 19
9727 14
9726 11
9725 74
9724 100
9723 14
9722 62
9721 48
9720 36
9719 58
9718 93
9717 85
9716 46
9715 43
9714 54
9713 76
9712 98
9711 43
9710 22
9709 8
9708 36
9707 64
9706 35
9705 72
9704 55
9703 26
9702 17
9701 95
9700 45
9699 100
9698 25
9697 27
9696 2
9695 74
9694 76
9693 6
9692 31
9691 55
9690 91
9689 70
9688 95
9687 83
9686 85
9685 60
9684 93
9683 74
9682 23
9681 21
9680 24
9679 29
9678 72
9677 50
9676 9
9675 30
9674 96
9673 38
9672 48
9671 5
9670 19
9669 7
9668 10
9667 60
9666 39
9665 8
9664 79
9663 29
9662 82
9661 70
9660 17
9659 68
9658 59
9657 35
9656 71
9655 57
9654 59
9653 44
9652 23
9651 56
9650 99
9649 22
9648 81
9647 92
9646 65
9645 21
9644 92
9643 19
9642 67
9641 35
9640 92
9639 36
9638 27
9637 9
9636 68
9635 79
9634 38
9633 41
9632 39
9631 98
9630 54
9629 21
9628 24
9627 69
9626 6
9625 72
9624 14
9623 87
9622 37
9621 70
9620 69
9619 51
9618 4
9617 34
9616 55
9615 83
9614 31
9613 81
9612 78
9611 14
9610 91
9609 4
9608 8
9607 45
9606 22
9605 45
9604 51
9603 4
9602 82
9601 51
9600 87
9599 21
9598 22
9597 10
9596 60
9595 9
9594 41
9593 33
9592 92
9591 84
9590 83
9589 29
9588 92
9587 90
9586 32
9585 62
9584 87
9583 19
9582 29
9581 54
9580 0
9579 71
9578 57
9577 29
9576 80
9575 38
9574 90
9573 83
9572 47
9571 33
9570 17
9569 75
9568 98
9567 7
9566 94
9565 77
9564 97
9563 78
9562 12
9561 50
9560 65
9559 81
9558 55
9557 97
9556 65
9555 64
9554 52
9553 29
9552 89
9551 38
9550 14
9549 22
9548 60
9547 61
9546 94
9545 13
9544 77
9543 10
9542 89
9541 36
9540 33
9539 63
9538 93
9537 57
9536 32
9535 77
9534 55
9533 1
9532 6
9531 20
9530 65
9529 90
9528 51
9527 7
9526 42
9525 16
9524 24
9523 12
9522 44
9521 62
9520 2
9519 25
9518 0
9517 75
9516 38
9515 64
9514 96
9513 59
9512 82
9511 11
9510 32
9509 3
9508 40
9507 28
9506 86
9505 43
9504 28
9503 44
9502 37
9501 72
9500 48
9499 69
9498 52
9497 19
9496 89
9495 75
9494 0
9493 26
9492 78
9491 0
9490 41
9489 22
9488 96
9487 16
9486 93
9485 18
9484 22
9483 66
9482 3
9481 33
9480 23
9479 43
9478 58
9477 77
9476 39
9475 93
9474 74
9473 21
9472 10
9471 3
9470 11
9469 86
9468 83
9467 68
9466 96
9465 70
9464 87
9463 39
9462 39
9461 48
9460 54
9459 56
9458 27
9457 56
9456 1
9455 50
9454 34
9453 57
9452 37
9451 70
9450 19
9449 38
9448 4
9447 64
9446 78
9445 2
9444 48
9443 99
9442 3
9441 67
9440 1
9439 7
9438 9
9437 24
9436 66
9435 36
9434 100
9433 72
9432 41
9431 89
9430 8
9429 44
9428 18
9427 52
9426 74
9425 95
9424 55
9423 56
9422 45
9421 37
9420 99
9419 74
9418 41
9417 62
9416 69
9415 68
9414 50
9413 77
9412 4
9411 98
9410 8
9409 95
9408 3
9407 65
9406 16
9405 31
9404 1
9403 85
9402 86
9401 93
9400 1
9399 66
9398 3
9397 44
9396 74
9395 62
9394 1
9393 93
9392 79
9391 30
9390 12
9389 79
9388 62
9387 99
9386 34
9385 8
9384 33
9383 32
9382 26
9381 85
9380 90
9379 38
9378 94
9377 24
9376 66
9375 49
9374 13
9373 29
9372 50
9371 17
9370 14
9369 76
9368 77
9367 47
9366 2
9365 71
9364 52
9363 64
9362 81
9361 0
9360 66
9359 7
9358 3
9357 46
9356 71
9355 46
9354 50
9353 36
9352 93
9351 80
9350 59
9349 19
9348 80
9347 10
9346 31
9345 7
9344 54
9343 38
9342 98
9341 42
9340 42
9339 18
9338 87
9337 23
9336 56
9335 4
9334 22
9333 34
9332 12
9331 59
9330 22
9329 30
9328 76
9327 26
9326 28
9325 46
9324 97
9323 50
9322 58
9321 10
9320 53
9319 69
9318 52
9317 40
9316 17
9315 38
9314 27
9313 73
9312 93
9311 59
9310 87
9309 57
9308 2
9307 14
9306 72
9305 34
9304 27
9303 34
9302 3
9301 27
9300 94
9299 100
9298 77
9297 61
9296 26
9295 21
9294 6
9293 90
9292 9
9291 46
9290 18
9289 1
9288 38
9287 100
9286 31
9285 73
9284 82
9283 30
9282 92
9281 8
9280 20
9279 98
9278 25
9277 90
9276 73
9275 27
9274 46
9273 28
9272 61
9271 88
9270 58
9269 87
9268 14
9267 33
9266 17
9265 68
9264 68
9263 39
9262 26
9261 14
9260 40
9259 71
9258 99
9257 89
9256 94
9255 55
9254 99
9253 90
9252 40
9251 19
9250 27
9249 50
9248 60
9247 82
9246 51
9245 91
9244 1
9243 42
9242 29
9241 96
9240 72
9239 66
9238 65
9237 92
9236 92
9235 17
9234 73
9233 89
9232 24
9231 88
9230 27
9229 75
9228 7
9227 20
9226 36
9225 12
9224 32
9223 79
9222 40
9221 93
9220 35
9219 85
9218 74
9217 10
9216 37
9215 57
9214 31
9213 48
9212 11
9211 55
9210 62
9209 19
9208 60
9207 3
9206 0
9205 59
9204 5
9203 91
9202 76
9201 57
9200 73
9199 41
9198 1
9197 27
9196 43
9195 95
9194 44
9193 42
9192 35
9191 37
9190 3
9189 81
9188 17
9187 96
9186 74
9185 45
9184 77
9183 15
9182 14
9181 11
9180 99
9179 73
9178 73
9177 31
9176 27
9175 98
9174 61
9173 11
9172 80
9171 49
9170 54
9169 30
9168 64
9167 39
9166 82
9165 9
9164 70
9163 39
9162 32
9161 48
9160 6
9159 69
9158 18
9157 16
9156 13
9155 83
9154 40
9153 7
9152 53
9151 0
9150 98
9149 4
9148 37
9147 33
9146 0
9145 83
9144 35
9143 57
9142 68
9141 6
9140 51
9139 72
9138 41
9137 86
9136 51
9135 14
9134 90
9133 52
9132 84
9131 76
9130 58
9129 51
9128 72
9127 95
9126 69
9125 45
9124 40
9123 87
9122 26
9121 85
9120 10
9119 10
9118 70
9117 53
9116 18
9115 99
9114 70
9113 29
9112 7
9111 86
9110 9
9109 9
9108 43
9107 23
9106 70
9105 45
9104 12
9103 80
9102 30
9101 92
9100 27
9099 25
9098 45
9097 94
9096 38
9095 82
9094 80
9093 17
9092 59
9091 32
9090 75
9089 3
9088 9
9087 41
9086 33
9085 11
9084 64
9083 11
9082 6
9081 12
9080 41
9079 98
9078 1
9077 87
9076 4
9075 34
9074 47
9073 38
9072 67
9071 5
9070 50
9069 4
9068 59
9067 19
9066 86
9065 9
9064 31
9063 93
9062 31
9061 86
9060 70
9059 94
9058 72
9057 18
9056 74
9055 56
9054 49
9053 69
9052 3
9051 91
9050 28
9049 19
9048 28
9047 1
9046 42
9045 50
9044 49
9043 100
9042 66
9041 59
9040 5
9039 33
9038 76
9037 42
9036 15
9035 9
9034 47
9033 80
9032 18
9031 70
9030 2
9029 51
9028 10
9027 39
9026 5
9025 21
9024 32
9023 71
9022 42
9021 83
9020 100
9019 13
9018 28
9017 95
9016 23
9015 0
9014 57
9013 84
9012 54
9011 16
9010 22
9009 59
9008 10
9007 37
9006 9
9005 99
9004 6
9003 61
9002 30
9001 29
9000 55
8999 94
8998 94
8997 13
8996 37
8995 1
8994 1
8993 55
8992 27
8991 24
8990 74
8989 33
8988 28
8987 15
8986 71
8985 19
8984 47
8983 82
8982 6
8981 24
8980 69
8979 3
8978 23
8977 65
8976 43
8975 57
8974 16
8973 6
8972 2
8971 79
8970 97
8969 7
8968 9
8967 42
8966 35
8965 94
8964 4
8963 4
8962 28
8961 67
8960 16
8959 36
8958 46
8957 27
8956 9
8955 7
8954 14
8953 84
8952 74
8951 74
8950 48
8949 25
8948 83
8947 68
8946 22
8945 4
8944 1
8943 83
8942 24
8941 92
8940 49
8939 82
8938 49
8937 0
8936 7
8935 98
8934 8
8933 47
8932 29
8931 69
8930 11
8929 34
8928 45
8927 44
8926 93
8925 67
8924 64
8923 5
8922 74
8921 43
8920 22
8919 97
8918 93
8917 35
8916 91
8915 48
8914 70
8913 58
8912 16
8911 7
8910 23
8909 67
8908 48
8907 80
8906 80
8905 6
8904 64
8903 88
8902 59
8901 32
8900 84
8899 16
8898 86
8897 34
8896 74
8895 70
8894 76
8893 97
8892 53
8891 16
8890 24
8889 2
8888 98
8887 55
8886 86
8885 98
8884 64
8883 2
8882 39
8881 81
8880 61
8879 64
8878 73
8877 81
8876 96
8875 69
8874 75
8873 3
8872 32
8871 3
8870 87
8869 40
8868 42
8867 13
8866 25
8865 48
8864 79
8863 26
8862 8
8861 47
8860 73
8859 65
8858 61
8857 66
8856 1
8855 42
8854 82
8853 33
8852 87
8851 48
8850 42
8849 15
8848 18
8847 34
8846 11
8845 1
8844 53
8843 52
8842 12
8841 12
8840 33
8839 47
8838 17
8837 22
8836 89
8835 90
8834 38
8833 82
8832 73
8831 17
8830 7
8829 30
8828 100
8827 46
8826 40
8825 5
8824 52
8823 36
8822 41
8821 41
8820 81
8819 6
8818 18
8817 82
8816 4
8815 73
8814 73
8813 64
8812 7
8811 52
8810 60
8809 54
8808 11
8807 100
8806 69
8805 98
8804 83
8803 86
8802 12
8801 86
8800 2
8799 86
8798 72
8797 87
8796 94
8795 53
8794 53
8793 10
8792 27
8791 61
8790 90
8789 81
8788 49
8787 96
8786 43
8785 22
8784 50
8783 67
8782 68
8781 8
8780 67
8779 15
8778 96
8777 35
8776 67
8775 19
8774 57
8773 33
8772 44
8771 43
8770 58
8769 85
8768 62
8767 84
8766 1
8765 95
8764 50
8763 32
8762 30
8761 63
8760 63
8759 81
8758 66
8757 46
8756 62
8755 7
8754 90
8753 84
8752 95
8751 52
8750 52
8749 24
8748 47
8747 44
8746 54
8745 66
8744 77
8743 78
8742 88
8741 78
8740 1
8739 1
8738 29
8737 80
8736 87
8735 88
8734 61
8733 95
8732 80
8731 74
8730 87
8729 64
8728 47
8727 88
8726 33
8725 77
8724 70
8723 21
8722 57
8721 64
8720 51
8719 23
8718 40
8717 16
8716 52
8715 14
8714 39
8713 27
8712 72
8711 44
8710 39
8709 17
8708 67
8707 58
8706 51
8705 99
8704 95
8703 77
8702 62
8701 74
8700 98
8699 96
8698 37
8697 74
8696 11
8695 95
8694 6
8693 38
8692 87
8691 39
8690 31
8689 58
8688 12
8687 70
8686 19
8685 4
8684 91
8683 91
8682 61
8681 14
8680 17
8679 100
8678 16
8677 98
8676 53
8675 71
8674 19
8673 3
8672 69
8671 16
8670 17
8669 67
8668 75
8667 76
8666 41
8665 50
8664 71
8663 17
8662 53
8661 69
8660 61
8659 55
8658 17
8657 69
8656 58
8655 78
8654 76
8653 56
8652 43
8651 96
8650 31
8649 31
8648 30
8647 99
8646 70
8645 71
8644 6
8643 66
8642 3
8641 94
8640 70
8639 75
8638 86
8637 89
8636 38
8635 68
8634 62
8633 28
8632 38
8631 94
8630 5
8629 56
8628 4
8627 88
8626 21
8625 49
8624 35
8623 49
8622 50
8621 7
8620 1
8619 72
8618 97
8617 85
8616 3
8615 98
8614 15
8613 91
8612 71
8611 45
8610 34
8609 27
8608 6
8607 41
8606 14
8605 4
8604 98
8603 60
8602 77
8601 28
8600 20
8599 66
8598 3
8597 92
8596 19
8595 37
8594 80
8593 48
8592 82
8591 23
8590 35
8589 59
8588 28
8587 1
8586 80
8585 33
8584 45
8583 27
8582 56
8581 55
8580 66
8579 65
8578 16
8577 70
8576 75
8575 14
8574 75
8573 45
8572 12
8571 28
8570 41
8569 41
8568 45
8567 25
8566 0
8565 48
8564 25
8563 7
8562 10
8561 11
8560 20
8559 22
8558 8
8557 90
8556 19
8555 88
8554 38
8553 76
8552 49
8551 99
8550 69
8549 17
8548 75
8547 25
8546 58
8545 67
8544 63
8543 29
8542 40
8541 51
8540 98
8539 63
8538 78
8537 47
8536 46
8535 25
8534 55
8533 33
8532 59
8531 93
8530 2
8529 96
8528 16
8527 21
8526 78
8525 9
8524 56
8523 58
8522 64
8521 90
8520 68
8519 21
8518 90
8517 76
8516 27
8515 53
8514 3
8513 2
8512 78
8511 10
8510 36
8509 31
8508 64
8507 52
8506 39
8505 35
8504 46
8503 87
8502 81
8501 70
8500 92
8499 88
8498 61
8497 99
8496 61
8495 16
8494 49
8493 41
8492 52
8491 88
8490 92
8489 39
8488 18
8487 62
8486 7
8485 11
8484 41
8483 66
8482 74
8481 92
8480 48
8479 2
8478 51
8477 56
8476 30
8475 9
8474 3
8473 97
8472 26
8471 6
8470 98
8469 55
8468 65
8467 98
8466 66
8465 71
8464 2
8463 14
8462 53
8461 94
8460 33
8459 59
8458 91
8457 36
8456 26
8455 32
8454 15
8453 89
8452 90
8451 28
8450 44
8449 81
8448 13
8447 29
8446 77
8445 17
8444 69
8443 25
8442 44
8441 17
8440 58
8439 26
8438 61
8437 3
8436 76
8435 11
8434 42
8433 48
8432 33
8431 54
8430 53
8429 34
8428 14
8427 35
8426 91
8425 37
8424 67
8423 29
8422 35
8421 12
8420 88
8419 62
8418 35
8417 57
8416 84
8415 97
8414 75
8413 3
8412 59
8411 90
8410 91
8409 77
8408 96
8407 7
8406 99
8405 8
8404 72
8403 0
8402 13
8401 52
8400 12
8399 89
8398 46
8397 65
8396 22
8395 0
8394 100
8393 63
8392 44
8391 36
8390 70
8389 21
8388 8
8387 6
8386 65
8385 33
8384 96
8383 19
8382 83
8381 70
8380 41
8379 46
8378 78
8377 81
8376 64
8375 18
8374 23
8373 94
8372 8
8371 46
8370 9
8369 94
8368 23
8367 55
8366 17
8365 51
8364 5
8363 85
8362 83
8361 86
8360 72
8359 77
8358 99
8357 88
8356 54
8355 70
8354 91
8353 31
8352 64
8351 98
8350 4
8349 21
8348 45
8347 17
8346 43
8345 97
8344 32
8343 11
8342 54
8341 38
8340 70
8339 70
8338 45
8337 36
8336 39
8335 44
8334 80
8333 84
8332 82
8331 83
8330 68
8329 2
8328 50
8327 94
8326 30
8325 100
8324 20
8323 2
8322 40
8321 16
8320 26
8319 75
8318 38
8317 98
8316 80
8315 20
8314 9
8313 31
8312 21
8311 42
8310 47
8309 93
8308 28
8307 83
8306 21
8305 63
8304 61
8303 91
8302 39
8301 78
8300 32
8299 35
8298 14
8297 74
8296 52
8295 11
8294 63
8293 49
8292 80
8291 14
8290 98
8289 36
8288 33
8287 59
8286 61
8285 60
8284 36
8283 94
8282 26
8281 100
8280 34
8279 36
8278 97
8277 46
8276 64
8275 70
8274 6
8273 71
8272 94
8271 1
8270 10
8269 61
8268 79
8267 95
8266 2
8265 95
8264 40
8263 33
8262 37
8261 93
8260 31
8259 66
8258 54
8257 92
8256 49
8255 47
8254 18
8253 57
8252 91
8251 15
8250 85
8249 76
8248 79
8247 40
8246 59
8245 10
8244 56
8243 5
8242 0
8241 38
8240 31
8239 29
8238 91
8237 91
8236 29
8235 86
8234 29
8233 87
8232 82
8231 12
8230 68
8229 63
8228 30
8227 54
8226 34
8225 96
8224 34
8223 49
8222 100
8221 20
8220 6
8219 56
8218 2
8217 74
8216 54
8215 14
8214 97
8213 17
8212 100
8211 57
8210 8
8209 11
8208 75
8207 88
8206 82
8205 79
8204 85
8203 95
8202 86
8201 88
8200 7
8199 62
8198 95
8197 13
8196 56
8195 80
8194 59
8193 94
8192 43
8191 20
8190 87
8189 74
8188 14
8187 71
8186 79
8185 99
8184 60
8183 18
8182 52
8181 7
8180 62
8179 90
8178 36
8177 41
8176 59
8175 47
8174 12
8173 30
8172 72
8171 76
8170 72
8169 3
8168 62
8167 40
8166 15
8165 47
8164 56
8163 77
8162 27
8161 32
8160 34
8159 19
8158 54
8157 10
8156 91
8155 83
8154 44
8153 30
8152 65
8151 62
8150 52
8149 97
8148 3
8147 35
8146 63
8145 65
8144 56
8143 68
8142 0
8141 27
8140 3
8139 20
8138 93
8137 53
8136 95
8135 68
8134 38
8133 15
8132 60
8131 83
8130 85
8129 63
8128 30
8127 47
8126 45
8125 71
8124 4
8123 37
8122 54
8121 92
8120 38
8119 84
8118 87
8117 31
8116 58
8115 49
8114 97
8113 40
8112 5
8111 88
8110 14
8109 65
8108 11
8107 19
8106 36
8105 78
8104 51
8103 63
8102 14
8101 62
8100 7
8099 80
8098 51
8097 57
8096 87
8095 71
8094 98
8093 98
8092 44
8091 25
8090 18
8089 62
8088 73
8087 4
8086 6
8085 95
8084 59
8083 40
8082 12
8081 29
8080 33
8079 39
8078 79
8077 96
8076 53
8075 47
8074 18
8073 71
8072 64
8071 5
8070 93
8069 79
8068 46
8067 74
8066 75
8065 94
8064 16
8063 37
8062 45
8061 67
8060 34
8059 35
8058 59
8057 88
8056 35
8055 29
8054 86
8053 91
8052 81
8051 16
8050 40
8049 22
8048 28
8047 90
8046 49
8045 90
8044 5
8043 1
8042 84
8041 48
8040 16
8039 80
8038 82
8037 29
8036 6
8035 79
8034 2
8033 51
8032 15
8031 33
8030 35
8029 45
8028 64
8027 71
8026 80
8025 37
8024 35
8023 33
8022 28
8021 21
8020 99
8019 77
8018 92
8017 93
8016 31
8015 14
8014 23
8013 2
8012 67
8011 45
8010 40
8009 97
8008 2
8007 20
8006 48
8005 58
8004 13
8003 29
8002 84
8001 81
8000 52
7999 40
7998 21
7997 60
7996 56
7995 9
7994 64
7993 10
7992 40
7991 89
7990 92
7989 78
7988 64
7987 45
7986 86
7985 48
7984 0
7983 59
7982 92
7981 70
7980 36
7979 92
7978 46
7977 2
7976 53
7975 34
7974 4
7973 37
7972 80
7971 45
7970 50
7969 9
7968 19
7967 89
7966 78
7965 77
7964 60
7963 86
7962 80
7961 11
7960 24
7959 47
7958 38
7957 75
7956 61
7955 19
7954 35
7953 17
7952 0
7951 33
7950 59
7949 100
7948 36
7947 63
7946 1
7945 23
7944 77
7943 22
7942 41
7941 18
7940 63
7939 87
7938 33
7937 58
7936 17
7935 57
7934 83
7933 9
7932 63
7931 9
7930 85
7929 52
7928 33
7927 1
7926 11
7925 54
7924 45
7923 34
7922 71
7921 70
7920 89
7919 54
7918 3
7917 56
7916 21
7915 58
7914 90
7913 70
7912 83
7911 18
7910 23
7909 73
7908 11
7907 58
7906 95
7905 33
7904 71
7903 98
7902 56
7901 71
7900 58
7899 58
7898 2
7897 2
7896 58
7895 23
7894 38
7893 17
7892 1
7891 99
7890 89
7889 25
7888 41
7887 31
7886 74
7885 16
7884 25
7883 27
7882 23
7881 71
7880 22
7879 19
7878 15
7877 94
7876 1
7875 40
7874 53
7873 23
7872 69
7871 35
7870 2
7869 96
7868 30
7867 23
7866 66
7865 39
7864 50
7863 22
7862 55
7861 62
7860 84
7859 85
7858 5
7857 78
7856 53
7855 71
7854 24
7853 46
7852 87
7851 96
7850 3
7849 6
7848 54
7847 70
7846 81
7845 84
7844 97
7843 62
7842 63
7841 30
7840 46
7839 1
7838 77
7837 38
7836 95
7835 33
7834 61
7833 55
7832 16
7831 79
7830 95
7829 53
7828 31
7827 88
7826 71
7825 33
7824 13
7823 69
7822 21
7821 19
7820 92
7819 46
7818 31
7817 31
7816 83
7815 8
7814 43
7813 11
7812 2
7811 16
7810 21
7809 93
7808 13
7807 31
7806 89
7805 64
7804 90
7803 39
7802 84
7801 62
7800 18
7799 35
7798 64
7797 91
7796 48
7795 7
7794 49
7793 30
7792 75
7791 40
7790 54
7789 16
7788 90
7787 62
7786 80
7785 33
7784 96
7783 61
7782 52
7781 89
7780 8
7779 36
7778 60
7777 22
7776 71
7775 40
7774 52
7773 63
7772 97
7771 0
7770 82
7769 62
7768 57
7767 54
7766 14
7765 89
7764 46
7763 69
7762 30
7761 48
7760 80
7759 42
7758 16
7757 36
7756 59
7755 26
7754 59
7753 8
7752 7
7751 30
7750 10
7749 72
7748 59
7747 48
7746 95
7745 45
7744 64
7743 22
7742 89
7741 88
7740 96
7739 69
7738 84
7737 60
7736 85
7735 41
7734 33
7733 38
7732 57
7731 25
7730 43
7729 17
7728 40
7727 42
7726 27
7725 63
7724 79
7723 51
7722 49
7721 74
7720 30
7719 75
7718 42
7717 24
7716 2
7715 97
7714 37
7713 22
7712 26
7711 33
7710 73
7709 69
7708 30
7707 10
7706 83
7705 46
7704 49
7703 95
7702 75
7701 25
7700 79
7699 3
7698 61
7697 94
7696 38
7695 1
7694 90
7693 100
7692 18
7691 55
7690 54
7689 6
7688 18
7687 75
7686 21
7685 44
7684 23
7683 1
7682 91
7681 96
7680 31
7679 54
7678 17
7677 70
7676 41
7675 55
7674 66
7673 35
7672 55
7671 96
7670 59
7669 95
7668 46
7667 69
7666 42
7665 72
7664 19
7663 4
7662 81
7661 90
7660 66
7659 10
7658 84
7657 8
7656 12
7655 84
7654 72
7653 40
7652 33
7651 90
7650 34
7649 99
7648 88
7647 47
7646 53
7645 10
7644 99
7643 51
7642 9
7641 66
7640 64
7639 51
7638 89
7637 2
7636 47
7635 55
7634 37
7633 20
7632 72
7631 16
7630 96
7629 86
7628 46
7627 74
7626 31
7625 62
7624 52
7623 49
7622 65
7621 73
7620 49
7619 64
7618 40
7617 82
7616 32
7615 65
7614 37
7613 94
7612 78
7611 45
7610 6
7609 45
7608 8
7607 77
7606 38
7605 85
7604 59
7603 27
7602 60
7601 21
7600 30
7599 42
7598 7
7597 97
7596 0
7595 9
7594 46
7593 59
7592 23
7591 5
7590 87
7589 24
7588 6
7587 7
7586 99
7585 68
7584 44
7583 28
7582 92
7581 83
7580 100
7579 43
7578 0
7577 82
7576 2
7575 7
7574 14
7573 8
7572 60
7571 34
7570 86
7569 77
7568 1
7567 35
7566 87
7565 12
7564 62
7563 74
7562 65
7561 11
7560 7
7559 72
7558 70
7557 55
7556 47
7555 25
7554 18
7553 92
7552 65
7551 51
7550 5
7549 30
7548 48
7547 51
7546 58
7545 39
7544 90
7543 5
7542 69
7541 39
7540 33
7539 94
7538 54
7537 80
7536 72
7535 76
7534 8
7533 81
7532 95
7531 91
7530 5
7529 99
7528 97
7527 62
7526 61
7525 55
7524 85
7523 95
7522 68
7521 41
7520 49
7519 53
7518 62
7517 67
7516 14
7515 35
7514 34
7513 10
7512 65
7511 69
7510 72
7509 70
7508 8
7507 6
7506 34
7505 44
7504 88
7503 71
7502 8
7501 91
7500 94
7499 17
7498 53
7497 37
7496 11
7495 90
7494 88
7493 24
7492 38
7491 13
7490 80
7489 74
7488 69
7487 49
7486 71
7485 10
7484 21
7483 68
7482 86
7481 40
7480 73
7479 32
7478 74
7477 18
7476 36
7475 66
7474 20
7473 12
7472 2
7471 13
7470 69
7469 47
7468 12
7467 32
7466 9
7465 50
7464 58
7463 59
7462 93
7461 38
7460 16
7459 87
7458 14
7457 1
7456 30
7455 42
7454 22
7453 27
7452 47
7451 50
7450 9
7449 8
7448 24
7447 4
7446 36
7445 52
7444 57
7443 26
7442 63
7441 18
7440 32
7439 43
7438 17
7437 75
7436 85
7435 21
7434 33
7433 25
7432 79
7431 51
7430 32
7429 52
7428 31
7427 91
7426 6
7425 0
7424 42
7423 74
7422 74
7421 20
7420 48
7419 22
7418 58
7417 22
7416 73
7415 69
7414 73
7413 97
7412 40
7411 7
7410 24
7409 88
7408 54
7407 55
7406 87
7405 57
7404 13
7403 82
7402 46
7401 77
7400 5
7399 57
7398 50
7397 78
7396 30
7395 97
7394 43
7393 32
7392 20
7391 96
7390 96
7389 67
7388 61
7387 25
7386 85
7385 42
7384 87
7383 16
7382 100
7381 61
7380 22
7379 22
7378 77
7377 30
7376 32
7375 84
7374 93
7373 98
7372 45
7371 92
7370 25
7369 22
7368 93
7367 77
7366 8
7365 45
7364 92
7363 9
7362 57
7361 71
7360 23
7359 19
7358 90
7357 51
7356 36
7355 74
7354 61
7353 44
7352 50
7351 33
7350 93
7349 76
7348 7
7347 1
7346 86
7345 14
7344 99
7343 27
7342 100
7341 55
7340 20
7339 97
7338 67
7337 69
7336 98
7335 67
7334 93
7333 63
7332 43
7331 3
7330 51
7329 42
7328 84
7327 92
7326 92
7325 77
7324 71
7323 15
7322 99
7321 19
7320 11
7319 3
7318 89
7317 57
7316 75
7315 49
7314 3
7313 46
7312 24
7311 25
7310 42
7309 34
7308 3
7307 92
7306 67
7305 80
7304 86
7303 16
7302 76
7301 97
7300 69
7299 26
7298 71
7297 94
7296 98
7295 86
7294 46
7293 77
7292 59
7291 8
7290 70
7289 11
7288 79
7287 26
7286 96
7285 50
7284 76
7283 92
7282 87
7281 13
7280 9
7279 35
7278 34
7277 2
7276 87
7275 32
7274 68
7273 48
7272 46
7271 40
7270 30
7269 19
7268 8
7267 54
7266 9
7265 50
7264 28
7263 74
7262 36
7261 74
7260 94
7259 46
7258 65
7257 83
7256 88
7255 78
7254 6
7253 18
7252 73
7251 93
7250 83
7249 65
7248 31
7247 92
7246 63
7245 55
7244 47
7243 95
7242 1
7241 23
7240 35
7239 35
7238 89
7237 0
7236 82
7235 0
7234 29
7233 65
7232 86
7231 60
7230 52
7229 60
7228 89
7227 29
7226 88
7225 62
7224 73
7223 24
7222 65
7221 66
7220 1
7219 22
7218 10
7217 45
7216 79
7215 78
7214 44
7213 85
7212 42
7211 66
7210 91
7209 38
7208 96
7207 16
7206 90
7205 49
7204 5
7203 40
7202 73
7201 56
7200 88
7199 24
7198 46
7197 71
7196 93
7195 64
7194 46
7193 18
7192 35
7191 45
7190 97
7189 58
7188 78
7187 67
7186 46
7185 43
7184 51
7183 35
7182 59
7181 75
7180 21
7179 97
7178 37
7177 20
7176 61
7175 20
7174 41
7173 51
7172 96
7171 29
7170 75
7169 37
7168 71
7167 23
7166 60
7165 42
7164 80
7163 65
7162 60
7161 78
7160 62
7159 12
7158 22
7157 42
7156 24
7155 93
7154 100
7153 23
7152 62
7151 90
7150 82
7149 64
7148 45
7147 68
7146 55
7145 17
7144 24
7143 56
7142 32
7141 32
7140 68
7139 45
7138 79
7137 40
7136 12
7135 40
7134 38
7133 94
7132 9
7131 81
7130 21
7129 68
7128 72
7127 6
7126 74
7125 77
7124 40
7123 74
7122 93
7121 5
7120 52
7119 46
7118 25
7117 92
7116 21
7115 59
7114 47
7113 28
7112 3
7111 83
7110 98
7109 79
7108 23
7107 35
7106 28
7105 85
7104 4
7103 21
7102 16
7101 31
7100 86
7099 39
7098 67
7097 15
7096 67
7095 55
7094 60
7093 48
7092 62
7091 17
7090 72
7089 25
7088 9
7087 36
7086 15
7085 70
7084 13
7083 3
7082 84
7081 10
7080 80
7079 76
7078 64
7077 84
7076 63
7075 70
7074 2
7073 22
7072 0
7071 28
7070 59
7069 36
7068 24
7067 67
7066 85
7065 89
7064 92
7063 17
7062 68
7061 34
7060 64
7059 82
7058 83
7057 16
7056 85
7055 3
7054 11
7053 79
7052 3
7051 2
7050 77
7049 9
7048 3
7047 17
7046 15
7045 95
7044 89
7043 40
7042 53
7041 18
7040 83
7039 17
7038 40
7037 14
7036 27
7035 69
7034 55
7033 71
7032 1
7031 82
7030 43
7029 31
7028 88
7027 62
7026 71
7025 96
7024 63
7023 1
7022 53
7021 67
7020 89
7019 29
7018 9
7017 88
7016 98
7015 37
7014 73
7013 69
7012 66
7011 38
7010 48
7009 8
7008 10
7007 24
7006 41
7005 27
7004 11
7003 82
7002 29
7001 45
7000 14
6999 79
6998 6
6997 78
6996 5
6995 99
6994 29
6993 13
6992 55
6991 34
6990 90
6989 76
6988 100
6987 63
6986 33
6985 71
6984 1
6983 52
6982 27
6981 44
6980 9
6979 8
6978 91
6977 100
6976 40
6975 47
6974 88
6973 22
6972 29
6971 17
6970 41
6969 98
6968 94
6967 74
6966 92
6965 85
6964 47
6963 85
6962 61
6961 36
6960 8
6959 75
6958 76
6957 31
6956 90
6955 6
6954 85
6953 37
6952 46
6951 19
6950 21
6949 11
6948 56
6947 30
6946 14
6945 34
6944 38
6943 71
6942 13
6941 69
6940 41
6939 85
6938 59
6937 89
6936 87
6935 43
6934 8
6933 100
6932 96
6931 4
6930 15
6929 25
6928 19
6927 22
6926 3
6925 66
6924 76
6923 6
6922 4
6921 55
6920 30
6919 23
6918 82
6917 71
6916 7
6915 76
6914 9
6913 10
6912 66
6911 53
6910 83
6909 64
6908 4
6907 34
6906 34
6905 16
6904 31
6903 100
6902 31
6901 97
6900 16
6899 61
6898 24
6897 23
6896 49
6895 83
6894 42
6893 65
6892 20
6891 16
6890 43
6889 90
6888 100
6887 1
6886 67
6885 25
6884 9
6883 7
6882 0
6881 94
6880 47
6879 22
6878 13
6877 18
6876 20
6875 44
6874 59
6873 66
6872 77
6871 88
6870 13
6869 16
6868 16
6867 41
6866 28
6865 57
6864 11
6863 7
6862 48
6861 85
6860 61
6859 33
6858 34
6857 33
6856 29
6855 13
6854 72
6853 50
6852 13
6851 35
6850 19
6849 47
6848 87
6847 94
6846 97
6845 72
6844 67
6843 98
6842 53
6841 16
6840 42
6839 83
6838 61
6837 89
6836 69
6835 3
6834 45
6833 20
6832 8
6831 60
6830 44
6829 25
6828 46
6827 86
6826 90
6825 33
6824 69
6823 15
6822 71
6821 42
6820 76
6819 96
6818 62
6817 98
6816 63
6815 75
6814 76
6813 47
6812 83
6811 38
6810 56
6809 85
6808 26
6807 41
6806 64
6805 76
6804 75
6803 96
6802 60
6801 86
6800 21
6799 13
6798 7
6797 45
6796 28
6795 77
6794 90
6793 80
6792 27
6791 38
6790 60
6789 73
6788 59
6787 82
6786 42
6785 76
6784 5
6783 92
6782 95
6781 16
6780 39
6779 75
6778 95
6777 15
6776 19
6775 27
6774 19
6773 27
6772 51
6771 72
6770 55
6769 43
6768 25
6767 68
6766 23
6765 22
6764 17
6763 92
6762 43
6761 89
6760 55
6759 75
6758 35
6757 90
6756 54
6755 96
6754 95
6753 93
6752 20
6751 20
6750 98
6749 69
6748 72
6747 9
6746 5
6745 96
6744 96
6743 68
6742 83
6741 57
6740 27
6739 2
6738 31
6737 4
6736 31
6735 34
6734 50
6733 29
6732 68
6731 91
6730 22
6729 44
6728 0
6727 35
6726 64
6725 91
6724 62
6723 21
6722 75
6721 37
6720 92
6719 23
6718 5
6717 44
6716 50
6715 40
6714 7
6713 48
6712 49
6711 64
6710 37
6709 39
6708 63
6707 77
6706 65
6705 17
6704 71
6703 42
6702 46
6701 95
6700 90
6699 35
6698 81
6697 8
6696 28
6695 17
6694 32
6693 4
6692 27
6691 17
6690 43
6689 29
6688 37
6687 89
6686 44
6685 15
6684 89
6683 51
6682 34
6681 52
6680 0
6679 14
6678 68
6677 51
6676 75
6675 11
6674 68
6673 64
6672 51
6671 43
6670 12
6669 66
6668 54
6667 62
6666 48
6665 49
6664 74
6663 4
6662 89
6661 22
6660 5
6659 30
6658 42
6657 94
6656 5
6655 94
6654 43
6653 100
6652 54
6651 89
6650 7
6649 42
6648 23
6647 89
6646 48
6645 4
6644 55
6643 38
6642 30
6641 1
6640 89
6639 35
6638 99
6637 28
6636 36
6635 91
6634 62
6633 73
6632 1
6631 46
6630 53
6629 61
6628 78
6627 100
6626 98
6625 99
6624 18
6623 54
6622 92
6621 86
6620 87
6619 78
6618 11
6617 4
6616 37
6615 79
6614 60
6613 52
6612 0
6611 76
6610 47
6609 95
6608 72
6607 94
6606 83
6605 34
6604 3
6603 86
6602 93
6601 42
6600 31
6599 74
6598 64
6597 12
6596 2
6595 42
6594 75
6593 46
6592 6
6591 96
6590 95
6589 51
6588 47
6587 37
6586 34
6585 83
6584 82
6583 0
6582 66
6581 28
6580 23
6579 73
6578 28
6577 57
6576 71
6575 10
6574 86
6573 14
6572 85
6571 6
6570 90
6569 100
6568 60
6567 91
6566 55
6565 63
6564 42
6563 66
6562 91
6561 88
6560 41
6559 66
6558 23
6557 66
6556 4
6555 93
6554 46
6553 74
6552 70
6551 39
6550 16
6549 21
6548 47
6547 2
6546 88
6545 43
6544 81
6543 49
6542 100
6541 64
6540 86
6539 27
6538 62
6537 75
6536 95
6535 29
6534 99
6533 21
6532 97
6531 64
6530 84
6529 28
6528 96
6527 12
6526 30
6525 94
6524 35
6523 90
6522 85
6521 44
6520 43
6519 19
6518 73
6517 46
6516 20
6515 36
6514 79
6513 89
6512 10
6511 35
6510 73
6509 82
6508 45
6507 29
6506 51
6505 26
6504 78
6503 95
6502 60
6501 28
6500 48
6499 66
6498 75
6497 62
6496 43
6495 32
6494 20
6493 0
6492 44
6491 78
6490 34
6489 1
6488 11
6487 72
6486 62
6485 56
6484 42
6483 23
6482 14
6481 34
6480 66
6479 98
6478 15
6477 85
6476 39
6475 43
6474 62
6473 75
6472 57
6471 95
6470 64
6469 1
6468 74
6467 45
6466 52
6465 16
6464 41
6463 56
6462 68
6461 28
6460 36
6459 87
6458 16
6457 9
6456 29
6455 71
6454 83
6453 14
6452 38
6451 60
6450 3
6449 31
6448 22
6447 88
6446 64
6445 42
6444 63
6443 22
6442 93
6441 3
6440 7
6439 32
6438 87
6437 28
6436 43
6435 73
6434 3
6433 74
6432 26
6431 33
6430 6
6429 56
6428 51
6427 78
6426 41
6425 70
6424 20
6423 96
6422 83
6421 42
6420 55
6419 61
6418 98
6417 61
6416 16
6415 32
6414 53
6413 11
6412 62
6411 31
6410 53
6409 43
6408 42
6407 45
6406 63
6405 34
6404 77
6403 5
6402 91
6401 97
6400 30
6399 84
6398 4
6397 80
6396 67
6395 54
6394 36
6393 9
6392 43
6391 94
6390 46
6389 28
6388 35
6387 82
6386 24
6385 71
6384 23
6383 75
6382 33
6381 37
6380 98
6379 8
6378 51
6377 94
6376 7
6375 43
6374 2
6373 56
6372 57
6371 77
6370 91
6369 94
6368 60
6367 25
6366 20
6365 82
6364 13
6363 42
6362 3
6361 36
6360 66
6359 8
6358 88
6357 72
6356 40
6355 52
6354 98
6353 29
6352 39
6351 17
6350 12
6349 11
6348 41
6347 100
6346 27
6345 36
6344 89
6343 0
6342 68
6341 61
6340 74
6339 26
6338 50
6337 62
6336 84
6335 59
6334 65
6333 89
6332 19
6331 69
6330 84
6329 62
6328 50
6327 2
6326 59
6325 0
6324 63
6323 23
6322 14
6321 54
6320 28
6319 17
6318 50
6317 0
6316 93
6315 40
6314 70
6313 79
6312 79
6311 65
6310 28
6309 79
6308 12
6307 1
6306 74
6305 32
6304 37
6303 70
6302 16
6301 20
6300 57
6299 85
6298 21
6297 100
6296 81
6295 16
6294 59
6293 46
6292 78
6291 93
6290 95
6289 100
6288 82
6287 14
6286 44
6285 34
6284 100
6283 33
6282 70
6281 51
6280 89
6279 96
6278 4
6277 68
6276 17
6275 26
6274 59
6273 29
6272 96
6271 14
6270 10
6269 55
6268 72
6267 60
6266 68
6265 29
6264 35
6263 15
6262 59
6261 95
6260 87
6259 75
6258 8
6257 87
6256 47
6255 81
6254 61
6253 90
6252 68
6251 22
6250 19
6249 9
6248 51
6247 53
6246 16
6245 29
6244 98
6243 46
6242 64
6241 60
6240 21
6239 23
6238 14
6237 52
6236 62
6235 14
6234 15
6233 26
6232 68
6231 17
6230 95
6229 38
6228 1
6227 84
6226 11
6225 84
6224 29
6223 3
6222 75
6221 3
6220 3
6219 14
6218 27
6217 58
6216 29
6215 86
6214 70
6213 64
6212 32
6211 70
6210 52
6209 90
6208 22
6207 97
6206 42
6205 37
6204 48
6203 20
6202 6
6201 5
6200 98
6199 66
6198 77
6197 19
6196 21
6195 28
6194 3
6193 30
6192 100
6191 21
6190 31
6189 94
6188 45
6187 67
6186 100
6185 70
6184 62
6183 27
6182 71
6181 72
6180 66
6179 89
6178 15
6177 45
6176 95
6175 9
6174 19
6173 91
6172 35
6171 84
6170 70
6169 25
6168 43
6167 49
6166 4
6165 20
6164 51
6163 56
6162 28
6161 95
6160 41
6159 59
6158 32
6157 59
6156 63
6155 68
6154 83
6153 34
6152 43
6151 65
6150 74
6149 55
6148 91
6147 60
6146 58
6145 38
6144 76
6143 9
6142 26
6141 49
6140 11
6139 59
6138 7
6137 97
6136 99
6135 43
6134 88
6133 45
6132 36
6131 71
6130 56
6129 16
6128 98
6127 21
6126 44
6125 21
6124 53
6123 34
6122 33
6121 0
6120 30
6119 11
6118 3
6117 39
6116 92
6115 3
6114 99
6113 52
6112 83
6111 62
6110 22
6109 5
6108 53
6107 93
6106 67
6105 28
6104 90
6103 89
6102 77
6101 74
6100 52
6099 66
6098 19
6097 100
6096 4
6095 48
6094 20
6093 62
6092 88
6091 5
6090 73
6089 13
6088 98
6087 60
6086 67
6085 33
6084 13
6083 25
6082 42
6081 7
6080 96
6079 16
6078 13
6077 14
6076 3
6075 69
6074 26
6073 47
6072 68
6071 61
6070 42
6069 81
6068 42
6067 4
6066 60
6065 57
6064 9
6063 92
6062 57
6061 89
6060 1
6059 32
6058 24
6057 83
6056 82
6055 63
6054 77
6053 60
6052 52
6051 19
6050 22
6049 34
6048 86
6047 53
6046 1
6045 41
6044 80
6043 23
6042 83
6041 79
6040 84
6039 81
6038 87
6037 28
6036 93
6035 39
6034 90
6033 23
6032 49
6031 97
6030 89
6029 27
6028 1
6027 84
6026 49
6025 36
6024 2
6023 29
6022 100
6021 3
6020 35
6019 3
6018 85
6017 84
6016 60
6015 26
6014 13
6013 7
6012 57
6011 20
6010 0
6009 8
6008 69
6007 78
6006 4
6005 45
6004 80
6003 89
6002 67
6001 11
6000 86
5999 60
5998 18
5997 19
5996 8
5995 14
5994 72
5993 15
5992 77
5991 58
5990 75
5989 33
5988 32
5987 93
5986 15
5985 81
5984 57
5983 45
5982 75
5981 19
5980 54
5979 65
5978 75
5977 66
5976 100
5975 94
5974 79
5973 28
5972 10
5971 11
5970 93
5969 10
5968 53
5967 2
5966 29
5965 43
5964 89
5963 28
5962 74
5961 50
5960 10
5959 7
5958 68
5957 58
5956 51
5955 8
5954 0
5953 19
5952 11
5951 16
5950 65
5949 23
5948 57
5947 15
5946 51
5945 90
5944 91
5943 46
5942 31
5941 89
5940 94
5939 44
5938 46
5937 47
5936 13
5935 16
5934 79
5933 62
5932 87
5931 59
5930 73
5929 11
5928 17
5927 10
5926 93
5925 9
5924 58
5923 69
5922 2
5921 59
5920 81
5919 37
5918 50
5917 40
5916 3
5915 62
5914 25
5913 27
5912 83
5911 25
5910 29
5909 19
5908 86
5907 97
5906 11
5905 82
5904 6
5903 84
5902 62
5901 49
5900 52
5899 50
5898 71
5897 41
5896 76
5895 19
5894 92
5893 47
5892 64
5891 64
5890 66
5889 4
5888 41
5887 1
5886 95
5885 38
5884 26
5883 68
5882 38
5881 98
5880 58
5879 88
5878 91
5877 47
5876 62
5875 15
5874 82
5873 59
5872 25
5871 53
5870 50
5869 59
5868 22
5867 16
5866 88
5865 25
5864 21
5863 38
5862 62
5861 56
5860 52
5859 51
5858 39
5857 80
5856 69
5855 1
5854 92
5853 38
5852 72
5851 54
5850 78
5849 98
5848 77
5847 12
5846 40
5845 31
5844 54
5843 5
5842 71
5841 79
5840 2
5839 76
5838 86
5837 10
5836 75
5835 12
5834 100
5833 86
5832 73
5831 78
5830 39
5829 76
5828 85
5827 16
5826 62
5825 24
5824 3
5823 70
5822 66
5821 98
5820 79
5819 37
5818 80
5817 42
5816 46
5815 57
5814 98
5813 87
5812 92
5811 50
5810 92
5809 5
5808 34
5807 65
5806 2
5805 53
5804 75
5803 7
5802 26
5801 70
5800 21
5799 31
5798 56
5797 80
5796 12
5795 6
5794 67
5793 51
5792 54
5791 81
5790 26
5789 97
5788 81
5787 78
5786 31
5785 3
5784 76
5783 50
5782 55
5781 83
5780 39
5779 95
5778 95
5777 73
5776 14
5775 26
5774 2
5773 46
5772 72
5771 0
5770 59
5769 100
5768 35
5767 77
5766 25
5765 91
5764 62
5763 26
5762 46
5761 17
5760 90
5759 73
5758 28
5757 60
5756 52
5755 24
5754 86
5753 28
5752 4
5751 0
5750 11
5749 2
5748 0
5747 51
5746 37
5745 52
5744 61
5743 35
5742 44
5741 12
5740 12
5739 85
5738 65
5737 55
5736 48
5735 66
5734 98
5733 43
5732 92
5731 16
5730 100
5729 0
5728 74
5727 42
5726 91
5725 90
5724 84
5723 56
5722 96
5721 49
5720 36
5719 21
5718 37
5717 9
5716 23
5715 77
5714 63
5713 59
5712 70
5711 84
5710 93
5709 84
5708 25
5707 39
5706 8
5705 75
5704 95
5703 41
5702 85
5701 22
5700 31
5699 61
5698 14
5697 50
5696 50
5695 76
5694 12
5693 64
5692 41
5691 94
5690 32
5689 8
5688 19
5687 36
5686 90
5685 79
5684 97
5683 72
5682 59
5681 21
5680 17
5679 51
5678 95
5677 45
5676 56
5675 48
5674 45
5673 26
5672 78
5671 28
5670 47
5669 40
5668 21
5667 71
5666 28
5665 77
5664 73
5663 85
5662 16
5661 79
5660 7
5659 79
5658 98
5657 40
5656 76
5655 99
5654 65
5653 59
5652 60
5651 47
5650 31
5649 46
5648 53
5647 2
5646 28
5645 6
5644 84
5643 6
5642 93
5641 4
5640 1
5639 38
5638 85
5637 27
5636 28
5635 99
5634 89
5633 86
5632 53
5631 68
5630 59
5629 91
5628 86
5627 48
5626 9
5625 30
5624 94
5623 27
5622 65
5621 42
5620 69
5619 48
5618 0
5617 52
5616 86
5615 10
5614 89
5613 76
5612 67
5611 57
5610 12
5609 17
5608 74
5607 43
5606 26
5605 28
5604 72
5603 99
5602 92
5601 83
5600 44
5599 52
5598 67
5597 36
5596 83
5595 14
5594 89
5593 45
5592 42
5591 19
5590 97
5589 66
5588 94
5587 78
5586 100
5585 1
5584 86
5583 80
5582 84
5581 55
5580 92
5579 44
5578 9
5577 42
5576 46
5575 12
5574 20
5573 11
5572 88
5571 47
5570 60
5569 16
5568 93
5567 92
5566 4
5565 15
5564 51
5563 36
5562 12
5561 97
5560 87
5559 84
5558 56
5557 6
5556 55
5555 47
5554 67
5553 1
5552 83
5551 19
5550 61
5549 79
5548 76
5547 99
5546 63
5545 70
5544 14
5543 75
5542 60
5541 52
5540 1
5539 79
5538 28
5537 36
5536 46
5535 17
5534 3
5533 59
5532 78
5531 72
5530 73
5529 36
5528 91
5527 81
5526 48
5525 26
5524 92
5523 60
5522 42
5521 61
5520 14
5519 52
5518 11
5517 96
5516 35
5515 15
5514 83
5513 46
5512 65
5511 38
5510 39
5509 55
5508 75
5507 52
5506 31
5505 13
5504 30
5503 36
5502 90
5501 88
5500 67
5499 78
5498 74
5497 100
5496 80
5495 84
5494 23
5493 34
5492 21
5491 15
5490 93
5489 20
5488 93
5487 12
5486 2
5485 72
5484 48
5483 45
5482 62
5481 8
5480 78
5479 84
5478 80
5477 28
5476 94
5475 22
5474 68
5473 14
5472 23
5471 47
5470 72
5469 49
5468 75
5467 61
5466 90
5465 73
5464 68
5463 52
5462 74
5461 97
5460 77
5459 86
5458 68
5457 16
5456 10
5455 7
5454 98
5453 69
5452 81
5451 97
5450 20
5449 49
5448 76
5447 10
5446 89
5445 88
5444 33
5443 11
5442 7
5441 4
5440 55
5439 52
5438 62
5437 97
5436 92
5435 16
5434 68
5433 5
5432 35
5431 21
5430 27
5429 2
5428 68
5427 44
5426 54
5425 5
5424 45
5423 37
5422 95
5421 68
5420 3
5419 40
5418 47
5417 40
5416 28
5415 36
5414 86
5413 51
5412 57
5411 31
5410 65
5409 31
5408 12
5407 72
5406 18
5405 68
5404 52
5403 41
5402 61
5401 87
5400 44
5399 64
5398 96
5397 12
5396 81
5395 70
5394 31
5393 17
5392 7
5391 71
5390 87
5389 41
5388 76
5387 92
5386 31
5385 87
5384 71
5383 86
5382 24
5381 26
5380 65
5379 60
5378 19
5377 13
5376 35
5375 29
5374 65
5373 2
5372 29
5371 69
5370 66
5369 29
5368 5
5367 16
5366 10
5365 88
5364 2
5363 64
5362 20
5361 20
5360 30
5359 91
5358 12
5357 11
5356 92
5355 5
5354 93
5353 78
5352 82
5351 44
5350 60
5349 93
5348 78
5347 100
5346 70
5345 35
5344 43
5343 30
5342 92
5341 35
5340 15
5339 25
5338 61
5337 86
5336 10
5335 67
5334 31
5333 40
5332 90
5331 80
5330 72
5329 38
5328 54
5327 95
5326 58
5325 40
5324 10
5323 35
5322 34
5321 89
5320 100
5319 48
5318 37
5317 38
5316 65
5315 66
5314 1
5313 52
5312 32
5311 93
5310 97
5309 20
5308 19
5307 91
5306 86
5305 71
5304 82
5303 77
5302 97
5301 70
5300 59
5299 66
5298 9
5297 73
5296 65
5295 19
5294 15
5293 85
5292 33
5291 47
5290 63
5289 60
5288 72
5287 60
5286 20
5285 62
5284 8
5283 21
5282 19
5281 98
5280 96
5279 60
5278 12
5277 5
5276 25
5275 52
5274 44
5273 51
5272 96
5271 100
5270 77
5269 80
5268 16
5267 84
5266 14
5265 25
5264 58
5263 65
5262 29
5261 83
5260 25
5259 26
5258 95
5257 88
5256 76
5255 0
5254 84
5253 61
5252 15
5251 4
5250 97
5249 40
5248 40
5247 98
5246 79
5245 97
5244 100
5243 5
5242 28
5241 8
5240 86
5239 93
5238 20
5237 43
5236 17
5235 77
5234 100
5233 13
5232 53
5231 73
5230 96
5229 65
5228 79
5227 44
5226 62
5225 57
5224 3
5223 70
5222 80
5221 85
5220 33
5219 39
5218 53
5217 66
5216 81
5215 85
5214 57
5213 10
5212 83
5211 38
5210 27
5209 64
5208 46
5207 4
5206 49
5205 95
5204 26
5203 16
5202 23
5201 90
5200 66
5199 75
5198 86
5197 68
5196 25
5195 13
5194 45
5193 90
5192 50
5191 54
5190 27
5189 45
5188 37
5187 0
5186 51
5185 18
5184 43
5183 77
5182 28
5181 14
5180 7
5179 61
5178 51
5177 51
5176 29
5175 47
5174 88
5173 66
5172 78
5171 95
5170 29
5169 28
5168 72
5167 86
5166 88
5165 74
5164 94
5163 69
5162 67
5161 3
5160 1
5159 33
5158 80
5157 82
5156 36
5155 73
5154 55
5153 67
5152 54
5151 65
5150 40
5149 57
5148 33
5147 62
5146 43
5145 82
5144 61
5143 8
5142 85
5141 72
5140 98
5139 89
5138 18
5137 32
5136 87
5135 42
5134 34
5133 85
5132 42
5131 77
5130 77
5129 41
5128 30
5127 64
5126 49
5125 96
5124 35
5123 20
5122 69
5121 87
5120 73
5119 48
5118 86
5117 87
5116 35
5115 36
5114 49
5113 19
5112 96
5111 59
5110 85
5109 87
5108 29
5107 85
5106 90
5105 92
5104 44
5103 51
5102 62
5101 20
5100 6
5099 63
5098 99
5097 25
5096 12
5095 95
5094 41
5093 99
5092 92
5091 83
5090 85
5089 77
5088 8
5087 62
5086 54
5085 86
5084 77
5083 39
5082 0
5081 17
5080 52
5079 91
5078 69
5077 31
5076 94
5075 33
5074 43
5073 20
5072 19
5071 43
5070 11
5069 19
5068 58
5067 35
5066 76
5065 45
5064 0
5063 67
5062 79
5061 30
5060 63
5059 95
5058 25
5057 92
5056 49
5055 84
5054 97
5053 6
5052 76
5051 51
5050 12
5049 38
5048 14
5047 16
5046 80
5045 15
5044 72
5043 62
5042 47
5041 7
5040 81
5039 49
5038 25
5037 0
5036 9
5035 35
5034 2
5033 24
5032 37
5031 8
5030 41
5029 30
5028 10
5027 84
5026 74
5025 71
5024 3
5023 3
5022 66
5021 81
5020 86
5019 23
5018 17
5017 95
5016 97
5015 9
5014 13
5013 32
5012 72
5011 93
5010 3
5009 94
5008 64
5007 71
5006 26
5005 86
5004 59
5003 40
5002 25
5001 7
5000 99
4999 8
4998 17
4997 35
4996 24
4995 99
4994 34
4993 19
4992 91
4991 98
4990 86
4989 96
4988 96
4987 86
4986 94
4985 6
4984 59
4983 64
4982 59
4981 29
4980 70
4979 39
4978 82
4977 45
4976 32
4975 8
4974 95
4973 91
4972 89
4971 61
4970 33
4969 81
4968 49
4967 96
4966 83
4965 6
4964 81
4963 86
4962 3
4961 16
4960 47
4959 72
4958 72
4957 82
4956 94
4955 57
4954 40
4953 15
4952 86
4951 25
4950 6
4949 74
4948 11
4947 90
4946 50
4945 98
4944 30
4943 88
4942 17
4941 11
4940 35
4939 100
4938 3
4937 78
4936 47
4935 23
4934 53
4933 43
4932 17
4931 89
4930 79
4929 75
4928 73
4927 67
4926 32
4925 36
4924 32
4923 11
4922 9
4921 45
4920 67
4919 86
4918 76
4917 97
4916 89
4915 93
4914 96
4913 29
4912 82
4911 10
4910 9
4909 66
4908 9
4907 94
4906 92
4905 25
4904 76
4903 58
4902 23
4901 96
4900 99
4899 65
4898 48
4897 36
4896 69
4895 12
4894 47
4893 48
4892 70
4891 28
4890 20
4889 64
4888 21
4887 74
4886 72
4885 83
4884 69
4883 61
4882 63
4881 67
4880 98
4879 35
4878 74
4877 84
4876 55
4875 59
4874 61
4873 7
4872 48
4871 80
4870 64
4869 34
4868 83
4867 64
4866 36
4865 44
4864 13
4863 1
4862 92
4861 69
4860 79
4859 59
4858 64
4857 41
4856 97
4855 81
4854 32
4853 94
4852 36
4851 56
4850 100
4849 60
4848 48
4847 41
4846 63
4845 71
4844 95
4843 46
4842 22
4841 98
4840 6
4839 81
4838 57
4837 8
4836 26
4835 17
4834 45
4833 48
4832 21
4831 76
4830 80
4829 13
4828 56
4827 6
4826 52
4825 53
4824 81
4823 75
4822 32
4821 57
4820 21
4819 45
4818 91
4817 11
4816 44
4815 36
4814 49
4813 90
4812 82
4811 72
4810 30
4809 8
4808 33
4807 48
4806 91
4805 37
4804 72
4803 24
4802 16
4801 62
4800 54
4799 12
4798 45
4797 8
4796 72
4795 95
4794 65
4793 83
4792 24
4791 25
4790 17
4789 19
4788 79
4787 76
4786 36
4785 89
4784 92
4783 78
4782 27
4781 58
4780 97
4779 89
4778 1
4777 56
4776 16
4775 33
4774 30
4773 19
4772 35
4771 14
4770 14
4769 17
4768 37
4767 9
4766 75
4765 2
4764 56
4763 46
4762 32
4761 89
4760 2
4759 18
4758 92
4757 43
4756 41
4755 97
4754 81
4753 83
4752 86
4751 92
4750 29
4749 81
4748 60
4747 99
4746 32
4745 28
4744 69
4743 23
4742 17
4741 44
4740 40
4739 12
4738 38
4737 31
4736 31
4735 39
4734 49
4733 23
4732 22
4731 48
4730 61
4729 19
4728 85
4727 67
4726 69
4725 92
4724 31
4723 86
4722 89
4721 50
4720 6
4719 51
4718 35
4717 79
4716 53
4715 43
4714 14
4713 64
4712 25
4711 52
4710 74
4709 83
4708 87
4707 40
4706 12
4705 44
4704 12
4703 11
4702 71
4701 2
4700 56
4699 4
4698 82
4697 86
4696 94
4695 27
4694 79
4693 64
4692 19
4691 28
4690 36
4689 73
4688 91
4687 91
4686 29
4685 87
4684 21
4683 94
4682 99
4681 21
4680 98
4679 80
4678 28
4677 91
4676 0
4675 88
4674 86
4673 100
4672 35
4671 28
4670 96
4669 38
4668 17
4667 30
4666 47
4665 49
4664 21
4663 70
4662 97
4661 11
4660 97
4659 8
4658 17
4657 25
4656 6
4655 60
4654 55
4653 33
4652 82
4651 32
4650 67
4649 78
4648 10
4647 90
4646 30
4645 77
4644 22
4643 60
4642 1
4641 31
4640 45
4639 80
4638 89
4637 32
4636 33
4635 32
4634 87
4633 94
4632 5
4631 60
4630 76
4629 43
4628 62
4627 74
4626 29
4625 4
4624 36
4623 96
4622 80
4621 36
4620 19
4619 19
4618 20
4617 82
4616 23
4615 44
4614 75
4613 62
4612 66
4611 88
4610 3
4609 60
4608 34
4607 43
4606 45
4605 27
4604 74
4603 46
4602 12
4601 60
4600 5
4599 22
4598 24
4597 78
4596 65
4595 54
4594 83
4593 57
4592 31
4591 71
4590 23
4589 12
4588 18
4587 26
4586 7
4585 81
4584 74
4583 22
4582 45
4581 33
4580 25
4579 13
4578 25
4577 90
4576 75
4575 46
4574 73
4573 94
4572 21
4571 7
4570 40
4569 24
4568 24
4567 51
4566 52
4565 16
4564 59
4563 80
4562 9
4561 9
4560 2
4559 75
4558 69
4557 26
4556 49
4555 87
4554 63
4553 27
4552 65
4551 96
4550 9
4549 51
4548 50
4547 82
4546 4
4545 85
4544 14
4543 100
4542 40
4541 69
4540 52
4539 63
4538 66
4537 0
4536 75
4535 4
4534 33
4533 99
4532 75
4531 100
4530 37
4529 59
4528 88
4527 22
4526 1
4525 65
4524 90
4523 76
4522 23
4521 95
4520 46
4519 8
4518 1
4517 28
4516 33
4515 30
4514 23
4513 88
4512 99
4511 38
4510 85
4509 25
4508 76
4507 38
4506 65
4505 94
4504 56
4503 7
4502 39
4501 41
4500 66
4499 52
4498 31
4497 100
4496 52
4495 92
4494 19
4493 14
4492 68
4491 17
4490 94
4489 78
4488 35
4487 62
4486 78
4485 49
4484 100
4483 19
4482 71
4481 74
4480 57
4479 53
4478 18
4477 20
4476 62
4475 77
4474 35
4473 39
4472 67
4471 43
4470 87
4469 61
4468 25
4467 5
4466 95
4465 49
4464 37
4463 13
4462 92
4461 23
4460 75
4459 4
4458 81
4457 24
4456 69
4455 46
4454 65
4453 36
4452 78
4451 37
4450 91
4449 10
4448 27
4447 2
4446 62
4445 38
4444 86
4443 51
4442 69
4441 69
4440 39
4439 88
4438 47
4437 21
4436 57
4435 61
4434 11
4433 33
4432 1
4431 65
4430 77
4429 45
4428 65
4427 31
4426 13
4425 97
4424 66
4423 33
4422 27
4421 21
4420 74
4419 32
4418 24
4417 0
4416 97
4415 17
4414 79
4413 89
4412 93
4411 94
4410 69
4409 17
4408 72
4407 60
4406 53
4405 88
4404 57
4403 47
4402 39
4401 12
4400 50
4399 14
4398 48
4397 91
4396 92
4395 93
4394 33
4393 90
4392 76
4391 87
4390 72
4389 66
4388 85
4387 96
4386 78
4385 56
4384 23
4383 81
4382 64
4381 85
4380 86
4379 43
4378 23
4377 58
4376 48
4375 19
4374 92
4373 37
4372 86
4371 78
4370 48
4369 67
4368 54
4367 36
4366 100
4365 96
4364 31
4363 30
4362 70
4361 15
4360 9
4359 38
4358 21
4357 45
4356 25
4355 66
4354 39
4353 50
4352 7
4351 5
4350 40
4349 24
4348 32
4347 11
4346 27
4345 90
4344 88
4343 81
4342 21
4341 23
4340 12
4339 43
4338 47
4337 51
4336 51
4335 7
4334 72
4333 42
4332 9
4331 88
4330 52
4329 15
4328 98
4327 38
4326 87
4325 95
4324 92
4323 56
4322 28
4321 75
4320 1
4319 16
4318 41
4317 44
4316 24
4315 57
4314 98
4313 9
4312 53
4311 1
4310 57
4309 86
4308 26
4307 59
4306 52
4305 73
4304 86
4303 79
4302 71
4301 10
4300 13
4299 34
4298 38
4297 93
4296 17
4295 81
4294 35
4293 73
4292 68
4291 99
4290 93
4289 78
4288 83
4287 65
4286 97
4285 7
4284 55
4283 88
4282 99
4281 100
4280 87
4279 65
4278 1
4277 46
4276 35
4275 43
4274 7
4273 55
4272 83
4271 20
4270 36
4269 65
4268 81
4267 74
4266 13
4265 19
4264 26
4263 30
4262 39
4261 62
4260 37
4259 78
4258 70
4257 61
4256 55
4255 48
4254 6
4253 7
4252 57
4251 73
4250 91
4249 12
4248 5
4247 96
4246 11
4245 57
4244 49
4243 63
4242 17
4241 74
4240 64
4239 20
4238 68
4237 67
4236 31
4235 47
4234 81
4233 22
4232 86
4231 29
4230 41
4229 84
4228 71
4227 89
4226 100
4225 33
4224 9
4223 97
4222 89
4221 61
4220 17
4219 5
4218 34
4217 31
4216 54
4215 66
4214 54
4213 34
4212 12
4211 35
4210 32
4209 80
4208 2
4207 80
4206 39
4205 16
4204 44
4203 62
4202 77
4201 48
4200 68
4199 1
4198 100
4197 15
4196 26
4195 70
4194 97
4193 27
4192 100
4191 29
4190 49
4189 86
4188 26
4187 10
4186 77
4185 21
4184 19
4183 47
4182 84
4181 66
4180 14
4179 59
4178 9
4177 7
4176 15
4175 98
4174 93
4173 63
4172 17
4171 77
4170 16
4169 5
4168 18
4167 3
4166 29
4165 29
4164 10
4163 44
4162 78
4161 31
4160 23
4159 10
4158 78
4157 46
4156 96
4155 18
4154 56
4153 69
4152 72
4151 76
4150 15
4149 23
4148 89
4147 49
4146 93
4145 95
4144 31
4143 24
4142 71
4141 39
4140 69
4139 44
4138 96
4137 49
4136 58
4135 79
4134 5
4133 21
4132 66
4131 56
4130 44
4129 19
4128 23
4127 44
4126 53
4125 4
4124 79
4123 33
4122 26
4121 34
4120 67
4119 98
4118 60
4117 69
4116 91
4115 56
4114 42
4113 84
4112 60
4111 98
4110 53
4109 98
4108 85
4107 49
4106 62
4105 82
4104 22
4103 48
4102 12
4101 39
4100 15
4099 88
4098 30
4097 31
4096 68
4095 66
4094 99
4093 68
4092 71
4091 4
4090 4
4089 35
4088 71
4087 34
4086 75
4085 97
4084 63
4083 87
4082 42
4081 76
4080 68
4079 14
4078 22
4077 4
4076 8
4075 67
4074 74
4073 25
4072 98
4071 15
4070 44
4069 96
4068 56
4067 4
4066 58
4065 13
4064 44
4063 8
4062 72
4061 95
4060 95
4059 65
4058 68
4057 2
4056 48
4055 53
4054 49
4053 50
4052 40
4051 91
4050 58
4049 29
4048 99
4047 93
4046 15
4045 38
4044 50
4043 82
4042 83
4041 80
4040 60
4039 33
4038 56
4037 13
4036 31
4035 77
4034 99
4033 22
4032 35
4031 33
4030 16
4029 49
4028 44
4027 32
4026 63
4025 99
4024 39
4023 95
4022 43
4021 26
4020 50
4019 35
4018 7
4017 77
4016 54
4015 27
4014 0
4013 78
4012 29
4011 100
4010 24
4009 52
4008 85
4007 56
4006 99
4005 95
4004 67
4003 40
4002 12
4001 4
4000 40
3999 98
3998 84
3997 78
3996 80
3995 84
3994 19
3993 22
3992 36
3991 77
3990 58
3989 60
3988 83
3987 81
3986 51
3985 59
3984 95
3983 3
3982 35
3981 90
3980 79
3979 47
3978 20
3977 68
3976 53
3975 84
3974 3
3973 79
3972 88
3971 16
3970 91
3969 16
3968 42
3967 91
3966 35
3965 49
3964 74
3963 22
3962 57
3961 61
3960 48
3959 47
3958 21
3957 71
3956 59
3955 17
3954 61
3953 67
3952 68
3951 79
3950 52
3949 13
3948 9
3947 64
3946 85
3945 55
3944 100
3943 92
3942 52
3941 34
3940 79
3939 89
3938 2
3937 57
3936 30
3935 72
3934 56
3933 2
3932 19
3931 49
3930 74
3929 67
3928 92
3927 13
3926 8
3925 9
3924 30
3923 29
3922 31
3921 43
3920 46
3919 13
3918 24
3917 78
3916 68
3915 59
3914 89
3913 51
3912 21
3911 58
3910 91
3909 100
3908 11
3907 96
3906 19
3905 24
3904 56
3903 6
3902 28
3901 97
3900 42
3899 67
3898 24
3897 49
3896 15
3895 65
3894 16
3893 40
3892 76
3891 56
3890 22
3889 54
3888 76
3887 41
3886 99
3885 5
3884 27
3883 47
3882 50
3881 6
3880 56
3879 37
3878 10
3877 60
3876 85
3875 78
3874 45
3873 43
3872 50
3871 15
3870 22
3869 76
3868 87
3867 83
3866 78
3865 25
3864 69
3863 96
3862 99
3861 95
3860 72
3859 52
3858 99
3857 57
3856 50
3855 16
3854 32
3853 97
3852 2
3851 91
3850 23
3849 43
3848 37
3847 97
3846 53
3845 79
3844 5
3843 51
3842 16
3841 58
3840 12
3839 78
3838 38
3837 19
3836 71
3835 10
3834 37
3833 85
3832 18
3831 50
3830 57
3829 13
3828 21
3827 35
3826 59
3825 3
3824 10
3823 11
3822 4
3821 25
3820 33
3819 83
3818 42
3817 52
3816 1
3815 4
3814 27
3813 51
3812 44
3811 59
3810 48
3809 12
3808 16
3807 47
3806 55
3805 57
3804 10
3803 76
3802 0
3801 47
3800 36
3799 48
3798 29
3797 9
3796 54
3795 73
3794 18
3793 67
3792 25
3791 48
3790 28
3789 80
3788 86
3787 76
3786 26
3785 77
3784 47
3783 48
3782 19
3781 92
3780 56
3779 56
3778 13
3777 60
3776 31
3775 31
3774 25
3773 61
3772 10
3771 51
3770 19
3769 29
3768 99
3767 92
3766 30
3765 43
3764 52
3763 89
3762 95
3761 48
3760 71
3759 46
3758 36
3757 59
3756 26
3755 48
3754 24
3753 95
3752 15
3751 99
3750 76
3749 7
3748 27
3747 29
3746 69
3745 82
3744 53
3743 77
3742 60
3741 69
3740 68
3739 57
3738 28
3737 8
3736 99
3735 84
3734 90
3733 19
3732 52
3731 38
3730 20
3729 31
3728 58
3727 81
3726 37
3725 67
3724 18
3723 43
3722 65
3721 91
3720 46
3719 38
3718 10
3717 36
3716 48
3715 64
3714 13
3713 20
3712 54
3711 50
3710 41
3709 92
3708 4
3707 69
3706 83
3705 0
3704 95
3703 64
3702 79
3701 66
3700 35
3699 74
3698 95
3697 55
3696 50
3695 82
3694 43
3693 1
3692 13
3691 26
3690 90
3689 67
3688 31
3687 74
3686 23
3685 2
3684 96
3683 2
3682 63
3681 11
3680 75
3679 96
3678 1
3677 74
3676 36
3675 48
3674 86
3673 94
3672 78
3671 23
3670 32
3669 61
3668 96
3667 17
3666 53
3665 31
3664 42
3663 43
3662 36
3661 85
3660 41
3659 1
3658 29
3657 100
3656 76
3655 44
3654 45
3653 77
3652 63
3651 49
3650 54
3649 93
3648 35
3647 54
3646 0
3645 14
3644 90
3643 81
3642 32
3641 100
3640 3
3639 35
3638 22
3637 53
3636 96
3635 44
3634 94
3633 51
3632 53
3631 82
3630 33
3629 2
3628 94
3627 22
3626 92
3625 2
3624 15
3623 78
3622 20
3621 87
3620 26
3619 43
3618 95
3617 53
3616 91
3615 21
3614 86
3613 71
3612 2
3611 12
3610 9
3609 88
3608 47
3607 35
3606 2
3605 56
3604 30
3603 77
3602 33
3601 62
3600 13
3599 29
3598 2
3597 65
3596 66
3595 89
3594 56
3593 84
3592 52
3591 11
3590 19
3589 87
3588 83
3587 34
3586 89
3585 26
3584 34
3583 75
3582 39
3581 56
3580 18
3579 50
3578 82
3577 83
3576 21
3575 10
3574 33
3573 2
3572 83
3571 3
3570 64
3569 75
3568 74
3567 45
3566 69
3565 44
3564 5
3563 41
3562 48
3561 22
3560 6
3559 26
3558 56
3557 92
3556 73
3555 28
3554 65
3553 47
3552 10
3551 1
3550 59
3549 51
3548 29
3547 66
3546 24
3545 38
3544 21
3543 77
3542 38
3541 37
3540 89
3539 27
3538 82
3537 9
3536 33
3535 66
3534 68
3533 17
3532 69
3531 77
3530 97
3529 50
3528 17
3527 49
3526 35
3525 70
3524 95
3523 43
3522 43
3521 98
3520 55
3519 58
3518 66
3517 18
3516 4
3515 26
3514 12
3513 34
3512 24
3511 99
3510 82
3509 44
3508 24
3507 69
3506 97
3505 55
3504 95
3503 68
3502 30
3501 7
3500 30
3499 22
3498 23
3497 21
3496 41
3495 97
3494 35
3493 88
3492 78
3491 94
3490 44
3489 77
3488 97
3487 8
3486 45
3485 50
3484 48
3483 4
3482 99
3481 95
3480 17
3479 90
3478 80
3477 76
3476 0
3475 46
3474 26
3473 23
3472 39
3471 75
3470 46
3469 51
3468 33
3467 37
3466 23
3465 76
3464 13
3463 93
3462 58
3461 55
3460 82
3459 85
3458 74
3457 27
3456 90
3455 17
3454 73
3453 28
3452 29
3451 37
3450 37
3449 89
3448 60
3447 33
3446 24
3445 78
3444 15
3443 70
3442 76
3441 38
3440 51
3439 2
3438 26
3437 99
3436 52
3435 65
3434 78
3433 75
3432 50
3431 87
3430 47
3429 93
3428 46
3427 44
3426 47
3425 87
3424 50
3423 28
3422 95
3421 17
3420 14
3419 68
3418 67
3417 59
3416 58
3415 45
3414 47
3413 21
3412 52
3411 78
3410 20
3409 49
3408 82
3407 22
3406 69
3405 41
3404 66
3403 59
3402 54
3401 78
3400 49
3399 18
3398 32
3397 99
3396 45
3395 19
3394 42
3393 26
3392 77
3391 90
3390 69
3389 33
3388 39
3387 42
3386 39
3385 90
3384 78
3383 21
3382 30
3381 98
3380 58
3379 92
3378 51
3377 89
3376 45
3375 66
3374 4
3373 69
3372 46
3371 46
3370 40
3369 73
3368 95
3367 89
3366 24
3365 25
3364 79
3363 21
3362 46
3361 88
3360 51
3359 38
3358 39
3357 49
3356 45
3355 83
3354 74
3353 39
3352 79
3351 97
3350 79
3349 17
3348 9
3347 71
3346 24
3345 47
3344 59
3343 33
3342 34
3341 97
3340 56
3339 0
3338 68
3337 10
3336 61
3335 56
3334 54
3333 67
3332 79
3331 60
3330 58
3329 32
3328 55
3327 1
3326 7
3325 35
3324 30
3323 47
3322 25
3321 57
3320 41
3319 88
3318 59
3317 10
3316 26
3315 66
3314 32
3313 67
3312 58
3311 55
3310 17
3309 49
3308 22
3307 96
3306 2
3305 47
3304 81
3303 66
3302 100
3301 26
3300 56
3299 61
3298 38
3297 25
3296 25
3295 45
3294 26
3293 13
3292 56
3291 6
3290 10
3289 84
3288 88
3287 12
3286 83
3285 21
3284 96
3283 97
3282 16
3281 76
3280 71
3279 21
3278 87
3277 40
3276 0
3275 24
3274 51
3273 16
3272 61
3271 53
3270 35
3269 19
3268 76
3267 85
3266 66
3265 3
3264 41
3263 80
3262 35
3261 72
3260 36
3259 37
3258 79
3257 68
3256 100
3255 0
3254 65
3253 14
3252 25
3251 25
3250 3
3249 44
3248 17
3247 0
3246 79
3245 90
3244 63
3243 35
3242 77
3241 84
3240 15
3239 15
3238 81
3237 90
3236 95
3235 10
3234 33
3233 3
3232 36
3231 80
3230 82
3229 96
3228 88
3227 27
3226 77
3225 47
3224 85
3223 4
3222 25
3221 72
3220 64
3219 99
3218 17
3217 24
3216 63
3215 85
3214 23
3213 66
3212 22
3211 65
3210 95
3209 77
3208 50
3207 68
3206 60
3205 69
3204 84
3203 62
3202 79
3201 7
3200 6
3199 65
3198 6
3197 96
3196 92
3195 74
3194 94
3193 38
3192 89
3191 69
3190 60
3189 64
3188 12
3187 10
3186 4
3185 32
3184 92
3183 97
3182 47
3181 20
3180 81
3179 99
3178 75
3177 0
3176 31
3175 88
3174 51
3173 43
3172 79
3171 37
3170 3
3169 95
3168 97
3167 17
3166 67
3165 76
3164 87
3163 86
3162 30
3161 16
3160 7
3159 11
3158 2
3157 88
3156 22
3155 1
3154 48
3153 86
3152 5
3151 25
3150 15
3149 31
3148 8
3147 14
3146 23
3145 13
3144 79
3143 20
3142 3
3141 95
3140 58
3139 76
3138 8
3137 63
3136 63
3135 69
3134 13
3133 11
3132 35
3131 49
3130 14
3129 17
3128 20
3127 18
3126 2
3125 33
3124 100
3123 44
3122 26
3121 47
3120 76
3119 15
3118 67
3117 29
3116 46
3115 56
3114 10
3113 45
3112 0
3111 100
3110 100
3109 57
3108 99
3107 27
3106 29
3105 57
3104 18
3103 24
3102 30
3101 57
3100 22
3099 27
3098 38
3097 21
3096 29
3095 49
3094 45
3093 26
3092 96
3091 72
3090 82
3089 1
3088 86
3087 25
3086 3
3085 0
3084 10
3083 35
3082 76
3081 17
3080 14
3079 1
3078 67
3077 75
3076 42
3075 96
3074 20
3073 44
3072 25
3071 82
3070 48
3069 34
3068 97
3067 27
3066 52
3065 93
3064 34
3063 34
3062 10
3061 31
3060 21
3059 87
3058 13
3057 56
3056 97
3055 6
3054 1
3053 74
3052 57
3051 51
3050 35
3049 22
3048 68
3047 9
3046 40
3045 43
3044 34
3043 14
3042 64
3041 56
3040 36
3039 28
3038 38
3037 22
3036 79
3035 71
3034 73
3033 8
3032 95
3031 74
3030 42
3029 61
3028 64
3027 11
3026 12
3025 16
3024 32
3023 46
3022 5
3021 84
3020 1
3019 37
3018 83
3017 70
3016 85
3015 44
3014 44
3013 18
3012 68
3011 65
3010 41
3009 9
3008 15
3007 32
3006 19
3005 12
3004 8
3003 88
3002 7
3001 63
3000 97
2999 95
2998 28
2997 46
2996 30
2995 59
2994 44
2993 22
2992 21
2991 0
2990 55
2989 84
2988 81
2987 72
2986 20
2985 45
2984 88
2983 43
2982 88
2981 10
2980 40
2979 27
2978 54
2977 97
2976 72
2975 79
2974 79
2973 17
2972 23
2971 84
2970 76
2969 40
2968 64
2967 47
2966 55
2965 19
2964 2
2963 3
2962 18
2961 80
2960 96
2959 60
2958 17
2957 67
2956 59
2955 37
2954 38
2953 88
2952 56
2951 6
2950 13
2949 15
2948 81
2947 41
2946 4
2945 54
2944 74
2943 90
2942 31
2941 100
2940 14
2939 43
2938 38
2937 94
2936 41
2935 25
2934 64
2933 81
2932 78
2931 15
2930 5
2929 72
2928 78
2927 99
2926 90
2925 80
2924 81
2923 78
2922 8
2921 37
2920 75
2919 50
2918 61
2917 19
2916 52
2915 64
2914 98
2913 67
2912 48
2911 71
2910 11
2909 58
2908 50
2907 28
2906 82
2905 19
2904 97
2903 89
2902 29
2901 86
2900 82
2899 18
2898 24
2897 44
2896 56
2895 31
2894 45
2893 99
2892 37
2891 14
2890 51
2889 30
2888 34
2887 65
2886 17
2885 53
2884 61
2883 72
2882 38
2881 20
2880 84
2879 69
2878 16
2877 65
2876 65
2875 39
2874 95
2873 8
2872 88
2871 82
2870 69
2869 12
2868 20
2867 17
2866 66
2865 87
2864 79
2863 83
2862 4
2861 68
2860 36
2859 48
2858 49
2857 38
2856 16
2855 85
2854 78
2853 18
2852 14
2851 62
2850 44
2849 15
2848 29
2847 20
2846 21
2845 95
2844 94
2843 20
2842 56
2841 30
2840 51
2839 52
2838 63
2837 17
2836 84
2835 82
2834 41
2833 52
2832 49
2831 28
2830 26
2829 39
2828 33
2827 94
2826 36
2825 57
2824 25
2823 87
2822 34
2821 52
2820 69
2819 57
2818 23
2817 3
2816 25
2815 47
2814 26
2813 12
2812 70
2811 54
2810 76
2809 91
2808 90
2807 93
2806 57
2805 8
2804 59
2803 61
2802 100
2801 91
2800 93
2799 90
2798 60
2797 70
2796 55
2795 28
2794 97
2793 96
2792 46
2791 9
2790 37
2789 11
2788 76
2787 54
2786 33
2785 82
2784 90
2783 72
2782 54
2781 69
2780 63
2779 64
2778 100
2777 52
2776 47
2775 62
2774 95
2773 97
2772 79
2771 95
2770 11
2769 49
2768 96
2767 25
2766 5
2765 26
2764 82
2763 82
2762 84
2761 20
2760 80
2759 30
2758 48
2757 57
2756 9
2755 1
2754 38
2753 77
2752 87
2751 24
2750 90
2749 5
2748 85
2747 76
2746 46
2745 98
2744 80
2743 53
2742 39
2741 7
2740 24
2739 22
2738 9
2737 23
2736 16
2735 46
2734 41
2733 68
2732 6
2731 29
2730 99
2729 75
2728 72
2727 26
2726 36
2725 50
2724 98
2723 55
2722 16
2721 53
2720 2
2719 91
2718 77
2717 95
2716 33
2715 55
2714 14
2713 22
2712 18
2711 43
2710 57
2709 34
2708 4
2707 48
2706 38
2705 59
2704 7
2703 27
2702 35
2701 13
2700 99
2699 66
2698 0
2697 75
2696 78
2695 36
2694 34
2693 62
2692 64
2691 28
2690 29
2689 46
2688 40
2687 87
2686 15
2685 12
2684 77
2683 63
2682 38
2681 41
2680 29
2679 54
2678 87
2677 17
2676 31
2675 76
2674 96
2673 7
2672 67
2671 49
2670 6
2669 54
2668 22
2667 87
2666 9
2665 45
2664 66
2663 30
2662 33
2661 51
2660 67
2659 30
2658 42
2657 15
2656 59
2655 17
2654 75
2653 31
2652 32
2651 34
2650 20
2649 20
2648 56
2647 71
2646 15
2645 66
2644 57
2643 100
2642 40
2641 46
2640 2
2639 24
2638 79
2637 48
2636 58
2635 69
2634 66
2633 13
2632 87
2631 15
2630 7
2629 55
2628 36
2627 51
2626 74
2625 61
2624 63
2623 18
2622 96
2621 1
2620 92
2619 29
2618 60
2617 17
2616 7
2615 61
2614 55
2613 8
2612 18
2611 94
2610 32
2609 8
2608 33
2607 24
2606 25
2605 21
2604 9
2603 11
2602 94
2601 68
2600 9
2599 56
2598 79
2597 98
2596 54
2595 6
2594 97
2593 93
2592 37
2591 49
2590 92
2589 50
2588 11
2587 75
2586 63
2585 90
2584 46
2583 52
2582 39
2581 78
2580 42
2579 34
2578 36
2577 67
2576 94
2575 0
2574 25
2573 92
2572 89
2571 61
2570 79
2569 68
2568 95
2567 55
2566 67
2565 87
2564 71
2563 35
2562 34
2561 20
2560 97
2559 44
2558 70
2557 77
2556 42
2555 23
2554 41
2553 9
2552 31
2551 87
2550 57
2549 33
2548 50
2547 73
2546 58
2545 55
2544 17
2543 24
2542 50
2541 67
2540 36
2539 69
2538 23
2537 97
2536 32
2535 18
2534 100
2533 12
2532 41
2531 86
2530 71
2529 11
2528 10
2527 74
2526 37
2525 26
2524 56
2523 86
2522 91
2521 40
2520 62
2519 92
2518 59
2517 17
2516 29
2515 22
2514 12
2513 87
2512 50
2511 34
2510 100
2509 23
2508 2
2507 69
2506 8
2505 25
2504 22
2503 52
2502 89
2501 100
2500 84
2499 52
2498 0
2497 61
2496 89
2495 31
2494 38
2493 94
2492 20
2491 64
2490 60
2489 61
2488 2
2487 60
2486 9
2485 38
2484 39
2483 20
2482 25
2481 10
2480 8
2479 96
2478 32
2477 99
2476 61
2475 46
2474 3
2473 22
2472 9
2471 5
2470 44
2469 48
2468 34
2467 70
2466 50
2465 94
2464 63
2463 67
2462 19
2461 47
2460 34
2459 46
2458 8
2457 13
2456 84
2455 54
2454 81
2453 34
2452 14
2451 36
2450 94
2449 20
2448 8
2447 29
2446 39
2445 31
2444 41
2443 71
2442 21
2441 42
2440 1
2439 76
2438 86
2437 47
2436 90
2435 61
2434 0
2433 16
2432 100
2431 78
2430 36
2429 36
2428 5
2427 70
2426 7
2425 100
2424 77
2423 47
2422 88
2421 25
2420 33
2419 98
2418 50
2417 45
2416 70
2415 33
2414 82
2413 52
2412 66
2411 43
2410 12
2409 52
2408 78
2407 69
2406 51
2405 98
2404 3
2403 0
2402 65
2401 37
2400 12
2399 80
2398 33
2397 93
2396 91
2395 61
2394 36
2393 4
2392 47
2391 86
2390 64
2389 77
2388 88
2387 53
2386 93
2385 91
2384 48
2383 62
2382 15
2381 8
2380 80
2379 50
2378 43
2377 49
2376 7
2375 82
2374 86
2373 7
2372 20
2371 10
2370 22
2369 28
2368 65
2367 31
2366 43
2365 53
2364 22
2363 49
2362 91
2361 61
2360 51
2359 32
2358 19
2357 18
2356 52
2355 57
2354 7
2353 59
2352 93
2351 65
2350 99
2349 52
2348 7
2347 91
2346 78
2345 73
2344 92
2343 4
2342 10
2341 7
2340 82
2339 25
2338 69
2337 58
2336 14
2335 15
2334 36
2333 99
2332 49
2331 13
2330 50
2329 79
2328 6
2327 21
2326 91
2325 14
2324 52
2323 91
2322 63
2321 54
2320 20
2319 93
2318 25
2317 25
2316 1
2315 80
2314 78
2313 11
2312 54
2311 55
2310 11
2309 90
2308 74
2307 68
2306 39
2305 9
2304 78
2303 63
2302 70
2301 87
2300 71
2299 70
2298 23
2297 23
2296 78
2295 63
2294 94
2293 47
2292 27
2291 70
2290 96
2289 32
2288 10
2287 86
2286 44
2285 9
2284 97
2283 95
2282 39
2281 76
2280 52
2279 56
2278 80
2277 77
2276 54
2275 22
2274 33
2273 88
2272 97
2271 3
2270 63
2269 75
2268 86
2267 5
2266 21
2265 10
2264 32
2263 93
2262 18
2261 53
2260 71
2259 93
2258 1
2257 77
2256 35
2255 2
2254 0
2253 38
2252 12
2251 24
2250 82
2249 87
2248 72
2247 80
2246 70
2245 54
2244 76
2243 11
2242 87
2241 49
2240 38
2239 66
2238 43
2237 58
2236 65
2235 37
2234 74
2233 88
2232 9
2231 9
2230 34
2229 51
2228 21
2227 7
2226 19
2225 5
2224 26
2223 61
2222 64
2221 33
2220 99
2219 37
2218 70
2217 77
2216 41
2215 77
2214 68
2213 80
2212 3
2211 85
2210 42
2209 97
2208 52
2207 25
2206 13
2205 98
2204 82
2203 51
2202 43
2201 44
2200 32
2199 85
2198 70
2197 6
2196 36
2195 82
2194 16
2193 80
2192 82
2191 20
2190 46
2189 85
2188 62
2187 6
2186 96
2185 67
2184 91
2183 62
2182 18
2181 40
2180 79
2179 2
2178 34
2177 22
2176 25
2175 47
2174 20
2173 9
2172 80
2171 54
2170 6
2169 95
2168 60
2167 26
2166 29
2165 24
2164 14
2163 59
2162 2
2161 10
2160 46
2159 78
2158 71
2157 46
2156 100
2155 1
2154 54
2153 54
2152 76
2151 55
2150 64
2149 14
2148 53
2147 97
2146 7
2145 46
2144 82
2143 1
2142 15
2141 71
2140 83
2139 10
2138 81
2137 24
2136 23
2135 56
2134 35
2133 24
2132 34
2131 60
2130 13
2129 62
2128 27
2127 37
2126 68
2125 5
2124 84
2123 94
2122 43
2121 50
2120 70
2119 49
2118 71
2117 77
2116 43
2115 64
2114 81
2113 76
2112 21
2111 45
2110 18
2109 78
2108 6
2107 69
2106 43
2105 50
2104 62
2103 32
2102 51
2101 32
2100 79
2099 93
2098 20
2097 28
2096 24
2095 60
2094 53
2093 8
2092 89
2091 26
2090 65
2089 85
2088 89
2087 93
2086 68
2085 48
2084 100
2083 34
2082 12
2081 93
2080 80
2079 74
2078 67
2077 0
2076 36
2075 29
2074 56
2073 3
2072 76
2071 88
2070 46
2069 20
2068 66
2067 12
2066 11
2065 27
2064 86
2063 20
2062 94
2061 23
2060 61
2059 11
2058 10
2057 72
2056 57
2055 38
2054 44
2053 17
2052 19
2051 4
2050 42
2049 59
2048 1
2047 72
2046 9
2045 51
2044 81
2043 30
2042 61
2041 98
2040 17
2039 16
2038 70
2037 37
2036 11
2035 23
2034 97
2033 78
2032 13
2031 10
2030 70
2029 90
2028 37
2027 79
2026 87
2025 0
2024 65
2023 6
2022 12
2021 45
2020 64
2019 86
2018 6
2017 20
2016 90
2015 40
2014 44
2013 12
2012 93
2011 87
2010 44
2009 51
2008 66
2007 44
2006 64
2005 82
2004 91
2003 28
2002 50
2001 28
2000 72
1999 14
1998 82
1997 47
1996 80
1995 86
1994 22
1993 22
1992 39
1991 76
1990 52
1989 36
1988 82
1987 7
1986 61
1985 90
1984 10
1983 9
1982 73
1981 22
1980 94
1979 80
1978 67
1977 24
1976 2
1975 39
1974 24
1973 69
1972 95
1971 93
1970 16
1969 92
1968 63
1967 39
1966 83
1965 72
1964 5
1963 22
1962 10
1961 71
1960 3
1959 62
1958 35
1957 94
1956 77
1955 7
1954 71
1953 34
1952 1
1951 14
1950 99
1949 5
1948 35
1947 23
1946 36
1945 18
1944 2
1943 44
1942 96
1941 75
1940 99
1939 49
1938 84
1937 7
1936 83
1935 1
1934 97
1933 3
1932 53
1931 2
1930 78
1929 31
1928 52
1927 19
1926 65
1925 14
1924 18
1923 12
1922 15
1921 72
1920 70
1919 71
1918 4
1917 37
1916 99
1915 22
1914 77
1913 18
1912 67
1911 21
1910 17
1909 99
1908 10
1907 17
1906 11
1905 10
1904 77
1903 19
1902 31
1901 6
1900 33
1899 47
1898 76
1897 82
1896 44
1895 97
1894 82
1893 90
1892 51
1891 31
1890 28
1889 5
1888 100
1887 52
1886 80
1885 87
1884 94
1883 2
1882 98
1881 29
1880 67
1879 74
1878 71
1877 79
1876 40
1875 73
1874 74
1873 89
1872 36
1871 51
1870 100
1869 56
1868 52
1867 65
1866 8
1865 96
1864 81
1863 19
1862 23
1861 20
1860 88
1859 83
1858 10
1857 38
1856 72
1855 13
1854 52
1853 23
1852 37
1851 74
1850 45
1849 91
1848 92
1847 92
1846 7
1845 28
1844 83
1843 89
1842 87
1841 83
1840 69
1839 2
1838 78
1837 31
1836 59
1835 49
1834 44
1833 65
1832 7
1831 25
1830 4
1829 42
1828 77
1827 62
1826 87
1825 49
1824 37
1823 27
1822 11
1821 39
1820 89
1819 23
1818 38
1817 90
1816 49
1815 33
1814 11
1813 8
1812 47
1811 24
1810 38
1809 75
1808 70
1807 98
1806 70
1805 54
1804 14
1803 8
1802 64
1801 88
1800 86
1799 95
1798 45
1797 14
1796 64
1795 5
1794 100
1793 92
1792 98
1791 85
1790 70
1789 25
1788 35
1787 43
1786 89
1785 80
1784 67
1783 30
1782 50
1781 8
1780 44
1779 33
1778 20
1777 83
1776 4
1775 94
1774 73
1773 14
1772 3
1771 78
1770 30
1769 90
1768 37
1767 56
1766 79
1765 6
1764 49
1763 5
1762 43
1761 19
1760 2
1759 33
1758 72
1757 79
1756 34
1755 95
1754 51
1753 32
1752 11
1751 71
1750 51
1749 21
1748 11
1747 73
1746 86
1745 85
1744 93
1743 45
1742 51
1741 68
1740 94
1739 3
1738 86
1737 31
1736 86
1735 2
1734 54
1733 38
1732 100
1731 43
1730 1
1729 28
1728 30
1727 50
1726 13
1725 18
1724 8
1723 67
1722 71
1721 62
1720 6
1719 30
1718 71
1717 52
1716 98
1715 34
1714 11
1713 79
1712 69
1711 8
1710 45
1709 54
1708 2
1707 1
1706 53
1705 83
1704 97
1703 9
1702 11
1701 11
1700 48
1699 83
1698 36
1697 1
1696 10
1695 16
1694 83
1693 68
1692 28
1691 71
1690 44
1689 14
1688 73
1687 49
1686 24
1685 66
1684 90
1683 49
1682 51
1681 99
1680 40
1679 90
1678 20
1677 20
1676 80
1675 22
1674 45
1673 56
1672 99
1671 61
1670 43
1669 7
1668 58
1667 46
1666 98
1665 28
1664 30
1663 23
1662 38
1661 20
1660 9
1659 3
1658 6
1657 70
1656 71
1655 93
1654 98
1653 98
1652 27
1651 40
1650 27
1649 75
1648 95
1647 71
1646 86
1645 1
1644 0
1643 67
1642 88
1641 67
1640 55
1639 82
1638 12
1637 38
1636 7
1635 76
1634 63
1633 30
1632 20
1631 92
1630 38
1629 24
1628 40
1627 39
1626 91
1625 69
1624 54
1623 58
1622 70
1621 38
1620 64
1619 19
1618 17
1617 51
1616 4
1615 8
1614 17
1613 73
1612 4
1611 25
1610 28
1609 62
1608 48
1607 3
1606 15
1605 91
1604 64
1603 92
1602 29
1601 30
1600 56
1599 11
1598 44
1597 97
1596 16
1595 23
1594 26
1593 85
1592 64
1591 34
1590 42
1589 74
1588 45
1587 33
1586 69
1585 36
1584 45
1583 87
1582 54
1581 50
1580 42
1579 50
1578 69
1577 64
1576 99
1575 85
1574 58
1573 31
1572 18
1571 91
1570 25
1569 59
1568 72
1567 61
1566 47
1565 17
1564 81
1563 70
1562 37
1561 91
1560 43
1559 31
1558 37
1557 10
1556 67
1555 82
1554 93
1553 90
1552 40
1551 66
1550 31
1549 40
1548 41
1547 41
1546 31
1545 20
1544 14
1543 85
1542 28
1541 6
1540 11
1539 80
1538 22
1537 3
1536 57
1535 91
1534 61
1533 19
1532 27
1531 84
1530 6
1529 8
1528 45
1527 38
1526 19
1525 81
1524 55
1523 59
1522 67
1521 37
1520 27
1519 23
1518 13
1517 38
1516 45
1515 35
1514 51
1513 46
1512 75
1511 24
1510 3
1509 29
1508 15
1507 18
1506 26
1505 61
1504 92
1503 43
1502 41
1501 25
1500 12
1499 93
1498 13
1497 42
1496 31
1495 13
1494 42
1493 72
1492 23
1491 58
1490 92
1489 52
1488 47
1487 88
1486 43
1485 97
1484 30
1483 76
1482 59
1481 90
1480 91
1479 81
1478 91
1477 95
1476 5
1475 89
1474 64
1473 40
1472 14
1471 8
1470 37
1469 86
1468 71
1467 34
1466 9
1465 70
1464 37
1463 75
1462 50
1461 68
1460 47
1459 76
1458 29
1457 3
1456 89
1455 34
1454 17
1453 55
1452 73
1451 14
1450 100
1449 98
1448 85
1447 24
1446 67
1445 56
1444 94
1443 17
1442 26
1441 55
1440 46
1439 11
1438 4
1437 52
1436 34
1435 92
1434 54
1433 83
1432 91
1431 20
1430 15
1429 42
1428 90
1427 40
1426 56
1425 4
1424 89
1423 45
1422 35
1421 35
1420 90
1419 72
1418 32
1417 67
1416 57
1415 87
1414 54
1413 27
1412 49
1411 86
1410 3
1409 11
1408 84
1407 38
1406 16
1405 97
1404 48
1403 44
1402 64
1401 14
1400 92
1399 37
1398 20
1397 36
1396 43
1395 69
1394 93
1393 18
1392 16
1391 19
1390 61
1389 63
1388 96
1387 80
1386 38
1385 77
1384 36
1383 84
1382 28
1381 39
1380 80
1379 24
1378 32
1377 17
1376 26
1375 2
1374 31
1373 31
1372 2
1371 34
1370 88
1369 58
1368 90
1367 27
1366 12
1365 59
1364 17
1363 30
1362 54
1361 42
1360 60
1359 53
1358 46
1357 58
1356 64
1355 100
1354 11
1353 87
1352 13
1351 27
1350 25
1349 96
1348 34
1347 99
1346 52
1345 11
1344 88
1343 32
1342 1
1341 62
1340 91
1339 89
1338 94
1337 61
1336 45
1335 78
1334 74
1333 30
1332 11
1331 50
1330 49
1329 43
1328 84
1327 38
1326 26
1325 81
1324 44
1323 9
1322 52
1321 59
1320 96
1319 25
1318 89
1317 81
1316 31
1315 81
1314 33
1313 59
1312 89
1311 42
1310 68
1309 93
1308 8
1307 84
1306 82
1305 50
1304 95
1303 45
1302 18
1301 78
1300 72
1299 38
1298 88
1297 39
1296 24
1295 33
1294 29
1293 20
1292 15
1291 38
1290 81
1289 53
1288 7
1287 39
1286 74
1285 39
1284 48
1283 78
1282 37
1281 59
1280 0
1279 60
1278 21
1277 55
1276 90
1275 29
1274 77
1273 38
1272 34
1271 58
1270 89
1269 56
1268 61
1267 51
1266 45
1265 70
1264 64
1263 47
1262 41
1261 96
1260 87
1259 41
1258 19
1257 92
1256 20
1255 29
1254 62
1253 27
1252 60
1251 70
1250 69
1249 90
1248 22
1247 37
1246 59
1245 87
1244 10
1243 6
1242 11
1241 83
1240 31
1239 59
1238 32
1237 10
1236 81
1235 7
1234 34
1233 1
1232 32
1231 26
1230 28
1229 73
1228 18
1227 45
1226 59
1225 58
1224 17
1223 64
1222 66
1221 15
1220 11
1219 87
1218 44
1217 94
1216 96
1215 76
1214 74
1213 72
1212 69
1211 82
1210 59
1209 63
1208 1
1207 9
1206 50
1205 94
1204 38
1203 12
1202 65
1201 33
1200 62
1199 32
1198 75
1197 27
1196 1
1195 78
1194 31
1193 76
1192 26
1191 69
1190 45
1189 58
1188 76
1187 55
1186 90
1185 6
1184 6
1183 12
1182 37
1181 63
1180 95
1179 41
1178 89
1177 17
1176 37
1175 53
1174 57
1173 1
1172 2
1171 61
1170 12
1169 33
1168 68
1167 12
1166 49
1165 53
1164 76
1163 57
1162 98
1161 64
1160 24
1159 84
1158 49
1157 80
1156 38
1155 45
1154 91
1153 26
1152 53
1151 45
1150 78
1149 36
1148 31
1147 44
1146 98
1145 92
1144 33
1143 56
1142 79
1141 62
1140 73
1139 92
1138 41
1137 75
1136 11
1135 32
1134 53
1133 88
1132 34
1131 9
1130 8
1129 44
1128 39
1127 60
1126 61
1125 35
1124 1
1123 97
1122 37
1121 82
1120 23
1119 26
1118 20
1117 15
1116 92
1115 19
1114 45
1113 12
1112 5
1111 31
1110 70
1109 28
1108 59
1107 41
1106 36
1105 69
1104 25
1103 0
1102 56
1101 44
1100 58
1099 75
1098 44
1097 41
1096 20
1095 62
1094 41
1093 71
1092 55
1091 35
1090 54
1089 89
1088 82
1087 25
1086 32
1085 8
1084 14
1083 20
1082 54
1081 11
1080 40
1079 0
1078 53
1077 80
1076 88
1075 31
1074 23
1073 2
1072 57
1071 19
1070 96
1069 100
1068 53
1067 2
1066 34
1065 57
1064 44
1063 43
1062 79
1061 45
1060 95
1059 13
1058 54
1057 31
1056 40
1055 54
1054 16
1053 42
1052 55
1051 52
1050 15
1049 36
1048 23
1047 95
1046 27
1045 15
1044 51
1043 42
1042 65
1041 30
1040 69
1039 69
1038 19
1037 86
1036 36
1035 79
1034 88
1033 57
1032 93
1031 94
1030 97
1029 73
1028 75
1027 30
1026 24
1025 65
1024 44
1023 40
1022 16
1021 6
1020 18
1019 60
1018 59
1017 81
1016 47
1015 30
1014 22
1013 51
1012 69
1011 23
1010 73
1009 12
1008 63
1007 71
1006 23
1005 36
1004 30
1003 4
1002 24
1001 66
1000 22
999 91
998 38
997 98
996 77
995 12
994 17
993 82
992 68
991 19
990 36
989 71
988 92
987 29
986 35
985 5
984 96
983 79
982 22
981 22
980 41
979 98
978 72
977 4
976 24
975 34
974 70
973 77
972 7
971 35
970 37
969 40
968 13
967 67
966 75
965 53
964 73
963 81
962 87
961 90
960 65
959 15
958 71
957 65
956 50
955 100
954 88
953 34
952 29
951 78
950 8
949 10
948 16
947 24
946 43
945 59
944 54
943 68
942 73
941 92
940 40
939 14
938 77
937 25
936 45
935 67
934 59
933 52
932 12
931 1
930 61
929 97
928 90
927 31
926 19
925 76
924 94
923 65
922 38
921 85
920 32
919 15
918 99
917 14
916 95
915 32
914 14
913 15
912 26
911 80
910 59
909 10
908 5
907 93
906 26
905 17
904 12
903 94
902 65
901 7
900 72
899 31
898 54
897 67
896 73
895 35
894 75
893 40
892 30
891 56
890 37
889 6
888 80
887 16
886 4
885 52
884 70
883 69
882 99
881 61
880 68
879 82
878 22
877 36
876 23
875 43
874 20
873 72
872 1
871 83
870 75
869 31
868 84
867 37
866 26
865 55
864 77
863 26
862 94
861 15
860 84
859 8
858 10
857 79
856 98
855 83
854 96
853 59
852 68
851 98
850 52
849 90
848 58
847 38
846 30
845 90
844 16
843 35
842 100
841 91
840 79
839 56
838 95
837 79
836 36
835 54
834 35
833 12
832 26
831 91
830 81
829 50
828 87
827 78
826 24
825 89
824 96
823 75
822 31
821 61
820 12
819 70
818 41
817 92
816 13
815 27
814 24
813 68
812 6
811 96
810 54
809 19
808 3
807 79
806 65
805 30
804 87
803 15
802 8
801 29
800 62
799 62
798 19
797 30
796 61
795 35
794 99
793 5
792 5
791 86
790 14
789 47
788 0
787 42
786 62
785 76
784 78
783 5
782 31
781 11
780 70
779 34
778 33
777 95
776 19
775 53
774 11
773 55
772 75
771 13
770 49
769 95
768 33
767 56
766 76
765 65
764 49
763 93
762 10
761 64
760 33
759 43
758 78
757 32
756 36
755 46
754 42
753 62
752 43
751 29
750 8
749 24
748 82
747 84
746 9
745 24
744 66
743 27
742 100
741 81
740 87
739 73
738 49
737 82
736 74
735 6
734 95
733 70
732 69
731 87
730 48
729 77
728 18
727 89
726 80
725 75
724 63
723 62
722 48
721 27
720 50
719 38
718 97
717 35
716 67
715 15
714 11
713 90
712 44
711 65
710 43
709 70
708 48
707 87
706 8
705 58
704 30
703 24
702 29
701 98
700 89
699 43
698 48
697 55
696 7
695 37
694 11
693 74
692 1
691 43
690 26
689 0
688 90
687 25
686 74
685 79
684 4
683 92
682 72
681 93
680 62
679 65
678 26
677 79
676 71
675 66
674 31
673 20
672 27
671 44
670 90
669 70
668 20
667 65
666 62
665 95
664 100
663 15
662 49
661 51
660 54
659 52
658 2
657 38
656 83
655 82
654 17
653 81
652 63
651 61
650 24
649 36
648 4
647 79
646 53
645 85
644 27
643 80
642 22
641 47
640 23
639 25
638