6050 36
6049 69
6048 86
6047 58
6046 56
6045 92
6044 27
6043 24
6042 24
6041 9
6040 48
6039 40
6038 85
6037 47
6036 35
6035 13
6034 37
6033 85
6032 90
6031 8
6030 50
6029 2
6028 78
6027 9
6026 29
6025 77
6024 82
6023 63
6022 24
6021 81
6020 59
6019 74
6018 96
6017 57
6016 58
6015 38
6014 50
6013 81
6012 59
6011 7
6010 21
6009 57
6008 65
6007 23
6006 83
6005 90
6004 67
6003 44
6002 62
6001 72
6000 19
5999 2
5998 66
5997 25
5996 44
5995 25
5994 70
5993 59
5992 75
5991 71
5990 31
5989 59
5988 72
5987 46
5986 53
5985 17
5984 82
5983 56
5982 83
5981 54
5980 16
5979 71
5978 5
5977 15
5976 61
5975 76
5974 91
5973 95
5972 33
5971 95
5970 53
5969 9
5968 54
5967 77
5966 0
5965 19
5964 2
5963 39
5962 69
5961 93
5960 3
5959 11
5958 32
5957 50
5956 71
5955 85
5954 32
5953 37
5952 95
5951 42
5950 56
5949 43
5948 9
5947 36
5946 72
5945 41
5944 12
5943 93
5942 31
5941 5
5940 83
5939 54
5938 9
5937 51
5936 73
5935 75
5934 81
5933 92
5932 38
5931 16
5930 3
5929 5
5928 16
5927 3
5926 96
5925 57
5924 12
5923 37
5922 60
5921 8
5920 59
5919 21
5918 16
5917 32
5916 12
5915 93
5914 66
5913 89
5912 58
5911 31
5910 94
5909 50
5908 42
5907 49
5906 58
5905 38
5904 78
5903 43
5902 1
5901 62
5900 88
5899 9
5898 43
5897 83
5896 79
5895 83
5894 9
5893 45
5892 73
5891 99
5890 43
5889 29
5888 81
5887 90
5886 63
5885 64
5884 10
5883 42
5882 61
5881 0
5880 45
5879 78
5878 8
5877 35
5876 96
5875 76
5874 97
5873 78
5872 50
5871 85
5870 42
5869 83
5868 26
5867 56
5866 84
5865 60
5864 38
5863 60
5862 19
5861 58
5860 5
5859 1
5858 10
5857 93
5856 12
5855 16
5854 45
5853 78
5852 91
5851 71
5850 35
5849 66
5848 33
5847 58
5846 96
5845 76
5844 44
5843 40
5842 24
5841 28
5840 34
5839 70
5838 87
5837 82
5836 87
5835 53
5834 66
5833 10
5832 66
5831 91
5830 90
5829 70
5828 71
5827 43
5826 95
5825 26
5824 62
5823 88
5822 17
5821 16
5820 88
5819 20
5818 42
5817 33
5816 11
5815 63
5814 14
5813 17
5812 75
5811 63
5810 42
5809 68
5808 30
5807 72
5806 34
5805 35
5804 98
5803 54
5802 56
5801 87
5800 51
5799 74
5798 34
5797 15
5796 66
5795 6
5794 5
5793 88
5792 51
5791 67
5790 55
5789 98
5788 12
5787 51
5786 17
5785 72
5784 49
5783 17
5782 21
5781 16
5780 76
5779 78
5778 99
5777 32
5776 13
5775 20
5774 87
5773 63
5772 22
5771 93
5770 80
5769 57
5768 99
5767 94
5766 33
5765 55
5764 62
5763 83
5762 30
5761 13
5760 71
5759 3
5758 27
5757 23
5756 54
5755 69
5754 46
5753 48
5752 61
5751 22
5750 61
5749 27
5748 30
5747 21
5746 90
5745 9
5744 27
5743 87
5742 98
5741 19
5740 40
5739 83
5738 15
5737 89
5736 54
5735 56
5734 23
5733 40
5732 44
5731 100
5730 0
5729 79
5728 67
5727 21
5726 60
5725 55
5724 14
5723 51
5722 34
5721 17
5720 62
5719 11
5718 67
5717 11
5716 22
5715 41
5714 84
5713 1
5712 8
5711 13
5710 58
5709 5
5708 68
5707 52
5706 40
5705 72
5704 98
5703 26
5702 44
5701 29
5700 51
5699 73
5698 99
5697 60
5696 39
5695 20
5694 31
5693 22
5692 5
5691 95
5690 4
5689 97
5688 17
5687 45
5686 31
5685 53
5684 88
5683 40
5682 9
5681 37
5680 84
5679 77
5678 12
5677 50
5676 58
5675 18
5674 4
5673 81
5672 96
5671 80
5670 17
5669 30
5668 27
5667 31
5666 0
5665 98
5664 90
5663 64
5662 85
5661 31
5660 82
5659 99
5658 95
5657 59
5656 6
5655 92
5654 8
5653 55
5652 7
5651 31
5650 74
5649 56
5648 97
5647 0
5646 49
5645 68
5644 4
5643 91
5642 22
5641 79
5640 19
5639 4
5638 20
5637 20
5636 63
5635 8
5634 21
5633 98
5632 0
5631 42
5630 38
5629 49
5628 7
5627 10
5626 25
5625 30
5624 81
5623 40
5622 100
5621 17
5620 53
5619 1
5618 39
5617 52
5616 4
5615 61
5614 8
5613 95
5612 51
5611 97
5610 63
5609 28
5608 27
5607 21
5606 91
5605 72
5604 25
5603 29
5602 24
5601 70
5600 37
5599 21
5598 17
5597 74
5596 14
5595 58
5594 54
5593 86
5592 42
5591 2
5590 31
5589 65
5588 67
5587 81
5586 57
5585 41
5584 10
5583 9
5582 17
5581 31
5580 14
5579 89
5578 53
5577 7
5576 14
5575 30
5574 25
5573 45
5572 38
5571 70
5570 5
5569 64
5568 83
5567 35
5566 16
5565 23
5564 41
5563 60
5562 40
5561 10
5560 10
5559 10
5558 13
5557 47
5556 1
5555 54
5554 35
5553 22
5552 33
5551 97
5550 59
5549 63
5548 45
5547 8
5546 47
5545 40
5544 49
5543 25
5542 11
5541 90
5540 53
5539 73
5538 12
5537 17
5536 20
5535 31
5534 11
5533 42
5532 53
5531 82
5530 31
5529 25
5528 15
5527 7
5526 60
5525 23
5524 89
5523 52
5522 64
5521 43
5520 35
5519 70
5518 6
5517 57
5516 96
5515 72
5514 40
5513 87
5512 56
5511 54
5510 52
5509 54
5508 33
5507 15
5506 30
5505 29
5504 95
5503 90
5502 43
5501 54
5500 11
5499 67
5498 27
5497 82
5496 76
5495 71
5494 92
5493 97
5492 100
5491 75
5490 67
5489 83
5488 99
5487 7
5486 2
5485 65
5484 61
5483 41
5482 92
5481 58
5480 47
5479 30
5478 53
5477 90
5476 0
5475 85
5474 73
5473 16
5472 9
5471 30
5470 12
5469 42
5468 29
5467 55
5466 58
5465 14
5464 61
5463 84
5462 35
5461 26
5460 6
5459 69
5458 85
5457 34
5456 25
5455 1
5454 16
5453 73
5452 33
5451 83
5450 50
5449 23
5448 25
5447 64
5446 11
5445 75
5444 98
5443 45
5442 72
5441 56
5440 75
5439 100
5438 80
5437 68
5436 3
5435 37
5434 9
5433 3
5432 26
5431 79
5430 59
5429 13
5428 36
5427 63
5426 46
5425 82
5424 81
5423 66
5422 98
5421 55
5420 25
5419 51
5418 48
5417 33
5416 53
5415 50
5414 61
5413 29
5412 66
5411 51
5410 43
5409 50
5408 59
5407 68
5406 16
5405 19
5404 39
5403 98
5402 39
5401 23
5400 13
5399 66
5398 57
5397 45
5396 19
5395 29
5394 74
5393 70
5392 60
5391 64
5390 65
5389 77
5388 0
5387 82
5386 85
5385 12
5384 81
5383 29
5382 14
5381 12
5380 21
5379 79
5378 79
5377 10
5376 20
5375 47
5374 10
5373 100
5372 74
5371 29
5370 94
5369 70
5368 60
5367 32
5366 27
5365 74
5364 99
5363 10
5362 77
5361 71
5360 37
5359 68
5358 92
5357 66
5356 51
5355 24
5354 31
5353 96
5352 36
5351 52
5350 76
5349 47
5348 73
5347 2
5346 51
5345 89
5344 84
5343 51
5342 47
5341 42
5340 43
5339 62
5338 87
5337 5
5336 53
5335 87
5334 55
5333 57
5332 72
5331 54
5330 12
5329 80
5328 5
5327 25
5326 68
5325 37
5324 9
5323 72
5322 86
5321 1
5320 25
5319 72
5318 40
5317 31
5316 35
5315 98
5314 43
5313 38
5312 87
5311 37
5310 94
5309 4
5308 98
5307 40
5306 15
5305 56
5304 9
5303 80
5302 44
5301 62
5300 55
5299 54
5298 99
5297 64
5296 88
5295 70
5294 51
5293 9
5292 74
5291 68
5290 35
5289 49
5288 77
5287 86
5286 94
5285 76
5284 90
5283 82
5282 26
5281 53
5280 75
5279 71
5278 29
5277 14
5276 63
5275 10
5274 34
5273 45
5272 8
5271 40
5270 5
5269 92
5268 19
5267 12
5266 32
5265 54
5264 50
5263 62
5262 26
5261 87
5260 67
5259 82
5258 53
5257 46
5256 35
5255 95
5254 6
5253 49
5252 2
5251 80
5250 28
5249 29
5248 72
5247 57
5246 85
5245 33
5244 34
5243 87
5242 1
5241 93
5240 88
5239 43
5238 61
5237 94
5236 41
5235 60
5234 20
5233 46
5232 85
5231 45
5230 91
5229 59
5228 11
5227 86
5226 70
5225 23
5224 6
5223 12
5222 99
5221 62
5220 30
5219 38
5218 78
5217 13
5216 57
5215 99
5214 49
5213 7
5212 92
5211 66
5210 83
5209 51
5208 83
5207 5
5206 16
5205 10
5204 29
5203 94
5202 57
5201 15
5200 24
5199 6
5198 53
5197 34
5196 74
5195 43
5194 95
5193 97
5192 6
5191 1
5190 86
5189 98
5188 39
5187 54
5186 85
5185 71
5184 92
5183 96
5182 5
5181 30
5180 97
5179 49
5178 94
5177 29
5176 33
5175 39
5174 99
5173 77
5172 100
5171 54
5170 10
5169 11
5168 57
5167 37
5166 48
5165 96
5164 15
5163 87
5162 90
5161 21
5160 70
5159 17
5158 71
5157 62
5156 87
5155 85
5154 21
5153 38
5152 82
5151 97
5150 44
5149 92
5148 72
5147 13
5146 69
5145 57
5144 3
5143 97
5142 72
5141 0
5140 95
5139 80
5138 83
5137 90
5136 81
5135 39
5134 38
5133 78
5132 25
5131 55
5130 41
5129 68
5128 61
5127 45
5126 89
5125 30
5124 51
5123 16
5122 36
5121 65
5120 89
5119 91
5118 86
5117 48
5116 66
5115 64
5114 30
5113 85
5112 34
5111 19
5110 60
5109 53
5108 80
5107 31
5106 53
5105 95
5104 92
5103 100
5102 28
5101 81
5100 83
5099 10
5098 83
5097 87
5096 10
5095 86
5094 46
5093 5
5092 84
5091 5
5090 9
5089 4
5088 44
5087 26
5086 82
5085 11
5084 63
5083 59
5082 22
5081 0
5080 36
5079 97
5078 96
5077 43
5076 52
5075 63
5074 98
5073 56
5072 100
5071 80
5070 68
5069 99
5068 4
5067 79
5066 41
5065 38
5064 85
5063 28
5062 2
5061 7
5060 10
5059 41
5058 40
5057 99
5056 52
5055 29
5054 16
5053 41
5052 10
5051 86
5050 47
5049 32
5048 89
5047 40
5046 18
5045 70
5044 96
5043 31
5042 86
5041 56
5040 24
5039 30
5038 0
5037 82
5036 25
5035 83
5034 11
5033 33
5032 17
5031 37
5030 65
5029 80
5028 26
5027 27
5026 7
5025 2
5024 20
5023 15
5022 63
5021 8
5020 32
5019 49
5018 57
5017 0
5016 14
5015 60
5014 5
5013 19
5012 79
5011 13
5010 47
5009 42
5008 48
5007 94
5006 0
5005 55
5004 58
5003 85
5002 84
5001 11
5000 46
4999 33
4998 56
4997 48
4996 40
4995 7
4994 23
4993 79
4992 45
4991 42
4990 33
4989 25
4988 17
4987 65
4986 85
4985 72
4984 83
4983 58
4982 12
4981 47
4980 37
4979 99
4978 1
4977 94
4976 13
4975 67
4974 89
4973 61
4972 60
4971 64
4970 92
4969 64
4968 63
4967 14
4966 13
4965 43
4964 37
4963 82
4962 4
4961 27
4960 67
4959 13
4958 52
4957 10
4956 36
4955 47
4954 6
4953 58
4952 2
4951 30
4950 3
4949 33
4948 58
4947 64
4946 73
4945 54
4944 42
4943 11
4942 70
4941 100
4940 38
4939 65
4938 21
4937 59
4936 50
4935 10
4934 6
4933 67
4932 37
4931 97
4930 96
4929 17
4928 76
4927 59
4926 95
4925 16
4924 25
4923 88
4922 35
4921 90
4920 33
4919 10
4918 11
4917 26
4916 86
4915 42
4914 43
4913 84
4912 6
4911 68
4910 18
4909 54
4908 65
4907 83
4906 12
4905 48
4904 27
4903 70
4902 65
4901 24
4900 23
4899 27
4898 78
4897 63
4896 47
4895 5
4894 69
4893 32
4892 68
4891 71
4890 36
4889 16
4888 17
4887 27
4886 9
4885 27
4884 31
4883 75
4882 21
4881 17
4880 19
4879 39
4878 46
4877 50
4876 67
4875 60
4874 73
4873 67
4872 78
4871 56
4870 22
4869 73
4868 46
4867 36
4866 31
4865 85
4864 3
4863 50
4862 46
4861 16
4860 78
4859 44
4858 28
4857 49
4856 80
4855 65
4854 72
4853 55
4852 38
4851 42
4850 52
4849 74
4848 0
4847 21
4846 93
4845 37
4844 88
4843 4
4842 63
4841 27
4840 92
4839 37
4838 68
4837 88
4836 25
4835 55
4834 16
4833 30
4832 39
4831 23
4830 61
4829 94
4828 49
4827 21
4826 26
4825 81
4824 31
4823 81
4822 98
4821 28
4820 10
4819 97
4818 40
4817 100
4816 12
4815 99
4814 22
4813 94
4812 28
4811 94
4810 58
4809 98
4808 19
4807 84
4806 18
4805 96
4804 61
4803 42
4802 39
4801 43
4800 99
4799 97
4798 51
4797 62
4796 69
4795 81
4794 3
4793 36
4792 79
4791 83
4790 9
4789 89
4788 70
4787 100
4786 46
4785 38
4784 59
4783 48
4782 19
4781 62
4780 18
4779 43
4778 43
4777 40
4776 12
4775 65
4774 97
4773 82
4772 39
4771 98
4770 36
4769 85
4768 86
4767 39
4766 80
4765 58
4764 64
4763 61
4762 31
4761 54
4760 79
4759 99
4758 87
4757 45
4756 78
4755 13
4754 0
4753 94
4752 84
4751 23
4750 55
4749 40
4748 11
4747 81
4746 23
4745 46
4744 67
4743 85
4742 93
4741 64
4740 18
4739 54
4738 86
4737 82
4736 97
4735 88
4734 65
4733 97
4732 83
4731 84
4730 6
4729 67
4728 51
4727 80
4726 75
4725 55
4724 14
4723 21
4722 51
4721 23
4720 17
4719 95
4718 40
4717 36
4716 75
4715 86
4714 100
4713 79
4712 94
4711 43
4710 100
4709 84
4708 47
4707 22
4706 56
4705 81
4704 85
4703 95
4702 10
4701 38
4700 36
4699 1
4698 53
4697 14
4696 48
4695 88
4694 57
4693 95
4692 54
4691 32
4690 40
4689 92
4688 39
4687 49
4686 36
4685 40
4684 90
4683 42
4682 24
4681 94
4680 25
4679 83
4678 75
4677 82
4676 15
4675 21
4674 21
4673 39
4672 75
4671 1
4670 53
4669 99
4668 17
4667 19
4666 80
4665 85
4664 83
4663 15
4662 10
4661 73
4660 72
4659 52
4658 64
4657 50
4656 58
4655 11
4654 74
4653 4
4652 97
4651 53
4650 57
4649 30
4648 81
4647 85
4646 62
4645 72
4644 87
4643 52
4642 24
4641 19
4640 16
4639 11
4638 20
4637 53
4636 39
4635 64
4634 12
4633 98
4632 68
4631 67
4630 54
4629 20
4628 11
4627 2
4626 75
4625 18
4624 47
4623 22
4622 23
4621 27
4620 46
4619 67
4618 0
4617 10
4616 96
4615 48
4614 45
4613 58
4612 18
4611 24
4610 89
4609 16
4608 86
4607 89
4606 19
4605 42
4604 14
4603 31
4602 10
4601 43
4600 94
4599 64
4598 76
4597 1
4596 75
4595 81
4594 99
4593 81
4592 27
4591 70
4590 58
4589 21
4588 86
4587 34
4586 71
4585 48
4584 84
4583 99
4582 67
4581 51
4580 70
4579 74
4578 18
4577 28
4576 58
4575 33
4574 14
4573 49
4572 31
4571 44
4570 38
4569 23
4568 12
4567 9
4566 94
4565 32
4564 88
4563 58
4562 89
4561 60
4560 38
4559 11
4558 86
4557 49
4556 67
4555 42
4554 43
4553 92
4552 100
4551 66
4550 72
4549 63
4548 98
4547 78
4546 90
4545 86
4544 25
4543 72
4542 1
4541 6
4540 97
4539 29
4538 36
4537 25
4536 59
4535 53
4534 91
4533 12
4532 79
4531 19
4530 31
4529 2
4528 58
4527 23
4526 48
4525 8
4524 8
4523 9
4522 38
4521 81
4520 87
4519 61
4518 16
4517 3
4516 65
4515 11
4514 84
4513 98
4512 24
4511 26
4510 67
4509 7
4508 10
4507 63
4506 58
4505 31
4504 78
4503 39
4502 50
4501 43
4500 60
4499 51
4498 92
4497 41
4496 75
4495 31
4494 53
4493 24
4492 88
4491 100
4490 84
4489 42
4488 41
4487 64
4486 7
4485 12
4484 85
4483 98
4482 17
4481 86
4480 44
4479 39
4478 84
4477 50
4476 76
4475 73
4474 74
4473 16
4472 56
4471 24
4470 36
4469 83
4468 42
4467 94
4466 37
4465 6
4464 44
4463 37
4462 40
4461 12
4460 55
4459 23
4458 39
4457 24
4456 87
4455 35
4454 3
4453 36
4452 67
4451 22
4450 81
4449 71
4448 32
4447 0
4446 51
4445 81
4444 35
4443 45
4442 70
4441 55
4440 67
4439 17
4438 70
4437 25
4436 0
4435 47
4434 37
4433 73
4432 32
4431 100
4430 84
4429 28
4428 34
4427 58
4426 79
4425 1
4424 60
4423 71
4422 12
4421 6
4420 64
4419 92
4418 40
4417 12
4416 30
4415 0
4414 42
4413 76
4412 84
4411 12
4410 47
4409 59
4408 4
4407 48
4406 86
4405 17
4404 40
4403 38
4402 45
4401 28
4400 74
4399 36
4398 53
4397 14
4396 59
4395 94
4394 28
4393 65
4392 53
4391 90
4390 18
4389 51
4388 64
4387 79
4386 48
4385 66
4384 25
4383 58
4382 62
4381 52
4380 99
4379 21
4378 16
4377 76
4376 46
4375 62
4374 16
4373 28
4372 64
4371 41
4370 52
4369 13
4368 18
4367 86
4366 22
4365 100
4364 54
4363 93
4362 54
4361 40
4360 63
4359 90
4358 2
4357 25
4356 40
4355 44
4354 48
4353 66
4352 43
4351 63
4350 10
4349 17
4348 22
4347 81
4346 30
4345 87
4344 30
4343 5
4342 25
4341 63
4340 22
4339 35
4338 58
4337 43
4336 90
4335 52
4334 65
4333 66
4332 79
4331 75
4330 57
4329 87
4328 52
4327 6
4326 68
4325 66
4324 54
4323 86
4322 26
4321 18
4320 86
4319 3
4318 63
4317 18
4316 25
4315 86
4314 73
4313 76
4312 90
4311 82
4310 0
4309 22
4308 36
4307 2
4306 41
4305 67
4304 73
4303 12
4302 59
4301 3
4300 70
4299 57
4298 67
4297 68
4296 100
4295 74
4294 17
4293 25
4292 10
4291 56
4290 87
4289 92
4288 76
4287 68
4286 76
4285 56
4284 47
4283 23
4282 55
4281 60
4280 18
4279 19
4278 98
4277 12
4276 76
4275 98
4274 25
4273 83
4272 72
4271 48
4270 51
4269 89
4268 93
4267 43
4266 87
4265 63
4264 89
4263 16
4262 69
4261 75
4260 66
4259 80
4258 74
4257 16
4256 80
4255 38
4254 22
4253 71
4252 32
4251 88
4250 35
4249 83
4248 43
4247 12
4246 6
4245 30
4244 69
4243 38
4242 35
4241 57
4240 67
4239 89
4238 99
4237 28
4236 66
4235 36
4234 66
4233 51
4232 15
4231 85
4230 92
4229 81
4228 59
4227 6
4226 54
4225 11
4224 6
4223 18
4222 20
4221 25
4220 69
4219 44
4218 43
4217 79
4216 0
4215 82
4214 39
4213 33
4212 5
4211 89
4210 49
4209 53
4208 11
4207 24
4206 1
4205 90
4204 98
4203 42
4202 58
4201 75
4200 78
4199 85
4198 84
4197 87
4196 24
4195 92
4194 76
4193 28
4192 86
4191 21
4190 10
4189 92
4188 15
4187 70
4186 64
4185 0
4184 55
4183 68
4182 5
4181 54
4180 4
4179 27
4178 11
4177 77
4176 91
4175 63
4174 71
4173 96
4172 21
4171 87
4170 75
4169 100
4168 71
4167 81
4166 2
4165 29
4164 1
4163 16
4162 87
4161 79
4160 11
4159 31
4158 5
4157 73
4156 15
4155 8
4154 28
4153 42
4152 53
4151 75
4150 76
4149 92
4148 75
4147 85
4146 7
4145 67
4144 51
4143 90
4142 71
4141 76
4140 91
4139 58
4138 21
4137 94
4136 7
4135 99
4134 27
4133 66
4132 85
4131 2
4130 3
4129 88
4128 17
4127 83
4126 88
4125 52
4124 86
4123 73
4122 87
4121 3
4120 89
4119 90
4118 67
4117 25
4116 36
4115 29
4114 95
4113 20
4112 32
4111 68
4110 52
4109 41
4108 16
4107 70
4106 34
4105 71
4104 44
4103 98
4102 22
4101 34
4100 71
4099 62
4098 1
4097 60
4096 32
4095 84
4094 36
4093 87
4092 23
4091 83
4090 1
4089 73
4088 33
4087 45
4086 77
4085 29
4084 5
4083 18
4082 69
4081 11
4080 2
4079 78
4078 55
4077 92
4076 18
4075 78
4074 57
4073 49
4072 93
4071 9
4070 22
4069 89
4068 86
4067 84
4066 13
4065 70
4064 76
4063 29
4062 81
4061 60
4060 3
4059 64
4058 87
4057 22
4056 41
4055 21
4054 18
4053 80
4052 12
4051 68
4050 19
4049 72
4048 17
4047 97
4046 87
4045 8
4044 13
4043 46
4042 98
4041 5
4040 72
4039 16
4038 22
4037 40
4036 7
4035 14
4034 0
4033 73
4032 70
4031 82
4030 82
4029 74
4028 78
4027 81
4026 22
4025 94
4024 100
4023 4
4022 63
4021 1
4020 68
4019 54
4018 41
4017 98
4016 35
4015 82
4014 85
4013 45
4012 76
4011 78
4010 51
4009 87
4008 85
4007 61
4006 20
4005 32
4004 65
4003 73
4002 22
4001 62
4000 19
3999 80
3998 61
3997 37
3996 41
3995 87
3994 30
3993 53
3992 72
3991 36
3990 11
3989 94
3988 78
3987 30
3986 21
3985 90
3984 38
3983 63
3982 31
3981 8
3980 10
3979 22
3978 30
3977 11
3976 66
3975 93
3974 36
3973 59
3972 64
3971 5
3970 70
3969 55
3968 41
3967 86
3966 34
3965 98
3964 58
3963 87
3962 13
3961 5
3960 94
3959 28
3958 83
3957 9
3956 30
3955 47
3954 67
3953 77
3952 52
3951 74
3950 85
3949 98
3948 99
3947 74
3946 39
3945 26
3944 13
3943 17
3942 11
3941 51
3940 63
3939 98
3938 51
3937 56
3936 32
3935 53
3934 98
3933 91
3932 98
3931 41
3930 67
3929 20
3928 97
3927 63
3926 64
3925 6
3924 67
3923 22
3922 49
3921 84
3920 40
3919 21
3918 91
3917 72
3916 47
3915 95
3914 18
3913 56
3912 1
3911 13
3910 50
3909 39
3908 11
3907 56
3906 91
3905 15
3904 51
3903 68
3902 10
3901 79
3900 58
3899 91
3898 82
3897 76
3896 78
3895 34
3894 2
3893 52
3892 31
3891 5
3890 51
3889 8
3888 54
3887 62
3886 19
3885 7
3884 84
3883 53
3882 29
3881 39
3880 8
3879 82
3878 21
3877 80
3876 22
3875 96
3874 22
3873 66
3872 76
3871 16
3870 90
3869 35
3868 2
3867 84
3866 75
3865 77
3864 74
3863 65
3862 2
3861 38
3860 91
3859 28
3858 2
3857 46
3856 36
3855 18
3854 43
3853 18
3852 98
3851 17
3850 13
3849 63
3848 56
3847 38
3846 15
3845 31
3844 23
3843 86
3842 24
3841 86
3840 67
3839 53
3838 89
3837 82
3836 48
3835 89
3834 69
3833 0
3832 34
3831 100
3830 62
3829 41
3828 47
3827 95
3826 80
3825 57
3824 2
3823 64
3822 37
3821 100
3820 70
3819 40
3818 92
3817 79
3816 62
3815 32
3814 78
3813 59
3812 71
3811 31
3810 18
3809 8
3808 45
3807 95
3806 2
3805 46
3804 25
3803 20
3802 79
3801 82
3800 48
3799 12
3798 34
3797 0
3796 14
3795 11
3794 30
3793 43
3792 14
3791 25
3790 30
3789 29
3788 35
3787 58
3786 1
3785 51
3784 9
3783 40
3782 23
3781 48
3780 40
3779 58
3778 12
3777 92
3776 76
3775 89
3774 33
3773 97
3772 13
3771 5
3770 23
3769 16
3768 88
3767 20
3766 19
3765 4
3764 17
3763 21
3762 29
3761 11
3760 34
3759 41
3758 33
3757 97
3756 66
3755 52
3754 8
3753 19
3752 32
3751 92
3750 59
3749 57
3748 10
3747 26
3746 97
3745 0
3744 34
3743 100
3742 11
3741 71
3740 58
3739 64
3738 7
3737 48
3736 17
3735 47
3734 97
3733 96
3732 29
3731 22
3730 85
3729 0
3728 63
3727 7
3726 29
3725 63
3724 8
3723 51
3722 24
3721 26
3720 3
3719 100
3718 98
3717 8
3716 97
3715 45
3714 36
3713 84
3712 41
3711 8
3710 79
3709 11
3708 0
3707 40
3706 31
3705 3
3704 50
3703 49
3702 88
3701 16
3700 91
3699 18
3698 29
3697 0
3696 69
3695 23
3694 37
3693 37
3692 52
3691 41
3690 0
3689 31
3688 87
3687 19
3686 0
3685 49
3684 47
3683 91
3682 97
3681 58
3680 76
3679 24
3678 97
3677 28
3676 37
3675 39
3674 2
3673 40
3672 61
3671 39
3670 8
3669 74
3668 10
3667 87
3666 35
3665 8
3664 94
3663 40
3662 95
3661 49
3660 47
3659 4
3658 27
3657 55
3656 87
3655 90
3654 20
3653 16
3652 40
3651 18
3650 41
3649 95
3648 41
3647 14
3646 5
3645 7
3644 40
3643 78
3642 6
3641 50
3640 28
3639 3
3638 98
3637 50
3636 68
3635 10
3634 96
3633 30
3632 48
3631 60
3630 31
3629 87
3628 58
3627 70
3626 68
3625 0
3624 61
3623 59
3622 34
3621 79
3620 60
3619 78
3618 70
3617 43
3616 91
3615 84
3614 62
3613 71
3612 17
3611 20
3610 87
3609 35
3608 56
3607 36
3606 49
3605 20
3604 39
3603 61
3602 3
3601 25
3600 56
3599 59
3598 13
3597 52
3596 28
3595 32
3594 41
3593 14
3592 96
3591 60
3590 78
3589 50
3588 69
3587 30
3586 12
3585 87
3584 45
3583 26
3582 6
3581 52
3580 68
3579 49
3578 38
3577 43
3576 91
3575 49
3574 84
3573 27
3572 98
3571 53
3570 11
3569 7
3568 56
3567 63
3566 21
3565 45
3564 13
3563 72
3562 3
3561 60
3560 13
3559 80
3558 45
3557 97
3556 21
3555 93
3554 8
3553 10
3552 42
3551 0
3550 19
3549 65
3548 72
3547 94
3546 22
3545 74
3544 24
3543 63
3542 20
3541 28
3540 84
3539 39
3538 34
3537 0
3536 42
3535 61
3534 94
3533 77
3532 67
3531 83
3530 44
3529 20
3528 82
3527 2
3526 69
3525 65
3524 75
3523 91
3522 42
3521 93
3520 3
3519 13
3518 43
3517 77
3516 76
3515 57
3514 60
3513 46
3512 86
3511 33
3510 27
3509 23
3508 72
3507 45
3506 0
3505 0
3504 37
3503 43
3502 4
3501 4
3500 82
3499 37
3498 9
3497 89
3496 72
3495 80
3494 92
3493 69
3492 11
3491 65
3490 56
3489 9
3488 39
3487 91
3486 88
3485 41
3484 84
3483 40
3482 69
3481 1
3480 94
3479 28
3478 69
3477 68
3476 30
3475 20
3474 8
3473 90
3472 11
3471 5
3470 76
3469 61
3468 96
3467 53
3466 51
3465 18
3464 39
3463 15
3462 32
3461 62
3460 60
3459 63
3458 94
3457 41
3456 68
3455 91
3454 35
3453 48
3452 77
3451 57
3450 89
3449 2
3448 58
3447 44
3446 31
3445 93
3444 6
3443 87
3442 31
3441 83
3440 12
3439 31
3438 90
3437 74
3436 84
3435 30
3434 97
3433 61
3432 2
3431 4
3430 81
3429 29
3428 90
3427 42
3426 84
3425 44
3424 4
3423 99
3422 28
3421 89
3420 98
3419 15
3418 53
3417 70
3416 1
3415 38
3414 76
3413 77
3412 48
3411 38
3410 96
3409 33
3408 89
3407 35
3406 67
3405 16
3404 72
3403 31
3402 70
3401 65
3400 20
3399 24
3398 67
3397 4
3396 31
3395 25
3394 20
3393 91
3392 69
3391 6
3390 97
3389 2
3388 4
3387 62
3386 5
3385 5
3384 52
3383 63
3382 45
3381 94
3380 12
3379 73
3378 42
3377 2
3376 66
3375 32
3374 47
3373 16
3372 52
3371 56
3370 16
3369 93
3368 36
3367 38
3366 70
3365 77
3364 90
3363 76
3362 21
3361 23
3360 94
3359 3
3358 60
3357 53
3356 23
3355 17
3354 7
3353 31
3352 70
3351 17
3350 90
3349 10
3348 9
3347 41
3346 24
3345 54
3344 33
3343 53
3342 36
3341 82
3340 8
3339 99
3338 3
3337 36
3336 78
3335 60
3334 18
3333 12
3332 67
3331 50
3330 10
3329 99
3328 86
3327 84
3326 39
3325 1
3324 100
3323 10
3322 78
3321 46
3320 47
3319 40
3318 18
3317 32
3316 67
3315 0
3314 92
3313 45
3312 85
3311 31
3310 49
3309 99
3308 79
3307 26
3306 17
3305 79
3304 63
3303 68
3302 60
3301 74
3300 80
3299 2
3298 49
3297 8
3296 17
3295 100
3294 43
3293 53
3292 78
3291 11
3290 100
3289 22
3288 88
3287 44
3286 31
3285 20
3284 33
3283 40
3282 44
3281 48
3280 84
3279 96
3278 64
3277 11
3276 32
3275 51
3274 86
3273 26
3272 96
3271 98
3270 15
3269 86
3268 91
3267 11
3266 23
3265 1
3264 75
3263 60
3262 98
3261 6
3260 57
3259 54
3258 59
3257 99
3256 44
3255 99
3254 14
3253 36
3252 65
3251 85
3250 35
3249 57
3248 34
3247 32
3246 65
3245 40
3244 78
3243 79
3242 85
3241 86
3240 35
3239 62
3238 79
3237 29
3236 2
3235 79
3234 12
3233 11
3232 73
3231 90
3230 49
3229 91
3228 34
3227 55
3226 79
3225 5
3224 11
3223 85
3222 49
3221 18
3220 54
3219 39
3218 49
3217 4
3216 53
3215 96
3214 93
3213 6
3212 95
3211 54
3210 40
3209 74
3208 82
3207 83
3206 30
3205 53
3204 29
3203 88
3202 16
3201 13
3200 20
3199 12
3198 79
3197 92
3196 60
3195 71
3194 22
3193 56
3192 10
3191 62
3190 46
3189 16
3188 39
3187 43
3186 26
3185 21
3184 4
3183 79
3182 56
3181 7
3180 84
3179 23
3178 50
3177 7
3176 11
3175 16
3174 92
3173 9
3172 22
3171 75
3170 29
3169 92
3168 18
3167 79
3166 90
3165 86
3164 45
3163 70
3162 24
3161 3
3160 24
3159 80
3158 36
3157 1
3156 88
3155 97
3154 24
3153 10
3152 48
3151 38
3150 55
3149 61
3148 81
3147 81
3146 28
3145 71
3144 18
3143 19
3142 71
3141 11
3140 28
3139 49
3138 0
3137 75
3136 15
3135 78
3134 4
3133 70
3132 47
3131 43
3130 53
3129 27
3128 25
3127 33
3126 4
3125 55
3124 32
3123 62
3122 38
3121 62
3120 75
3119 9
3118 87
3117 93
3116 99
3115 12
3114 82
3113 8
3112 14
3111 46
3110 5
3109 9
3108 14
3107 30
3106 53
3105 39
3104 22
3103 21
3102 73
3101 34
3100 48
3099 78
3098 9
3097 93
3096 56
3095 93
3094 35
3093 74
3092 46
3091 9
3090 14
3089 86
3088 86
3087 42
3086 39
3085 72
3084 9
3083 46
3082 60
3081 10
3080 100
3079 85
3078 31
3077 93
3076 100
3075 73
3074 82
3073 45
3072 92
3071 63
3070 13
3069 19
3068 32
3067 52
3066 55
3065 28
3064 71
3063 45
3062 80
3061 86
3060 98
3059 69
3058 23
3057 77
3056 39
3055 97
3054 65
3053 81
3052 76
3051 39
3050 78
3049 93
3048 54
3047 57
3046 91
3045 46
3044 57
3043 66
3042 35
3041 52
3040 49
3039 65
3038 79
3037 30
3036 33
3035 66
3034 67
3033 88
3032 58
3031 50
3030 9
3029 49
3028 51
3027 23
3026 94
3025 41
3024 95
3023 25
3022 74
3021 37
3020 85
3019 35
3018 21
3017 16
3016 70
3015 30
3014 23
3013 54
3012 17
3011 54
3010 64
3009 30
3008 56
3007 17
3006 48
3005 93
3004 13
3003 67
3002 34
3001 92
3000 25
2999 61
2998 2
2997 97
2996 52
2995 78
2994 46
2993 88
2992 62
2991 81
2990 42
2989 47
2988 19
2987 58
2986 8
2985 65
2984 4
2983 12
2982 1
2981 42
2980 79
2979 16
2978 69
2977 74
2976 31
2975 75
2974 4
2973 5
2972 69
2971 67
2970 72
2969 16
2968 4
2967 72
2966 30
2965 57
2964 40
2963 68
2962 46
2961 65
2960 49
2959 41
2958 5
2957 12
2956 13
2955 49
2954 75
2953 100
2952 77
2951 43
2950 80
2949 22
2948 49
2947 72
2946 49
2945 90
2944 35
2943 25
2942 12
2941 28
2940 82
2939 62
2938 52
2937 40
2936 76
2935 95
2934 88
2933 63
2932 66
2931 14
2930 24
2929 53
2928 13
2927 66
2926 35
2925 41
2924 40
2923 29
2922 18
2921 20
2920 77
2919 90
2918 86
2917 7
2916 64
2915 98
2914 65
2913 17
2912 37
2911 31
2910 17
2909 0
2908 85
2907 40
2906 49
2905 90
2904 54
2903 26
2902 59
2901 31
2900 58
2899 48
2898 52
2897 56
2896 50
2895 32
2894 33
2893 98
2892 46
2891 49
2890 33
2889 41
2888 91
2887 4
2886 4
2885 4
2884 35
2883 7
2882 50
2881 54
2880 23
2879 92
2878 74
2877 39
2876 14
2875 58
2874 58
2873 19
2872 25
2871 74
2870 89
2869 31
2868 62
2867 77
2866 85
2865 9
2864 42
2863 35
2862 76
2861 70
2860 16
2859 24
2858 28
2857 54
2856 42
2855 31
2854 87
2853 5
2852 12
2851 58
2850 84
2849 18
2848 22
2847 9
2846 87
2845 22
2844 10
2843 73
2842 45
2841 24
2840 36
2839 13
2838 90
2837 27
2836 7
2835 29
2834 91
2833 66
2832 81
2831 72
2830 5
2829 41
2828 36
2827 58
2826 76
2825 65
2824 77
2823 29
2822 59
2821 88
2820 69
2819 67
2818 5
2817 43
2816 88
2815 21
2814 34
2813 14
2812 98
2811 47
2810 30
2809 48
2808 53
2807 72
2806 90
2805 70
2804 90
2803 74
2802 49
2801 62
2800 96
2799 91
2798 47
2797 100
2796 30
2795 88
2794 82
2793 29
2792 61
2791 87
2790 33
2789 15
2788 69
2787 53
2786 93
2785 14
2784 52
2783 19
2782 54
2781 62
2780 83
2779 4
2778 91
2777 29
2776 90
2775 68
2774 15
2773 0
2772 68
2771 46
2770 2
2769 87
2768 37
2767 78
2766 0
2765 5
2764 71
2763 48
2762 76
2761 5
2760 30
2759 9
2758 66
2757 89
2756 96
2755 51
2754 49
2753 36
2752 25
2751 52
2750 87
2749 87
2748 37
2747 56
2746 85
2745 36
2744 43
2743 51
2742 82
2741 3
2740 7
2739 9
2738 8
2737 76
2736 43
2735 93
2734 21
2733 48
2732 74
2731 94
2730 63
2729 41
2728 87
2727 44
2726 97
2725 85
2724 61
2723 87
2722 14
2721 9
2720 35
2719 37
2718 77
2717 42
2716 63
2715 85
2714 46
2713 15
2712 35
2711 60
2710 85
2709 71
2708 28
2707 6
2706 81
2705 68
2704 28
2703 33
2702 45
2701 62
2700 14
2699 30
2698 27
2697 66
2696 0
2695 71
2694 36
2693 12
2692 39
2691 58
2690 1
2689 3
2688 14
2687 21
2686 68
2685 80
2684 66
2683 26
2682 39
2681 88
2680 93
2679 52
2678 33
2677 44
2676 72
2675 35
2674 25
2673 54
2672 49
2671 81
2670 76
2669 8
2668 8
2667 89
2666 64
2665 67
2664 7
2663 91
2662 61
2661 38
2660 81
2659 39
2658 69
2657 72
2656 92
2655 29
2654 90
2653 79
2652 25
2651 79
2650 51
2649 95
2648 67
2647 15
2646 85
2645 47
2644 45
2643 14
2642 80
2641 58
2640 30
2639 81
2638 9
2637 39
2636 13
2635 92
2634 97
2633 28
2632 71
2631 29
2630 61
2629 15
2628 89
2627 36
2626 62
2625 31
2624 99
2623 13
2622 31
2621 73
2620 0
2619 48
2618 3
2617 63
2616 23
2615 82
2614 87
2613 80
2612 7
2611 46
2610 27
2609 6
2608 70
2607 28
2606 49
2605 28
2604 85
2603 67
2602 51
2601 15
2600 74
2599 26
2598 96
2597 84
2596 39
2595 86
2594 0
2593 84
2592 12
2591 68
2590 56
2589 48
2588 97
2587 75
2586 20
2585 43
2584 73
2583 30
2582 84
2581 82
2580 70
2579 58
2578 60
2577 70
2576 32
2575 67
2574 4
2573 27
2572 30
2571 96
2570 59
2569 32
2568 73
2567 4
2566 61
2565 11
2564 1
2563 6
2562 83
2561 33
2560 18
2559 41
2558 16
2557 82
2556 70
2555 69
2554 60
2553 4
2552 73
2551 86
2550 74
2549 53
2548 41
2547 23
2546 53
2545 83
2544 20
2543 49
2542 40
2541 43
2540 83
2539 29
2538 79
2537 24
2536 86
2535 4
2534 12
2533 3
2532 95
2531 74
2530 10
2529 51
2528 2
2527 41
2526 54
2525 99
2524 24
2523 37
2522 78
2521 11
2520 39
2519 11
2518 25
2517 42
2516 87
2515 16
2514 10
2513 43
2512 9
2511 14
2510 70
2509 47
2508 33
2507 78
2506 5
2505 75
2504 11
2503 21
2502 20
2501 91
2500 81
2499 97
2498 71
2497 95
2496 37
2495 47
2494 70
2493 14
2492 21
2491 6
2490 100
2489 80
2488 89
2487 91
2486 2
2485 99
2484 94
2483 44
2482 66
2481 23
2480 85
2479 31
2478 45
2477 41
2476 20
2475 72
2474 44
2473 27
2472 71
2471 37
2470 52
2469 77
2468 30
2467 62
2466 97
2465 42
2464 59
2463 78
2462 74
2461 64
2460 1
2459 2
2458 71
2457 78
2456 27
2455 6
2454 94
2453 48
2452 54
2451 94
2450 79
2449 56
2448 15
2447 18
2446 14
2445 77
2444 10
2443 25
2442 29
2441 97
2440 29
2439 38
2438 20
2437 4
2436 59
2435 78
2434 86
2433 62
2432 0
2431 97
2430 36
2429 41
2428 95
2427 37
2426 94
2425 21
2424 6
2423 88
2422 50
2421 42
2420 91
2419 41
2418 23
2417 72
2416 61
2415 65
2414 45
2413 48
2412 40
2411 34
2410 15
2409 3
2408 91
2407 12
2406 93
2405 85
2404 61
2403 48
2402 100
2401 45
2400 65
2399 10
2398 88
2397 99
2396 13
2395 12
2394 80
2393 5
2392 59
2391 27
2390 90
2389 94
2388 29
2387 16
2386 44
2385 3
2384 44
2383 67
2382 18
2381 95
2380 76
2379 20
2378 43
2377 33
2376 19
2375 38
2374 63
2373 3
2372 20
2371 19
2370 23
2369 10
2368 73
2367 35
2366 93
2365 90
2364 86
2363 98
2362 77
2361 92
2360 58
2359 26
2358 2
2357 86
2356 78
2355 28
2354 97
2353 15
2352 62
2351 92
2350 19
2349 7
2348 69
2347 0
2346 69
2345 55
2344 30
2343 50
2342 85
2341 89
2340 26
2339 20
2338 33
2337 86
2336 52
2335 90
2334 64
2333 69
2332 19
2331 58
2330 89
2329 75
2328 72
2327 97
2326 74
2325 66
2324 92
2323 79
2322 92
2321 97
2320 67
2319 57
2318 64
2317 93
2316 34
2315 41
2314 88
2313 23
2312 1
2311 70
2310 79
2309 35
2308 79
2307 41
2306 29
2305 48
2304 45
2303 61
2302 87
2301 36
2300 99
2299 88
2298 30
2297 69
2296 67
2295 55
2294 99
2293 20
2292 12
2291 43
2290 59
2289 78
2288 76
2287 46
2286 57
2285 20
2284 21
2283 100
2282 3
2281 81
2280 26
2279 40
2278 13
2277 14
2276 53
2275 6
2274 75
2273 42
2272 12
2271 90
2270 85
2269 38
2268 79
2267 1
2266 11
2265 1
2264 65
2263 54
2262 36
2261 89
2260 85
2259 25
2258 11
2257 18
2256 48
2255 29
2254 88
2253 8
2252 38
2251 86
2250 66
2249 73
2248 54
2247 22
2246 41
2245 71
2244 8
2243 54
2242 67
2241 95
2240 95
2239 32
2238 95
2237 17
2236 56
2235 23
2234 89
2233 97
2232 70
2231 55
2230 13
2229 68
2228 92
2227 93
2226 62
2225 41
2224 10
2223 92
2222 52
2221 32
2220 39
2219 19
2218 22
2217 32
2216 39
2215 41
2214 9
2213 11
2212 94
2211 39
2210 14
2209 8
2208 38
2207 7
2206 83
2205 45
2204 50
2203 33
2202 78
2201 40
2200 62
2199 20
2198 15
2197 54
2196 22
2195 13
2194 14
2193 11
2192 31
2191 35
2190 20
2189 48
2188 33
2187 25
2186 33
2185 78
2184 72
2183 50
2182 55
2181 83
2180 2
2179 54
2178 80
2177 80
2176 37
2175 56
2174 71
2173 73
2172 77
2171 18
2170 3
2169 87
2168 69
2167 68
2166 61
2165 5
2164 0
2163 76
2162 100
2161 93
2160 79
2159 48
2158 58
2157 27
2156 18
2155 29
2154 37
2153 6
2152 27
2151 9
2150 2
2149 31
2148 74
2147 89
2146 29
2145 61
2144 54
2143 52
2142 70
2141 70
2140 68
2139 77
2138 42
2137 24
2136 75
2135 54
2134 81
2133 14
2132 11
2131 8
2130 86
2129 15
2128 0
2127 89
2126 59
2125 68
2124 3
2123 72
2122 14
2121 44
2120 51
2119 62
2118 87
2117 56
2116 29
2115 53
2114 44
2113 26
2112 73
2111 83
2110 57
2109 7
2108 0
2107 60
2106 33
2105 17
2104 32
2103 82
2102 91
2101 92
2100 19
2099 45
2098 73
2097 59
2096 22
2095 2
2094 72
2093 6
2092 95
2091 75
2090 31
2089 18
2088 7
2087 11
2086 13
2085 56
2084 14
2083 11
2082 12
2081 37
2080 75
2079 62
2078 94
2077 30
2076 88
2075 65
2074 19
2073 92
2072 86
2071 34
2070 12
2069 2
2068 47
2067 34
2066 87
2065 37
2064 93
2063 47
2062 97
2061 53
2060 63
2059 90
2058 12
2057 57
2056 26
2055 34
2054 4
2053 49
2052 5
2051 25
2050 11
2049 7
2048 18
2047 76
2046 50
2045 10
2044 74
2043 3
2042 90
2041 19
2040 27
2039 6
2038 1
2037 9
2036 22
2035 16
2034 0
2033 6
2032 80
2031 92
2030 10
2029 21
2028 16
2027 12
2026 42
2025 73
2024 43
2023 66
2022 52
2021 100
2020 59
2019 65
2018 2
2017 16
2016 57
2015 81
2014 79
2013 94
2012 20
2011 92
2010 81
2009 99
2008 61
2007 60
2006 98
2005 36
2004 49
2003 85
2002 50
2001 40
2000 64
1999 50
1998 3
1997 13
1996 15
1995 76
1994 7
1993 14
1992 42
1991 12
1990 89
1989 85
1988 28
1987 14
1986 16
1985 11
1984 41
1983 18
1982 57
1981 44
1980 1
1979 67
1978 14
1977 29
1976 43
1975 9
1974 97
1973 38
1972 37
1971 11
1970 2
1969 58
1968 63
1967 65
1966 70
1965 37
1964 22
1963 66
1962 13
1961 27
1960 22
1959 45
1958 34
1957 93
1956 85
1955 12
1954 26
1953 56
1952 63
1951 81
1950 73
1949 63
1948 22
1947 74
1946 33
1945 65
1944 51
1943 24
1942 84
1941 90
1940 36
1939 57
1938 69
1937 60
1936 60
1935 83
1934 74
1933 41
1932 2
1931 54
1930 47
1929 20
1928 73
1927 44
1926 26
1925 69
1924 74
1923 99
1922 33
1921 10
1920 5
1919 43
1918 86
1917 39
1916 79
1915 40
1914 69
1913 86
1912 4
1911 9
1910 12
1909 18
1908 22
1907 17
1906 61
1905 76
1904 71
1903 14
1902 83
1901 87
1900 25
1899 65
1898 30
1897 9
1896 96
1895 32
1894 25
1893 24
1892 10
1891 82
1890 44
1889 16
1888 70
1887 96
1886 68
1885 1
1884 10
1883 87
1882 71
1881 43
1880 48
1879 94
1878 71
1877 16
1876 54
1875 45
1874 82
1873 84
1872 1
1871 96
1870 95
1869 97
1868 43
1867 7
1866 33
1865 29
1864 42
1863 58
1862 3
1861 59
1860 76
1859 51
1858 64
1857 49
1856 20
1855 11
1854 12
1853 68
1852 91
1851 62
1850 1
1849 67
1848 44
1847 61
1846 82
1845 70
1844 48
1843 13
1842 49
1841 26
1840 55
1839 54
1838 71
1837 83
1836 40
1835 89
1834 11
1833 96
1832 68
1831 69
1830 41
1829 11
1828 89
1827 51
1826 45
1825 12
1824 89
1823 66
1822 25
1821 0
1820 9
1819 72
1818 36
1817 41
1816 7
1815 63
1814 43
1813 32
1812 94
1811 22
1810 71
1809 12
1808 61
1807 87
1806 4
1805 81
1804 98
1803 86
1802 94
1801 92
1800 62
1799 55
1798 12
1797 64
1796 39
1795 20
1794 50
1793 93
1792 8
1791 68
1790 88
1789 27
1788 31
1787 83
1786 85
1785 8
1784 34
1783 66
1782 60
1781 42
1780 22
1779 45
1778 16
1777 18
1776 46
1775 68
1774 82
1773 90
1772 20
1771 29
1770 34
1769 49
1768 26
1767 0
1766 73
1765 97
1764 34
1763 99
1762 6
1761 27
1760 9
1759 78
1758 24
1757 27
1756 12
1755 98
1754 19
1753 75
1752 23
1751 90
1750 40
1749 61
1748 39
1747 19
1746 26
1745 20
1744 3
1743 73
1742 17
1741 33
1740 89
1739 26
1738 15
1737 15
1736 34
1735 32
1734 33
1733 71
1732 72
1731 3
1730 8
1729 66
1728 67
1727 33
1726 59
1725 23
1724 85
1723 56
1722 95
1721 84
1720 76
1719 6
1718 28
1717 49
1716 86
1715 4
1714 28
1713 82
1712 34
1711 1
1710 86
1709 81
1708 98
1707 8
1706 45
1705 13
1704 77
1703 72
1702 42
1701 63
1700 64
1699 35
1698 42
1697 10
1696 49
1695 97
1694 29
1693 35
1692 75
1691 6
1690 39
1689 45
1688 30
1687 29
1686 12
1685 65
1684 99
1683 60
1682 73
1681 6
1680 17
1679 16
1678 60
1677 26
1676 89
1675 38
1674 38
1673 24
1672 41
1671 56
1670 21
1669 21
1668 13
1667 15
1666 94
1665 51
1664 87
1663 39
1662 22
1661 75
1660 59
1659 53
1658 5
1657 78
1656 43
1655 39
1654 36
1653 32
1652 59
1651 19
1650 37
1649 84
1648 52
1647 1
1646 4
1645 96
1644 41
1643 26
1642 30
1641 98
1640 88
1639 90
1638 6
1637 47
1636 43
1635 32
1634 9
1633 8
1632 43
1631 56
1630 51
1629 100
1628 2
1627 30
1626 23
1625 38
1624 29
1623 89
1622 73
1621 71
1620 40
1619 17
1618 80
1617 67
1616 33
1615 18
1614 49
1613 12
1612 87
1611 13
1610 70
1609 42
1608 59
1607 42
1606 5
1605 90
1604 85
1603 43
1602 13
1601 79
1600 30
1599 77
1598 97
1597 43
1596 21
1595 35
1594 82
1593 18
1592 59
1591 49
1590 93
1589 85
1588 84
1587 47
1586 3
1585 70
1584 66
1583 52
1582 53
1581 20
1580 45
1579 32
1578 12
1577 22
1576 49
1575 68
1574 99
1573 42
1572 9
1571 13
1570 39
1569 14
1568 39
1567 42
1566 41
1565 75
1564 18
1563 93
1562 75
1561 15
1560 7
1559 39
1558 36
1557 90
1556 38
1555 70
1554 98
1553 66
1552 6
1551 98
1550 10
1549 33
1548 55
1547 93
1546 95
1545 65
1544 72
1543 72
1542 94
1541 79
1540 28
1539 62
1538 81
1537 40
1536 35
1535 45
1534 60
1533 92
1532 45
1531 18
1530 55
1529 92
1528 95
1527 23
1526 24
1525 95
1524 55
1523 55
1522 53
1521 17
1520 11
1519 93
1518 16
1517 84
1516 100
1515 54
1514 71
1513 26
1512 60
1511 71
1510 48
1509 25
1508 97
1507 94
1506 31
1505 78
1504 11
1503 0
1502 68
1501 17
1500 70
1499 0
1498 68
1497 3
1496 48
1495 26
1494 83
1493 88
1492 21
1491 6
1490 93
1489 89
1488 52
1487 22
1486 4
1485 52
1484 75
1483 20
1482 71
1481 92
1480 65
1479 60
1478 17
1477 8
1476 16
1475 46
1474 42
1473 97
1472 39
1471 84
1470 35
1469 29
1468 64
1467 29
1466 1
1465 29
1464 53
1463 54
1462 18
1461 16
1460 45
1459 88
1458 80
1457 99
1456 1
1455 52
1454 48
1453 30
1452 36
1451 85
1450 51
1449 53
1448 75
1447 14
1446 36
1445 74
1444 17
1443 87
1442 64
1441 43
1440 68
1439 30
1438 17
1437 57
1436 81
1435 65
1434 61
1433 65
1432 62
1431 64
1430 89
1429 93
1428 44
1427 29
1426 31
1425 28
1424 79
1423 49
1422 100
1421 9
1420 48
1419 100
1418 95
1417 86
1416 86
1415 21
1414 26
1413 70
1412 36
1411 97
1410 44
1409 38
1408 1
1407 68
1406 50
1405 50
1404 68
1403 23
1402 38
1401 10
1400 55
1399 67
1398 91
1397 71
1396 55
1395 36
1394 84
1393 55
1392 8
1391 1
1390 25
1389 62
1388 78
1387 64
1386 8
1385 77
1384 40
1383 88
1382 38
1381 82
1380 66
1379 65
1378 39
1377 41
1376 48
1375 12
1374 98
1373 37
1372 8
1371 42
1370 83
1369 2
1368 54
1367 24
1366 2
1365 47
1364 11
1363 14
1362 28
1361 58
1360 71
1359 7
1358 44
1357 43
1356 68
1355 32
1354 42
1353 19
1352 61
1351 83
1350 80
1349 59
1348 11
1347 3
1346 85
1345 49
1344 49
1343 64
1342 3
1341 67
1340 72
1339 19
1338 76
1337 60
1336 73
1335 69
1334 16
1333 96
1332 83
1331 58
1330 97
1329 3
1328 28
1327 78
1326 65
1325 94
1324 0
1323 48
1322 98
1321 49
1320 54
1319 40
1318 89
1317 57
1316 47
1315 79
1314 12
1313 74
1312 15
1311 93
1310 18
1309 36
1308 48
1307 6
1306 25
1305 84
1304 35
1303 21
1302 56
1301 27
1300 1
1299 28
1298 86
1297 3
1296 9
1295 76
1294 26
1293 59
1292 91
1291 53
1290 19
1289 18
1288 69
1287 40
1286 55
1285 11
1284 45
1283 58
1282 58
1281 12
1280 8
1279 4
1278 37
1277 63
1276 33
1275 37
1274 71
1273 68
1272 34
1271 30
1270 16
1269 25
1268 27
1267 91
1266 65
1265 29
1264 74
1263 58
1262 64
1261 15
1260 36
1259 37
1258 62
1257 92
1256 59
1255 18
1254 47
1253 19
1252 71
1251 4
1250 50
1249 94
1248 67
1247 84
1246 76
1245 21
1244 65
1243 78
1242 76
1241 92
1240 69
1239 13
1238 97
1237 89
1236 73
1235 73
1234 89
1233 93
1232 2
1231 28
1230 23
1229 0
1228 20
1227 19
1226 88
1225 92
1224 6
1223 18
1222 61
1221 94
1220 87
1219 95
1218 57
1217 56
1216 70
1215 58
1214 94
1213 77
1212 67
1211 14
1210 29
1209 3
1208 41
1207 83
1206 39
1205 32
1204 80
1203 91
1202 60
1201 79
1200 93
1199 58
1198 27
1197 95
1196 12
1195 68
1194 14
1193 39
1192 81
1191 1
1190 42
1189 85
1188 24
1187 11
1186 79
1185 70
1184 15
1183 34
1182 21
1181 94
1180 90
1179 34
1178 34
1177 2
1176 39
1175 37
1174 10
1173 28
1172 42
1171 17
1170 28
1169 47
1168 87
1167 89
1166 86
1165 37
1164 55
1163 63
1162 94
1161 21
1160 82
1159 74
1158 61
1157 81
1156 59
1155 58
1154 68
1153 84
1152 73
1151 91
1150 33
1149 71
1148 82
1147 27
1146 39
1145 90
1144 15
1143 12
1142 55
1141 22
1140 2
1139 63
1138 12
1137 97
1136 73
1135 94
1134 98
1133 91
1132 45
1131 88
1130 5
1129 11
1128 36
1127 61
1126 89
1125 75
1124 19
1123 23
1122 26
1121 85
1120 46
1119 84
1118 93
1117 18
1116 32
1115 97
1114 23
1113 51
1112 44
1111 27
1110 74
1109 11
1108 3
1107 93
1106 14
1105 18
1104 47
1103 93
1102 100
1101 14
1100 0
1099 100
1098 85
1097 81
1096 29
1095 78
1094 34
1093 70
1092 7
1091 93
1090 93
1089 25
1088 14
1087 22
1086 42
1085 30
1084 7
1083 58
1082 58
1081 33
1080 10
1079 15
1078 95
1077 18
1076 5
1075 85
1074 35
1073 41
1072 83
1071 63
1070 98
1069 38
1068 59
1067 97
1066 21
1065 1
1064 62
1063 73
1062 16
1061 90
1060 82
1059 76
1058 50
1057 84
1056 12
1055 12
1054 68
1053 91
1052 25
1051 62
1050 23
1049 60
1048 14
1047 32
1046 26
1045 25
1044 56
1043 42
1042 78
1041 89
1040 30
1039 29
1038 85
1037 95
1036 26
1035 29
1034 80
1033 74
1032 82
1031 31
1030 53
1029 35
1028 46
1027 24
1026 53
1025 94
1024 57
1023 30
1022 68
1021 87
1020 55
1019 63
1018 98
1017 74
1016 2
1015 4
1014 99
1013 11
1012 8
1011 54
1010 13
1009 37
1008 24
1007 23
1006 73
1005 44
1004 26
1003 7
1002 70
1001 40
1000 66
999 62
998 99
997 100
996 44
995 22
994 68
993 18
992 82
991 51
990 8
989 48
988 91
987 96
986 68
985 51
984 87
983 21
982 67
981 50
980 9
979 31
978 40
977 65
976 16
975 17
974 79
973 58
972 28
971 91
970 43
969 32
968 43
967 67
966 89
965 64
964 55
963 37
962 71
961 16
960 17
959 58
958 74
957 97
956 89
955 64
954 90
953 38
952 84
951 44
950 93
949 33
948 38
947 22
946 40
945 2
944 19
943 27
942 90
941 60
940 44
939 67
938 23
937 27
936 75
935 1
934 4
933 97
932 59
931 78
930 100
929 18
928 44
927 72
926 71
925 84
924 98
923 84
922 24
921 65
920 11
919 46
918 53
917 63
916 24
915 85
914 29
913 29
912 12
911 31
910 49
909 60
908 40
907 16
906 72
905 44
904 73
903 12
902 77
901 59
900 74
899 39
898 52
897 4
896 58
895 10
894 29
893 81
892 35
891 26
890 26
889 10
888 41
887 47
886 31
885 45
884 39
883 64
882 58
881 56
880 19
879 44
878 92
877 57
876 85
875 70
874 64
873 15
872 71
871 4
870 75
869 75
868 68
867 37
866 78
865 16
864 9
863 19
862 62
861 47
860 46
859 15
858 78
857 17
856 39
855 0
854 73
853 62
852 5
851 42
850 28
849 75
848 47
847 56
846 61
845 13
844 7
843 40
842 76
841 97
840 39
839 10
838 39
837 54
836 92
835 15
834 47
833 74
832 26
831 67
830 79
829 91
828 11
827 66
826 41
825 56
824 98
823 57
822 19
821 66
820 82
819 31
818 44
817 60
816 4
815 81
814 82
813 14
812 25
811 62
810 70
809 89
808 51
807 3
806 56
805 67
804 37
803 7
802 47
801 65
800 32
799 91
798 97
797 4
796 74
795 76
794 93
793 100
792 80
791 31
790 30
789 48
788 22
787 78
786 49
785 78
784 10
783 38
782 6
781 96
780 54
779 96
778 59
777 90
776 93
775 65
774 61
773 43
772 14
771 83
770 58
769 61
768 60
767 32
766 45
765 61
764 45
763 16
762 97
761 88
760 73
759 58
758 3
757 18
756 94
755 32
754 34
753 11
752 77
751 54
750 26
749 50
748 49
747 72
746 42
745 1
744 87
743 98
742 62
741 66
740 43
739 8
738 19
737 85
736 91
735 41
734 15
733 21
732 61
731 50
730 10
729 96
728 72
727 45
726 35
725 5
724 87
723 9
722 93
721 90
720 94
719 85
718 19
717 81
716 100
715 43
714 48
713 63
712 100
711 42
710 2
709 3
708 73
707 26
706 10
705 28
704 49
703 37
702 56
701 93
700 55
699 84
698 18
697 68
696 77
695 11
694 49
693 30
692 56
691 4
690 92
689 67
688 11
687 63
686 92
685 87
684 52
683 96
682 15
681 2
680 29
679 83
678 21
677 52
676 51
675 49
674 57
673 62
672 31
671 16
670 44
669 9
668 49
667 3
666 34
665 18
664 22
663 39
662 0
661 31
660 58
659 1
658 74
657 14
656 57
655 99
654 93
653 35
652 49
651 50
650 52
649 89
648 0
647 37
646 26
645 43
644 12
643 36
642 15
641 61
640 19
639 100
638 58
637 24
636 20
635 60
634 97
633 56
632 19
631 18
630 77
629 98
628 45
627 10
626 16
625 52
624 29
623 9
622 61
621 68
620 3
619 78
618 95
617 59
616 85
615 6
614 57
613 30
612 89
611 89
610 48
609 80
608 30
607 76
606 1
605 58
604 63
603 59
602 4
601 18
600 98
599 59
598 53
597 94
596 32
595 22
594 97
593 92
592 79
591 97
590 8
589 27
588 57
587 5
586 80
585 55
584 23
583 26
582 17
581 75
580 77
579 95
578 17
577 25
576 46
575 76
574 95
573 62
572 80
571 67
570 75
569 66
568 21
567 30
566 25
565 77
564 44
563 29
562 99
561 32
560 69
559 87
558 23
557 9
556 99
555 14
554 85
553 31
552 41
551 23
550 56
549 72
548 46
547 55
546 66
545 67
544 18
543 78
542 82
541 31
540 15
539 100
538 36
537 40
536 45
535 80
534 47
533 54
532 4
531 31
530 100
529 56
528 1
527 23
526 34
525 8
524 67
523 81
522 12
521 4
520 63
519 43
518 34
517 16
516 20
515 27
514 46
513 82
512 19
511 75
510 73
509 3
508 81
507 15
506 27
505 59
504 6
503 100
502 4
501 60
500 9
499 70
498 2
497 78
496 75
495 52
494 74
493 62
492 30
491 51
490 78
489 44
488 89
487 68
486 92
485 71
484 93
483 90
482 2
481 8
480 30
479 82
478 68
477 12
476 77
475 31
474 11
473 5
472 63
471 5
470 26
469 37
468 5
467 86
466 11
465 33
464 76
463 57
462 77
461 40
460 28
459 26
458 74
457 67
456 42
455 86
454 45
453 11
452 8
451 10
450 47
449 27
448 78
447 26
446 85
445 85
444 95
443 2
442 5
441 87
440 94
439 14
438 38
437 13
436 90
435 5
434 14
433 83
432 83
431 95
430 81
429 45
428 34
427 39
426 33
425 13
424 100
423 83
422 10
421 33
420 27
419 85
418 8
417 51
416 77
415 51
414 35
413 24
412 32
411 66
410 62
409 23
408 11
407 79
406 81
405 69
404 42
403 10
402 81
401 21
400 53
399 6
398 23
397 54
396 81
395 17
394 48
393 85
392 40
391 11
390 94
389 46
388 75
387 2
386 12
385 19
384 22
383 73
382 32
381 17
380 92
379 16
378 95
377 68
376 11
375 88
374 39
373 44
372 82
371 76
370 3
369 9
368 63
367 97
366 78
365 67
364 73
363 40
362 78
361 1
360 31
359 19
358 76
357 19
356 14
355 13
354 70
353 59
352 11
351 74
350 18
349 53
348 32
347 34
346 53
345 59
344 98
343 57
342 34
341 100
340 92
339 91
338 82
337 0
336 37
335 29
334 13
333 3
332 95
331 35
330 73
329 93
328 74
327 57
326 54
325 21
324 40
323 68
322 100
321 43
320 97
319 27
318 61
317 89
316 63
315 88
314 78
313 11
312 69
311 80
310 33
309 83
308 32
307 75
306 52
305 97
304 53
303 82
302 7
301 35
300 63
299 75
298 72
297 62
296 52
295 45
294 32
293 80
292 51
291 46
290 79
289 34
288 87
287 48
286 27
285 15
284 31
283 19
282 44
281 59
280 30
279 70
278 80
277 53
276 89
275 89
274 24
273 32
272 5
271 17
270 98
269 67
268 30
267 58
266 5
265 95
264 5
263 17
262 11
261 88
260 91
259 29
258 43
257 82
256 22
255 14
254 99
253 18
252 46
251 77
250 76
249 11
248 89
247 38
246 14
245 2
244 41
243 63
242 71
241 17
240 84
239 91
238 100
237 25
236 45
235 9
234 98
233 73
232 2
231 57
230 38
229 83
228 21
227 66
226 80
225 30
224 100
223 49
222 63
221 76
220 28
219 18
218 20
217 33
216 67
215 19
214 82
213 74
212 3
211 56
210 49
209 83
208 6
207 29
206 59
205 53
204 70
203 65
202 60
201 61
200 77
199 82
198 31
197 95
196 42
195 40
194 57
193 29
192 95
191 39
190 46
189 66
188 37
187 71
186 59
185 92
184 58
183 36
182 24
181 49
180 15
179 6
178 45
177 71
176 98
175 18
174 34
173 14
172 58
171 50
170 67
169 1
168 32
167 12
166 13
165 34
164 73
163 2
162 28
161 15
160 5
159 71
158 55
157 88
156 17
155 62
154 78
153 36
152 42
151 48
150 67
149 56
148 8
147 32
146 16
145 43
144 26
143 26
142 20
141 84
140 90
139 41
138 99
137 84
136 32
135 65
134 64
133 16
132 70
131 46
130 30
129 22
128 100
127 85
126 27
125 10
124 25
123 30
122 76
121 10
120 17
119 67
118 20
117 13
116 87
115 74
114 28
113 58
112 20
111 69
110 96
109 97
108 29
107 17
106 63
105 55
104 42
103 22
102 14
101 57
100 59
99 30
98 94
97 37
96 43
95 74
94 24
93 62
92 8
91 91
90 65
89 30
88 66
87 93
86 40
85 3
84 13
83 39
82 84
81 67
80 8
79 86
78 48
77 87
76 41
75 62
74 81
73 98
72 71
71 28
70 58
69 82
68 24
67 19
66 80
65 23
64 61
63 29
62 65
61 10
60 95
59 27
58 42
57 57
56 25
55 89
54 73
53 77
52 18
51 26
50 78
49 53
48 68
47 10
46 58
45 29
44 97
43 55
42 98
41 61
40 45
39 32
38 4
37 23
36 38
35 49
34 59
33 6
32 61
31 73
30 38
29 94
28 70
27 57
26 19
25 45
24 3
23 31
22 93
21 15
20 10
19 97
18 16
17 75
16 36
15 25
14 17
13 95
12 42
11 20
10 73
9 49
8 15
7 20
6 14
5 12
4 38
3 63
2 58
1 41
0 7
