10000 76
9999 52
9998 8
9997 93
9996 85
9995 83
9994 32
9993 2
9992 15
9991 79
9990 84
9989 97
9988 8
9987 11
9986 36
9985 18
9984 54
9983 63
9982 29
9981 97
9980 69
9979 89
9978 27
9977 92
9976 28
9975 71
9974 68
9973 44
9972 10
9971 69
9970 26
9969 13
9968 71
9967 13
9966 87
9965 71
9964 78
9963 46
9962 44
9961 71
9960 80
9959 17
9958 39
9957 51
9956 10
9955 46
9954 33
9953 97
9952 50
9951 85
9950 71
9949 67
9948 78
9947 41
9946 7
9945 29
9944 2
9943 22
9942 85
9941 89
9940 41
9939 23
9938 0
9937 18
9936 95
9935 61
9934 56
9933 93
9932 53
9931 60
9930 32
9929 33
9928 92
9927 56
9926 71
9925 36
9924 70
9923 85
9922 39
9921 59
9920 49
9919 55
9918 88
9917 92
9916 67
9915 11
9914 97
9913 12
9912 57
9911 30
9910 62
9909 89
9908 16
9907 34
9906 88
9905 77
9904 6
9903 70
9902 29
9901 98
9900 49
9899 34
9898 27
9897 9
9896 100
9895 22
9894 2
9893 3
9892 40
9891 59
9890 16
9889 76
9888 78
9887 24
9886 41
9885 4
9884 50
9883 21
9882 55
9881 10
9880 21
9879 69
9878 88
9877 62
9876 82
9875 78
9874 3
9873 59
9872 85
9871 53
9870 39
9869 81
9868 61
9867 82
9866 72
9865 4
9864 29
9863 59
9862 55
9861 84
9860 80
9859 48
9858 23
9857 98
9856 51
9855 13
9854 67
9853 36
9852 6
9851 45
9850 98
9849 1
9848 82
9847 35
9846 22
9845 31
9844 33
9843 42
9842 12
9841 81
9840 33
9839 98
9838 68
9837 68
9836 34
9835 5
9834 67
9833 67
9832 82
9831 87
9830 64
9829 31
9828 29
9827 50
9826 0
9825 8
9824 30
9823 42
9822 76
9821 82
9820 28
9819 49
9818 59
9817 17
9816 61
9815 55
9814 4
9813 77
9812 98
9811 40
9810 67
9809 81
9808 30
9807 1
9806 36
9805 2
9804 53
9803 27
9802 13
9801 81
9800 7
9799 32
9798 66
9797 74
9796 13
9795 81
9794 40
9793 73
9792 28
9791 97
9790 52
9789 57
9788 62
9787 2
9786 45
9785 0
9784 53
9783 64
9782 62
9781 10
9780 35
9779 7
9778 39
9777 81
9776 44
9775 41
9774 50
9773 68
9772 72
9771 60
9770 76
9769 86
9768 40
9767 10
9766 63
9765 24
9764 13
9763 52
9762 82
9761 56
9760 34
9759 42
9758 82
9757 68
9756 47
9755 12
9754 65
9753 58
9752 48
9751 56
9750 10
9749 58
9748 36
9747 38
9746 66
9745 67
9744 33
9743 51
9742 36
9741 94
9740 51
9739 19
9738 74
9737 30
9736 4
9735 89
9734 52
9733 73
9732 10
9731 9
9730 11
9729 48
9728 13
9727 71
9726 93
9725 98
9724 86
9723 26
9722 45
9721 1
9720 91
9719 46
9718 91
9717 59
9716 42
9715 5
9714 92
9713 52
9712 73
9711 15
9710 46
9709 24
9708 94
9707 32
9706 56
9705 21
9704 59
9703 51
9702 32
9701 79
9700 51
9699 47
9698 73
9697 35
9696 59
9695 66
9694 48
9693 4
9692 70
9691 100
9690 95
9689 42
9688 60
9687 56
9686 60
9685 32
9684 53
9683 84
9682 38
9681 25
9680 96
9679 84
9678 7
9677 76
9676 91
9675 4
9674 37
9673 37
9672 38
9671 27
9670 13
9669 58
9668 26
9667 19
9666 37
9665 85
9664 88
9663 3
9662 21
9661 9
9660 75
9659 63
9658 82
9657 77
9656 16
9655 88
9654 27
9653 71
9652 1
9651 24
9650 77
9649 16
9648 4
9647 39
9646 16
9645 87
9644 26
9643 5
9642 27
9641 37
9640 1
9639 50
9638 29
9637 24
9636 5
9635 92
9634 50
9633 62
9632 23
9631 66
9630 30
9629 98
9628 48
9627 86
9626 30
9625 61
9624 100
9623 85
9622 65
9621 36
9620 12
9619 67
9618 75
9617 54
9616 88
9615 71
9614 69
9613 19
9612 7
9611 16
9610 14
9609 2
9608 75
9607 71
9606 60
9605 47
9604 42
9603 24
9602 42
9601 37
9600 49
9599 60
9598 72
9597 62
9596 93
9595 5
9594 31
9593 4
9592 62
9591 48
9590 74
9589 98
9588 91
9587 71
9586 4
9585 93
9584 79
9583 77
9582 76
9581 62
9580 40
9579 95
9578 33
9577 42
9576 8
9575 49
9574 87
9573 65
9572 12
9571 64
9570 52
9569 58
9568 25
9567 48
9566 98
9565 12
9564 10
9563 89
9562 62
9561 22
9560 24
9559 40
9558 93
9557 92
9556 97
9555 47
9554 35
9553 76
9552 49
9551 44
9550 78
9549 49
9548 95
9547 35
9546 71
9545 96
9544 88
9543 27
9542 58
9541 24
9540 22
9539 96
9538 39
9537 4
9536 37
9535 18
9534 48
9533 15
9532 83
9531 91
9530 69
9529 11
9528 94
9527 77
9526 80
9525 21
9524 50
9523 75
9522 68
9521 69
9520 79
9519 18
9518 78
9517 41
9516 32
9515 15
9514 83
9513 99
9512 58
9511 4
9510 21
9509 57
9508 8
9507 39
9506 77
9505 84
9504 2
9503 33
9502 63
9501 27
9500 3
9499 45
9498 82
9497 10
9496 5
9495 5
9494 24
9493 65
9492 59
9491 61
9490 22
9489 90
9488 36
9487 8
9486 47
9485 60
9484 4
9483 70
9482 75
9481 12
9480 11
9479 80
9478 36
9477 64
9476 13
9475 77
9474 13
9473 5
9472 55
9471 13
9470 21
9469 46
9468 12
9467 89
9466 30
9465 52
9464 99
9463 42
9462 89
9461 69
9460 37
9459 77
9458 16
9457 9
9456 18
9455 33
9454 31
9453 18
9452 95
9451 15
9450 3
9449 51
9448 13
9447 50
9446 42
9445 68
9444 20
9443 86
9442 97
9441 96
9440 11
9439 76
9438 81
9437 35
9436 95
9435 80
9434 85
9433 3
9432 40
9431 91
9430 41
9429 51
9428 47
9427 36
9426 84
9425 53
9424 79
9423 60
9422 18
9421 7
9420 86
9419 0
9418 4
9417 8
9416 91
9415 72
9414 87
9413 68
9412 24
9411 36
9410 43
9409 20
9408 14
9407 67
9406 23
9405 74
9404 0
9403 51
9402 2
9401 66
9400 27
9399 86
9398 60
9397 43
9396 73
9395 87
9394 9
9393 41
9392 82
9391 44
9390 62
9389 2
9388 80
9387 56
9386 6
9385 11
9384 99
9383 60
9382 6
9381 67
9380 5
9379 94
9378 4
9377 27
9376 0
9375 49
9374 62
9373 49
9372 68
9371 62
9370 42
9369 86
9368 92
9367 27
9366 98
9365 55
9364 9
9363 12
9362 69
9361 53
9360 42
9359 10
9358 98
9357 1
9356 42
9355 12
9354 11
9353 39
9352 46
9351 72
9350 22
9349 0
9348 99
9347 61
9346 4
9345 15
9344 70
9343 85
9342 89
9341 1
9340 74
9339 81
9338 67
9337 3
9336 61
9335 30
9334 72
9333 76
9332 16
9331 84
9330 50
9329 41
9328 58
9327 55
9326 19
9325 49
9324 22
9323 32
9322 17
9321 39
9320 31
9319 66
9318 73
9317 5
9316 61
9315 18
9314 49
9313 30
9312 46
9311 9
9310 83
9309 90
9308 41
9307 98
9306 57
9305 44
9304 85
9303 33
9302 57
9301 93
9300 63
9299 71
9298 83
9297 66
9296 63
9295 29
9294 12
9293 87
9292 82
9291 16
9290 49
9289 45
9288 73
9287 10
9286 86
9285 52
9284 48
9283 95
9282 0
9281 26
9280 47
9279 68
9278 63
9277 58
9276 85
9275 2
9274 10
9273 7
9272 42
9271 90
9270 11
9269 85
9268 94
9267 58
9266 86
9265 10
9264 3
9263 10
9262 19
9261 93
9260 48
9259 73
9258 95
9257 80
9256 47
9255 100
9254 49
9253 90
9252 13
9251 57
9250 61
9249 72
9248 5
9247 100
9246 92
9245 73
9244 44
9243 99
9242 88
9241 2
9240 97
9239 90
9238 16
9237 58
9236 89
9235 41
9234 53
9233 51
9232 2
9231 82
9230 90
9229 48
9228 91
9227 5
9226 50
9225 4
9224 27
9223 29
9222 29
9221 85
9220 12
9219 14
9218 18
9217 40
9216 31
9215 94
9214 68
9213 90
9212 51
9211 45
9210 46
9209 84
9208 21
9207 24
9206 70
9205 72
9204 51
9203 99
9202 53
9201 42
9200 21
9199 41
9198 98
9197 95
9196 47
9195 0
9194 40
9193 20
9192 85
9191 30
9190 90
9189 7
9188 41
9187 47
9186 4
9185 27
9184 100
9183 63
9182 64
9181 84
9180 21
9179 25
9178 12
9177 33
9176 40
9175 51
9174 55
9173 66
9172 12
9171 77
9170 4
9169 92
9168 60
9167 51
9166 39
9165 10
9164 71
9163 24
9162 38
9161 7
9160 72
9159 36
9158 45
9157 11
9156 38
9155 48
9154 45
9153 30
9152 41
9151 45
9150 87
9149 18
9148 49
9147 61
9146 81
9145 68
9144 72
9143 32
9142 54
9141 32
9140 40
9139 81
9138 36
9137 13
9136 73
9135 75
9134 41
9133 56
9132 36
9131 23
9130 72
9129 87
9128 58
9127 18
9126 28
9125 23
9124 20
9123 91
9122 24
9121 56
9120 22
9119 62
9118 54
9117 6
9116 56
9115 74
9114 49
9113 3
9112 31
9111 78
9110 81
9109 40
9108 87
9107 52
9106 48
9105 72
9104 77
9103 99
9102 77
9101 61
9100 60
9099 37
9098 23
9097 22
9096 13
9095 72
9094 87
9093 98
9092 55
9091 9
9090 6
9089 49
9088 1
9087 38
9086 50
9085 82
9084 42
9083 30
9082 84
9081 76
9080 56
9079 59
9078 21
9077 35
9076 19
9075 40
9074 92
9073 4
9072 44
9071 65
9070 88
9069 86
9068 82
9067 44
9066 82
9065 13
9064 55
9063 8
9062 60
9061 17
9060 94
9059 35
9058 42
9057 51
9056 36
9055 79
9054 42
9053 88
9052 95
9051 99
9050 23
9049 78
9048 59
9047 60
9046 60
9045 80
9044 86
9043 46
9042 94
9041 1
9040 32
9039 100
9038 56
9037 28
9036 88
9035 54
9034 60
9033 87
9032 31
9031 6
9030 86
9029 86
9028 75
9027 56
9026 63
9025 16
9024 3
9023 38
9022 3
9021 79
9020 62
9019 59
9018 33
9017 25
9016 50
9015 68
9014 78
9013 80
9012 54
9011 7
9010 23
9009 69
9008 42
9007 80
9006 43
9005 95
9004 8
9003 67
9002 25
9001 18
9000 34
8999 65
8998 53
8997 32
8996 30
8995 83
8994 90
8993 28
8992 99
8991 14
8990 32
8989 16
8988 20
8987 21
8986 10
8985 8
8984 71
8983 33
8982 10
8981 17
8980 2
8979 63
8978 100
8977 40
8976 35
8975 20
8974 80
8973 92
8972 12
8971 80
8970 65
8969 22
8968 63
8967 35
8966 23
8965 14
8964 83
8963 15
8962 3
8961 96
8960 90
8959 37
8958 40
8957 61
8956 43
8955 34
8954 74
8953 69
8952 34
8951 3
8950 34
8949 100
8948 36
8947 100
8946 21
8945 8
8944 4
8943 53
8942 60
8941 13
8940 42
8939 91
8938 98
8937 31
8936 2
8935 77
8934 87
8933 63
8932 84
8931 51
8930 91
8929 56
8928 76
8927 42
8926 45
8925 1
8924 21
8923 67
8922 26
8921 24
8920 20
8919 89
8918 21
8917 46
8916 98
8915 32
8914 64
8913 44
8912 67
8911 6
8910 11
8909 80
8908 22
8907 55
8906 21
8905 80
8904 54
8903 50
8902 65
8901 25
8900 17
8899 89
8898 56
8897 62
8896 1
8895 49
8894 91
8893 17
8892 26
8891 7
8890 45
8889 27
8888 99
8887 75
8886 51
8885 64
8884 31
8883 7
8882 94
8881 26
8880 16
8879 22
8878 44
8877 39
8876 1
8875 65
8874 71
8873 80
8872 24
8871 53
8870 42
8869 50
8868 32
8867 4
8866 3
8865 68
8864 15
8863 85
8862 40
8861 3
8860 88
8859 20
8858 9
8857 69
8856 9
8855 33
8854 24
8853 24
8852 44
8851 73
8850 57
8849 0
8848 90
8847 3
8846 5
8845 90
8844 98
8843 55
8842 79
8841 33
8840 91
8839 85
8838 14
8837 36
8836 49
8835 28
8834 61
8833 34
8832 79
8831 76
8830 36
8829 28
8828 48
8827 99
8826 89
8825 80
8824 79
8823 5
8822 7
8821 30
8820 54
8819 34
8818 84
8817 12
8816 5
8815 62
8814 46
8813 32
8812 87
8811 65
8810 87
8809 1
8808 91
8807 36
8806 59
8805 92
8804 53
8803 62
8802 27
8801 36
8800 82
8799 91
8798 90
8797 94
8796 98
8795 52
8794 65
8793 76
8792 50
8791 89
8790 32
8789 49
8788 29
8787 13
8786 99
8785 63
8784 5
8783 69
8782 31
8781 38
8780 90
8779 86
8778 12
8777 44
8776 30
8775 43
8774 31
8773 27
8772 75
8771 24
8770 38
8769 55
8768 21
8767 84
8766 80
8765 95
8764 87
8763 27
8762 90
8761 75
8760 18
8759 99
8758 3
8757 100
8756 61
8755 31
8754 83
8753 20
8752 73
8751 4
8750 52
8749 17
8748 96
8747 2
8746 46
8745 84
8744 75
8743 79
8742 9
8741 83
8740 13
8739 8
8738 25
8737 72
8736 43
8735 91
8734 44
8733 72
8732 22
8731 54
8730 33
8729 54
8728 87
8727 32
8726 94
8725 50
8724 11
8723 12
8722 71
8721 71
8720 50
8719 74
8718 59
8717 35
8716 98
8715 26
8714 35
8713 5
8712 57
8711 23
8710 68
8709 97
8708 46
8707 98
8706 43
8705 76
8704 78
8703 52
8702 12
8701 5
8700 1
8699 68
8698 75
8697 40
8696 85
8695 37
8694 76
8693 21
8692 75
8691 94
8690 71
8689 68
8688 38
8687 91
8686 25
8685 96
8684 23
8683 15
8682 54
8681 53
8680 47
8679 83
8678 36
8677 76
8676 25
8675 27
8674 44
8673 14
8672 87
8671 93
8670 64
8669 37
8668 68
8667 48
8666 48
8665 47
8664 46
8663 13
8662 78
8661 10
8660 74
8659 55
8658 83
8657 92
8656 66
8655 98
8654 31
8653 77
8652 38
8651 12
8650 42
8649 86
8648 24
8647 26
8646 6
8645 69
8644 16
8643 74
8642 43
8641 52
8640 54
8639 34
8638 34
8637 58
8636 0
8635 36
8634 30
8633 11
8632 82
8631 66
8630 12
8629 56
8628 66
8627 74
8626 75
8625 94
8624 88
8623 43
8622 11
8621 59
8620 26
8619 23
8618 19
8617 36
8616 20
8615 90
8614 11
8613 76
8612 26
8611 88
8610 27
8609 77
8608 97
8607 55
8606 70
8605 96
8604 66
8603 75
8602 20
8601 71
8600 43
8599 78
8598 19
8597 10
8596 98
8595 18
8594 27
8593 65
8592 45
8591 77
8590 96
8589 75
8588 99
8587 62
8586 39
8585 29
8584 62
8583 70
8582 7
8581 96
8580 47
8579 88
8578 96
8577 43
8576 17
8575 20
8574 2
8573 2
8572 96
8571 54
8570 54
8569 85
8568 16
8567 73
8566 92
8565 3
8564 21
8563 22
8562 60
8561 10
8560 71
8559 94
8558 35
8557 92
8556 12
8555 76
8554 18
8553 33
8552 49
8551 62
8550 24
8549 12
8548 80
8547 64
8546 79
8545 59
8544 81
8543 27
8542 13
8541 78
8540 95
8539 47
8538 50
8537 85
8536 41
8535 65
8534 82
8533 99
8532 68
8531 64
8530 1
8529 62
8528 27
8527 91
8526 65
8525 36
8524 94
8523 71
8522 69
8521 9
8520 2
8519 44
8518 99
8517 15
8516 77
8515 79
8514 46
8513 94
8512 58
8511 53
8510 37
8509 82
8508 82
8507 53
8506 90
8505 5
8504 91
8503 25
8502 46
8501 50
8500 45
8499 96
8498 73
8497 47
8496 28
8495 47
8494 52
8493 97
8492 20
8491 86
8490 13
8489 57
8488 15
8487 1
8486 95
8485 88
8484 70
8483 73
8482 96
8481 41
8480 31
8479 82
8478 90
8477 26
8476 53
8475 62
8474 92
8473 84
8472 12
8471 85
8470 18
8469 85
8468 29
8467 82
8466 78
8465 8
8464 50
8463 20
8462 67
8461 99
8460 99
8459 96
8458 60
8457 87
8456 1
8455 74
8454 13
8453 4
8452 43
8451 40
8450 45
8449 49
8448 5
8447 70
8446 83
8445 90
8444 48
8443 96
8442 57
8441 33
8440 58
8439 33
8438 80
8437 43
8436 12
8435 44
8434 12
8433 46
8432 39
8431 22
8430 93
8429 82
8428 18
8427 28
8426 0
8425 62
8424 85
8423 41
8422 66
8421 98
8420 58
8419 73
8418 49
8417 75
8416 72
8415 61
8414 52
8413 3
8412 35
8411 67
8410 12
8409 18
8408 84
8407 99
8406 90
8405 26
8404 40
8403 93
8402 74
8401 65
8400 64
8399 50
8398 13
8397 100
8396 28
8395 92
8394 33
8393 39
8392 53
8391 94
8390 54
8389 88
8388 31
8387 3
8386 35
8385 24
8384 79
8383 34
8382 35
8381 32
8380 4
8379 87
8378 11
8377 8
8376 30
8375 98
8374 17
8373 23
8372 14
8371 27
8370 95
8369 93
8368 2
8367 30
8366 3
8365 4
8364 6
8363 27
8362 75
8361 98
8360 81
8359 78
8358 13
8357 93
8356 58
8355 57
8354 29
8353 33
8352 30
8351 67
8350 39
8349 25
8348 83
8347 53
8346 14
8345 68
8344 43
8343 14
8342 70
8341 12
8340 12
8339 18
8338 41
8337 96
8336 40
8335 50
8334 72
8333 99
8332 49
8331 52
8330 33
8329 40
8328 23
8327 24
8326 82
8325 69
8324 84
8323 0
8322 91
8321 26
8320 84
8319 67
8318 51
8317 33
8316 43
8315 86
8314 19
8313 11
8312 78
8311 63
8310 45
8309 16
8308 35
8307 30
8306 70
8305 99
8304 35
8303 3
8302 4
8301 3
8300 71
8299 65
8298 29
8297 87
8296 10
8295 88
8294 84
8293 57
8292 6
8291 66
8290 83
8289 50
8288 40
8287 90
8286 79
8285 85
8284 14
8283 78
8282 72
8281 47
8280 2
8279 77
8278 18
8277 25
8276 82
8275 96
8274 50
8273 36
8272 63
8271 55
8270 23
8269 24
8268 5
8267 96
8266 21
8265 73
8264 47
8263 67
8262 69
8261 30
8260 34
8259 99
8258 11
8257 49
8256 43
8255 89
8254 92
8253 42
8252 15
8251 64
8250 98
8249 39
8248 95
8247 81
8246 66
8245 11
8244 45
8243 57
8242 74
8241 42
8240 28
8239 54
8238 13
8237 66
8236 23
8235 58
8234 39
8233 31
8232 68
8231 3
8230 81
8229 48
8228 60
8227 95
8226 70
8225 86
8224 96
8223 79
8222 95
8221 71
8220 25
8219 70
8218 71
8217 62
8216 24
8215 88
8214 0
8213 74
8212 0
8211 28
8210 66
8209 41
8208 19
8207 66
8206 6
8205 48
8204 25
8203 83
8202 22
8201 53
8200 50
8199 62
8198 68
8197 10
8196 92
8195 48
8194 14
8193 8
8192 17
8191 37
8190 46
8189 97
8188 7
8187 1
8186 47
8185 77
8184 45
8183 10
8182 27
8181 75
8180 90
8179 94
8178 23
8177 38
8176 34
8175 21
8174 88
8173 73
8172 46
8171 14
8170 39
8169 35
8168 72
8167 84
8166 97
8165 56
8164 48
8163 27
8162 18
8161 50
8160 99
8159 23
8158 96
8157 74
8156 65
8155 0
8154 64
8153 95
8152 30
8151 75
8150 40
8149 11
8148 54
8147 23
8146 12
8145 73
8144 81
8143 11
8142 98
8141 48
8140 19
8139 58
8138 67
8137 67
8136 59
8135 98
8134 10
8133 85
8132 30
8131 29
8130 50
8129 85
8128 81
8127 26
8126 31
8125 42
8124 36
8123 62
8122 2
8121 33
8120 46
8119 68
8118 33
8117 77
8116 5
8115 26
8114 23
8113 25
8112 78
8111 76
8110 62
8109 46
8108 19
8107 57
8106 29
8105 68
8104 49
8103 0
8102 78
8101 99
8100 82
8099 59
8098 1
8097 15
8096 3
8095 36
8094 95
8093 91
8092 28
8091 79
8090 90
8089 86
8088 45
8087 62
8086 29
8085 84
8084 5
8083 55
8082 32
8081 99
8080 5
8079 31
8078 41
8077 34
8076 7
8075 51
8074 56
8073 39
8072 6
8071 56
8070 34
8069 98
8068 25
8067 90
8066 5
8065 48
8064 56
8063 76
8062 95
8061 80
8060 76
8059 0
8058 18
8057 28
8056 27
8055 73
8054 14
8053 52
8052 23
8051 15
8050 77
8049 58
8048 18
8047 57
8046 80
8045 85
8044 7
8043 69
8042 33
8041 100
8040 96
8039 33
8038 39
8037 97
8036 59
8035 44
8034 70
8033 97
8032 79
8031 57
8030 20
8029 77
8028 38
8027 67
8026 17
8025 97
8024 57
8023 92
8022 95
8021 25
8020 63
8019 53
8018 37
8017 91
8016 71
8015 92
8014 75
8013 58
8012 0
8011 100
8010 50
8009 58
8008 27
8007 36
8006 60
8005 91
8004 23
8003 68
8002 70
8001 45
8000 47
7999 28
7998 60
7997 2
7996 71
7995 98
7994 36
7993 70
7992 69
7991 54
7990 23
7989 47
7988 68
7987 28
7986 4
7985 76
7984 46
7983 22
7982 10
7981 24
7980 4
7979 30
7978 55
7977 79
7976 4
7975 35
7974 43
7973 80
7972 62
7971 6
7970 50
7969 8
7968 66
7967 83
7966 50
7965 1
7964 26
7963 25
7962 10
7961 1
7960 44
7959 75
7958 88
7957 98
7956 72
7955 50
7954 14
7953 81
7952 26
7951 50
7950 43
7949 60
7948 45
7947 67
7946 55
7945 87
7944 76
7943 17
7942 36
7941 83
7940 28
7939 53
7938 60
7937 9
7936 53
7935 24
7934 59
7933 56
7932 9
7931 44
7930 15
7929 67
7928 9
7927 5
7926 92
7925 97
7924 78
7923 4
7922 11
7921 38
7920 66
7919 37
7918 27
7917 89
7916 9
7915 82
7914 87
7913 91
7912 48
7911 44
7910 72
7909 89
7908 74
7907 66
7906 26
7905 27
7904 27
7903 89
7902 4
7901 20
7900 36
7899 80
7898 58
7897 80
7896 88
7895 100
7894 73
7893 100
7892 66
7891 16
7890 31
7889 39
7888 7
7887 16
7886 10
7885 60
7884 57
7883 50
7882 93
7881 13
7880 76
7879 32
7878 0
7877 86
7876 21
7875 22
7874 64
7873 63
7872 17
7871 32
7870 13
7869 65
7868 54
7867 27
7866 25
7865 87
7864 29
7863 47
7862 76
7861 86
7860 52
7859 32
7858 54
7857 85
7856 35
7855 6
7854 15
7853 69
7852 84
7851 10
7850 46
7849 46
7848 50
7847 34
7846 17
7845 22
7844 58
7843 70
7842 51
7841 72
7840 19
7839 71
7838 31
7837 43
7836 48
7835 18
7834 17
7833 55
7832 77
7831 59
7830 98
7829 50
7828 45
7827 98
7826 51
7825 48
7824 72
7823 44
7822 21
7821 85
7820 8
7819 47
7818 70
7817 7
7816 55
7815 44
7814 3
7813 2
7812 67
7811 51
7810 16
7809 48
7808 61
7807 48
7806 89
7805 39
7804 30
7803 30
7802 88
7801 14
7800 51
7799 33
7798 92
7797 79
7796 92
7795 98
7794 55
7793 21
7792 73
7791 45
7790 62
7789 21
7788 75
7787 63
7786 74
7785 25
7784 91
7783 72
7782 1
7781 25
7780 27
7779 0
7778 16
7777 77
7776 24
7775 92
7774 48
7773 26
7772 65
7771 75
7770 35
7769 26
7768 40
7767 84
7766 66
7765 94
7764 44
7763 27
7762 62
7761 26
7760 70
7759 0
7758 28
7757 81
7756 83
7755 78
7754 29
7753 20
7752 6
7751 8
7750 94
7749 85
7748 10
7747 34
7746 63
7745 75
7744 9
7743 3
7742 66
7741 48
7740 46
7739 71
7738 84
7737 33
7736 32
7735 20
7734 17
7733 62
7732 28
7731 81
7730 55
7729 23
7728 45
7727 34
7726 14
7725 1
7724 64
7723 49
7722 16
7721 18
7720 92
7719 59
7718 24
7717 53
7716 42
7715 88
7714 11
7713 58
7712 11
7711 1
7710 46
7709 85
7708 22
7707 70
7706 3
7705 37
7704 67
7703 16
7702 58
7701 24
7700 55
7699 80
7698 73
7697 92
7696 22
7695 4
7694 75
7693 55
7692 84
7691 41
7690 75
7689 94
7688 80
7687 98
7686 88
7685 19
7684 37
7683 77
7682 85
7681 2
7680 84
7679 84
7678 2
7677 86
7676 60
7675 52
7674 18
7673 98
7672 50
7671 31
7670 7
7669 58
7668 78
7667 17
7666 12
7665 76
7664 18
7663 98
7662 55
7661 77
7660 0
7659 2
7658 72
7657 13
7656 73
7655 97
7654 60
7653 9
7652 93
7651 39
7650 42
7649 0
7648 12
7647 97
7646 48
7645 76
7644 27
7643 49
7642 93
7641 18
7640 92
7639 58
7638 83
7637 38
7636 49
7635 74
7634 22
7633 34
7632 9
7631 91
7630 68
7629 40
7628 32
7627 82
7626 35
7625 5
7624 54
7623 76
7622 1
7621 72
7620 89
7619 36
7618 75
7617 74
7616 5
7615 86
7614 24
7613 53
7612 50
7611 43
7610 40
7609 94
7608 11
7607 45
7606 13
7605 52
7604 59
7603 49
7602 68
7601 59
7600 34
7599 83
7598 6
7597 6
7596 32
7595 41
7594 96
7593 61
7592 18
7591 17
7590 24
7589 31
7588 49
7587 64
7586 43
7585 46
7584 100
7583 69
7582 93
7581 23
7580 85
7579 45
7578 36
7577 70
7576 96
7575 98
7574 56
7573 83
7572 15
7571 68
7570 68
7569 90
7568 37
7567 26
7566 11
7565 47
7564 94
7563 29
7562 71
7561 35
7560 15
7559 80
7558 44
7557 52
7556 72
7555 94
7554 14
7553 10
7552 72
7551 16
7550 36
7549 72
7548 0
7547 92
7546 91
7545 1
7544 23
7543 70
7542 45
7541 86
7540 94
7539 33
7538 97
7537 39
7536 12
7535 55
7534 28
7533 9
7532 63
7531 37
7530 24
7529 42
7528 87
7527 34
7526 90
7525 34
7524 25
7523 55
7522 43
7521 25
7520 49
7519 71
7518 13
7517 51
7516 45
7515 58
7514 0
7513 94
7512 9
7511 5
7510 97
7509 26
7508 1
7507 52
7506 0
7505 73
7504 0
7503 54
7502 99
7501 86
7500 93
7499 19
7498 93
7497 86
7496 80
7495 7
7494 96
7493 43
7492 17
7491 49
7490 74
7489 31
7488 80
7487 40
7486 99
7485 25
7484 16
7483 48
7482 75
7481 2
7480 19
7479 14
7478 46
7477 76
7476 8
7475 9
7474 57
7473 41
7472 40
7471 52
7470 68
7469 60
7468 93
7467 96
7466 98
7465 80
7464 92
7463 81
7462 62
7461 87
7460 49
7459 65
7458 29
7457 99
7456 68
7455 46
7454 5
7453 59
7452 20
7451 2
7450 58
7449 21
7448 65
7447 81
7446 20
7445 80
7444 33
7443 54
7442 88
7441 26
7440 76
7439 61
7438 26
7437 99
7436 58
7435 13
7434 48
7433 5
7432 83
7431 14
7430 50
7429 16
7428 15
7427 70
7426 27
7425 98
7424 12
7423 57
7422 57
7421 19
7420 0
7419 22
7418 22
7417 58
7416 41
7415 53
7414 36
7413 12
7412 53
7411 92
7410 62
7409 13
7408 59
7407 70
7406 40
7405 4
7404 28
7403 42
7402 70
7401 63
7400 93
7399 16
7398 55
7397 42
7396 4
7395 65
7394 30
7393 4
7392 69
7391 89
7390 84
7389 2
7388 52
7387 6
7386 47
7385 32
7384 76
7383 61
7382 59
7381 26
7380 4
7379 55
7378 40
7377 5
7376 31
7375 11
7374 38
7373 96
7372 23
7371 38
7370 92
7369 22
7368 59
7367 55
7366 79
7365 10
7364 20
7363 42
7362 74
7361 50
7360 18
7359 97
7358 27
7357 0
7356 47
7355 69
7354 14
7353 1
7352 86
7351 78
7350 66
7349 1
7348 15
7347 89
7346 68
7345 25
7344 5
7343 32
7342 66
7341 7
7340 9
7339 52
7338 83
7337 36
7336 0
7335 86
7334 45
7333 23
7332 86
7331 45
7330 92
7329 47
7328 54
7327 86
7326 37
7325 25
7324 37
7323 76
7322 52
7321 98
7320 14
7319 84
7318 100
7317 91
7316 85
7315 42
7314 3
7313 44
7312 97
7311 25
7310 22
7309 79
7308 80
7307 16
7306 55
7305 17
7304 79
7303 58
7302 20
7301 62
7300 66
7299 0
7298 77
7297 32
7296 81
7295 53
7294 48
7293 7
7292 35
7291 92
7290 60
7289 65
7288 74
7287 73
7286 20
7285 50
7284 62
7283 43
7282 70
7281 46
7280 79
7279 28
7278 31
7277 15
7276 61
7275 58
7274 85
7273 45
7272 10
7271 34
7270 97
7269 73
7268 32
7267 54
7266 83
7265 1
7264 2
7263 53
7262 40
7261 52
7260 13
7259 44
7258 82
7257 11
7256 40
7255 18
7254 20
7253 48
7252 17
7251 5
7250 41
7249 59
7248 63
7247 94
7246 1
7245 86
7244 100
7243 66
7242 29
7241 9
7240 75
7239 22
7238 62
7237 67
7236 26
7235 29
7234 92
7233 47
7232 45
7231 25
7230 85
7229 2
7228 41
7227 71
7226 68
7225 23
7224 8
7223 25
7222 8
7221 50
7220 100
7219 0
7218 79
7217 23
7216 34
7215 26
7214 44
7213 26
7212 45
7211 20
7210 26
7209 39
7208 93
7207 87
7206 31
7205 54
7204 20
7203 11
7202 19
7201 79
7200 39
7199 72
7198 47
7197 100
7196 6
7195 14
7194 38
7193 58
7192 19
7191 40
7190 48
7189 50
7188 19
7187 46
7186 44
7185 29
7184 38
7183 13
7182 20
7181 64
7180 9
7179 73
7178 59
7177 76
7176 34
7175 7
7174 17
7173 35
7172 11
7171 8
7170 90
7169 3
7168 39
7167 69
7166 25
7165 5
7164 11
7163 59
7162 80
7161 37
7160 27
7159 13
7158 63
7157 17
7156 30
7155 69
7154 23
7153 84
7152 66
7151 30
7150 10
7149 99
7148 59
7147 23
7146 2
7145 65
7144 8
7143 49
7142 75
7141 20
7140 86
7139 72
7138 16
7137 47
7136 72
7135 68
7134 59
7133 95
7132 59
7131 30
7130 74
7129 22
7128 11
7127 79
7126 42
7125 45
7124 25
7123 49
7122 61
7121 17
7120 88
7119 45
7118 47
7117 38
7116 19
7115 76
7114 5
7113 91
7112 72
7111 13
7110 51
7109 61
7108 79
7107 97
7106 43
7105 12
7104 49
7103 54
7102 37
7101 12
7100 98
7099 23
7098 89
7097 81
7096 44
7095 31
7094 7
7093 93
7092 35
7091 2
7090 12
7089 91
7088 16
7087 51
7086 4
7085 35
7084 70
7083 99
7082 17
7081 59
7080 89
7079 100
7078 7
7077 69
7076 69
7075 48
7074 35
7073 53
7072 7
7071 64
7070 74
7069 66
7068 67
7067 35
7066 76
7065 5
7064 74
7063 12
7062 38
7061 23
7060 3
7059 82
7058 28
7057 68
7056 15
7055 5
7054 79
7053 99
7052 24
7051 26
7050 17
7049 27
7048 73
7047 17
7046 8
7045 94
7044 42
7043 33
7042 93
7041 19
7040 90
7039 97
7038 15
7037 77
7036 75
7035 88
7034 56
7033 97
7032 89
7031 99
7030 37
7029 0
7028 42
7027 45
7026 94
7025 61
7024 45
7023 0
7022 100
7021 49
7020 100
7019 100
7018 21
7017 54
7016 27
7015 7
7014 56
7013 50
7012 84
7011 95
7010 80
7009 88
7008 11
7007 82
7006 92
7005 72
7004 25
7003 24
7002 11
7001 57
7000 88
6999 62
6998 47
6997 20
6996 86
6995 48
6994 46
6993 40
6992 84
6991 3
6990 28
6989 80
6988 9
6987 82
6986 57
6985 82
6984 51
6983 42
6982 94
6981 64
6980 73
6979 63
6978 81
6977 91
6976 34
6975 74
6974 88
6973 42
6972 26
6971 63
6970 10
6969 15
6968 62
6967 98
6966 9
6965 61
6964 94
6963 96
6962 27
6961 78
6960 51
6959 22
6958 20
6957 25
6956 71
6955 76
6954 89
6953 52
6952 46
6951 76
6950 39
6949 76
6948 79
6947 14
6946 97
6945 93
6944 67
6943 5
6942 58
6941 54
6940 74
6939 55
6938 60
6937 36
6936 88
6935 36
6934 46
6933 43
6932 28
6931 65
6930 60
6929 29
6928 9
6927 50
6926 76
6925 38
6924 35
6923 57
6922 75
6921 52
6920 36
6919 40
6918 9
6917 66
6916 88
6915 95
6914 77
6913 19
6912 98
6911 67
6910 76
6909 79
6908 49
6907 3
6906 55
6905 22
6904 92
6903 36
6902 70
6901 32
6900 66
6899 37
6898 93
6897 17
6896 62
6895 33
6894 87
6893 73
6892 78
6891 67
6890 1
6889 20
6888 73
6887 46
6886 96
6885 20
6884 61
6883 55
6882 89
6881 77
6880 57
6879 71
6878 81
6877 73
6876 99
6875 83
6874 4
6873 98
6872 37
6871 45
6870 66
6869 25
6868 64
6867 42
6866 59
6865 46
6864 5
6863 13
6862 75
6861 80
6860 31
6859 96
6858 57
6857 54
6856 56
6855 78
6854 92
6853 72
6852 100
6851 8
6850 55
6849 69
6848 16
6847 57
6846 91
6845 33
6844 18
6843 56
6842 44
6841 91
6840 39
6839 0
6838 61
6837 11
6836 50
6835 84
6834 51
6833 85
6832 5
6831 66
6830 54
6829 1
6828 51
6827 89
6826 16
6825 44
6824 16
6823 52
6822 20
6821 35
6820 68
6819 37
6818 62
6817 2
6816 74
6815 73
6814 90
6813 80
6812 62
6811 54
6810 20
6809 97
6808 73
6807 63
6806 63
6805 41
6804 10
6803 70
6802 66
6801 21
6800 23
6799 74
6798 20
6797 17
6796 25
6795 74
6794 23
6793 45
6792 36
6791 72
6790 33
6789 93
6788 25
6787 25
6786 1
6785 60
6784 51
6783 25
6782 7
6781 7
6780 80
6779 61
6778 38
6777 37
6776 5
6775 31
6774 28
6773 54
6772 93
6771 25
6770 33
6769 20
6768 10
6767 1
6766 71
6765 56
6764 79
6763 84
6762 28
6761 4
6760 3
6759 43
6758 80
6757 68
6756 78
6755 33
6754 23
6753 91
6752 44
6751 79
6750 41
6749 37
6748 85
6747 56
6746 12
6745 99
6744 29
6743 84
6742 56
6741 69
6740 41
6739 46
6738 53
6737 71
6736 79
6735 35
6734 6
6733 20
6732 24
6731 58
6730 15
6729 91
6728 0
6727 89
6726 93
6725 45
6724 16
6723 3
6722 14
6721 98
6720 79
6719 28
6718 73
6717 31
6716 24
6715 58
6714 7
6713 37
6712 18
6711 66
6710 52
6709 97
6708 57
6707 98
6706 49
6705 16
6704 2
6703 58
6702 4
6701 14
6700 81
6699 51
6698 21
6697 86
6696 65
6695 58
6694 23
6693 96
6692 100
6691 75
6690 50
6689 20
6688 25
6687 16
6686 22
6685 40
6684 61
6683 32
6682 89
6681 31
6680 69
6679 42
6678 49
6677 58
6676 75
6675 57
6674 55
6673 79
6672 75
6671 93
6670 41
6669 18
6668 60
6667 16
6666 46
6665 40
6664 85
6663 65
6662 75
6661 63
6660 20
6659 91
6658 22
6657 74
6656 16
6655 47
6654 37
6653 24
6652 38
6651 68
6650 94
6649 29
6648 90
6647 28
6646 31
6645 22
6644 12
6643 36
6642 97
6641 14
6640 52
6639 5
6638 82
6637 0
6636 55
6635 17
6634 14
6633 64
6632 57
6631 94
6630 51
6629 62
6628 61
6627 53
6626 63
6625 84
6624 20
6623 65
6622 78
6621 57
6620 89
6619 12
6618 14
6617 77
6616 57
6615 16
6614 16
6613 13
6612 95
6611 44
6610 31
6609 48
6608 85
6607 59
6606 21
6605 69
6604 81
6603 0
6602 40
6601 5
6600 23
6599 23
6598 94
6597 10
6596 25
6595 69
6594 38
6593 10
6592 61
6591 49
6590 42
6589 17
6588 24
6587 11
6586 32
6585 47
6584 24
6583 85
6582 1
6581 36
6580 84
6579 32
6578 19
6577 32
6576 15
6575 41
6574 60
6573 67
6572 65
6571 16
6570 65
6569 36
6568 66
6567 30
6566 11
6565 96
6564 55
6563 75
6562 81
6561 4
6560 83
6559 4
6558 24
6557 93
6556 0
6555 8
6554 31
6553 42
6552 37
6551 30
6550 45
6549 42
6548 57
6547 6
6546 91
6545 41
6544 85
6543 20
6542 31
6541 76
6540 90
6539 40
6538 69
6537 94
6536 13
6535 74
6534 27
6533 15
6532 69
6531 90
6530 26
6529 16
6528 64
6527 15
6526 35
6525 31
6524 99
6523 81
6522 33
6521 72
6520 88
6519 56
6518 2
6517 80
6516 52
6515 69
6514 99
6513 45
6512 6
6511 84
6510 92
6509 93
6508 100
6507 39
6506 96
6505 92
6504 7
6503 19
6502 17
6501 89
6500 42
6499 78
6498 82
6497 41
6496 82
6495 83
6494 66
6493 17
6492 49
6491 0
6490 70
6489 98
6488 26
6487 44
6486 34
6485 52
6484 62
6483 83
6482 46
6481 35
6480 22
6479 80
6478 3
6477 44
6476 83
6475 72
6474 73
6473 28
6472 14
6471 17
6470 1
6469 96
6468 41
6467 4
6466 70
6465 42
6464 86
6463 92
6462 76
6461 49
6460 2
6459 3
6458 86
6457 87
6456 31
6455 87
6454 8
6453 20
6452 92
6451 30
6450 96
6449 100
6448 54
6447 100
6446 42
6445 14
6444 84
6443 70
6442 16
6441 53
6440 22
6439 56
6438 58
6437 4
6436 77
6435 6
6434 2
6433 20
6432 27
6431 9
6430 91
6429 49
6428 16
6427 79
6426 45
6425 37
6424 75
6423 69
6422 91
6421 87
6420 9
6419 4
6418 50
6417 84
6416 2
6415 89
6414 64
6413 46
6412 64
6411 18
6410 74
6409 71
6408 66
6407 29
6406 61
6405 78
6404 35
6403 83
6402 95
6401 91
6400 23
6399 97
6398 30
6397 41
6396 77
6395 67
6394 25
6393 75
6392 48
6391 7
6390 83
6389 55
6388 86
6387 89
6386 56
6385 41
6384 83
6383 19
6382 34
6381 42
6380 17
6379 50
6378 33
6377 37
6376 55
6375 50
6374 69
6373 7
6372 99
6371 39
6370 17
6369 97
6368 85
6367 18
6366 68
6365 95
6364 50
6363 80
6362 22
6361 59
6360 46
6359 44
6358 38
6357 39
6356 21
6355 99
6354 34
6353 94
6352 32
6351 12
6350 10
6349 22
6348 77
6347 67
6346 53
6345 57
6344 2
6343 9
6342 72
6341 36
6340 72
6339 88
6338 13
6337 84
6336 81
6335 86
6334 65
6333 94
6332 59
6331 30
6330 81
6329 88
6328 13
6327 56
6326 59
6325 78
6324 43
6323 88
6322 42
6321 48
6320 60
6319 6
6318 56
6317 4
6316 3
6315 94
6314 87
6313 42
6312 62
6311 84
6310 25
6309 88
6308 5
6307 86
6306 57
6305 62
6304 18
6303 75
6302 30
6301 17
6300 58
6299 14
6298 60
6297 49
6296 17
6295 64
6294 71
6293 100
6292 47
6291 14
6290 62
6289 98
6288 29
6287 14
6286 43
6285 7
6284 65
6283 1
6282 17
6281 34
6280 21
6279 53
6278 40
6277 33
6276 62
6275 82
6274 37
6273 63
6272 42
6271 51
6270 91
6269 12
6268 5
6267 0
6266 62
6265 36
6264 52
6263 18
6262 45
6261 1
6260 72
6259 24
6258 84
6257 73
6256 26
6255 93
6254 17
6253 85
6252 36
6251 42
6250 44
6249 26
6248 48
6247 99
6246 95
6245 67
6244 63
6243 29
6242 0
6241 92
6240 15
6239 79
6238 84
6237 62
6236 59
6235 48
6234 62
6233 12
6232 88
6231 78
6230 76
6229 95
6228 32
6227 83
6226 48
6225 81
6224 84
6223 100
6222 89
6221 6
6220 86
6219 57
6218 19
6217 15
6216 49
6215 49
6214 65
6213 7
6212 87
6211 58
6210 35
6209 35
6208 35
6207 97
6206 34
6205 67
6204 43
6203 93
6202 97
6201 34
6200 36
6199 5
6198 86
6197 45
6196 73
6195 42
6194 57
6193 24
6192 25
6191 66
6190 43
6189 12
6188 81
6187 24
6186 55
6185 80
6184 89
6183 36
6182 49
6181 12
6180 24
6179 38
6178 47
6177 36
6176 17
6175 34
6174 44
6173 5
6172 63
6171 19
6170 69
6169 30
6168 22
6167 63
6166 34
6165 77
6164 48
6163 95
6162 0
6161 42
6160 77
6159 85
6158 85
6157 38
6156 87
6155 10
6154 9
6153 30
6152 54
6151 68
6150 40
6149 59
6148 75
6147 18
6146 93
6145 54
6144 77
6143 83
6142 6
6141 50
6140 38
6139 88
6138 58
6137 70
6136 100
6135 9
6134 50
6133 67
6132 98
6131 29
6130 93
6129 66
6128 16
6127 20
6126 42
6125 51
6124 78
6123 29
6122 64
6121 49
6120 45
6119 75
6118 31
6117 30
6116 61
6115 96
6114 91
6113 19
6112 0
6111 29
6110 97
6109 95
6108 37
6107 34
6106 58
6105 83
6104 9
6103 39
6102 99
6101 79
6100 72
6099 39
6098 87
6097 33
6096 67
6095 26
6094 19
6093 62
6092 8
6091 81
6090 73
6089 34
6088 36
6087 44
6086 59
6085 29
6084 28
6083 92
6082 26
6081 22
6080 94
6079 66
6078 87
6077 67
6076 99
6075 51
6074 56
6073 42
6072 50
6071 59
6070 78
6069 5
6068 28
6067 0
6066 67
6065 41
6064 55
6063 60
6062 57
6061 6
6060 38
6059 18
6058 76
6057 98
6056 9
6055 22
6054 53
6053 85
6052 64
6051 59
6050 71
6049 82
6048 47
6047 88
6046 10
6045 20
6044 66
6043 97
6042 26
6041 26
6040 60
6039 99
6038 6
6037 97
6036 67
6035 68
6034 90
6033 35
6032 22
6031 69
6030 0
6029 75
6028 5
6027 34
6026 66
6025 73
6024 20
6023 78
6022 30
6021 31
6020 91
6019 67
6018 57
6017 53
6016 49
6015 14
6014 74
6013 13
6012 95
6011 65
6010 14
6009 81
6008 71
6007 65
6006 86
6005 63
6004 49
6003 8
6002 93
6001 26
6000 90
5999 1
5998 13
5997 35
5996 65
5995 42
5994 88
5993 10
5992 67
5991 98
5990 45
5989 85
5988 20
5987 39
5986 71
5985 88
5984 79
5983 72
5982 22
5981 2
5980 8
5979 60
5978 27
5977 58
5976 77
5975 97
5974 44
5973 21
5972 14
5971 15
5970 62
5969 19
5968 53
5967 62
5966 5
5965 85
5964 34
5963 74
5962 41
5961 8
5960 60
5959 71
5958 65
5957 7
5956 16
5955 87
5954 38
5953 88
5952 78
5951 100
5950 90
5949 13
5948 5
5947 30
5946 81
5945 57
5944 12
5943 24
5942 62
5941 58
5940 45
5939 39
5938 63
5937 68
5936 23
5935 93
5934 18
5933 94
5932 36
5931 9
5930 38
5929 3
5928 92
5927 12
5926 67
5925 16
5924 75
5923 44
5922 83
5921 24
5920 12
5919 45
5918 99
5917 76
5916 70
5915 71
5914 49
5913 42
5912 74
5911 2
5910 8
5909 33
5908 7
5907 81
5906 98
5905 70
5904 32
5903 92
5902 43
5901 58
5900 24
5899 89
5898 88
5897 66
5896 51
5895 77
5894 84
5893 88
5892 93
5891 38
5890 17
5889 42
5888 35
5887 65
5886 9
5885 17
5884 64
5883 23
5882 51
5881 93
5880 81
5879 81
5878 56
5877 33
5876 56
5875 45
5874 89
5873 23
5872 95
5871 63
5870 62
5869 0
5868 34
5867 85
5866 58
5865 50
5864 58
5863 2
5862 13
5861 44
5860 80
5859 6
5858 51
5857 96
5856 78
5855 61
5854 29
5853 33
5852 73
5851 3
5850 63
5849 67
5848 91
5847 39
5846 52
5845 28
5844 34
5843 63
5842 99
5841 62
5840 80
5839 75
5838 83
5837 9
5836 47
5835 31
5834 14
5833 47
5832 17
5831 86
5830 78
5829 61
5828 57
5827 95
5826 80
5825 76
5824 77
5823 100
5822 20
5821 85
5820 83
5819 73
5818 64
5817 27
5816 11
5815 77
5814 90
5813 86
5812 22
5811 59
5810 63
5809 81
5808 58
5807 66
5806 62
5805 10
5804 17
5803 7
5802 33
5801 0
5800 21
5799 20
5798 39
5797 97
5796 8
5795 81
5794 95
5793 99
5792 92
5791 73
5790 49
5789 91
5788 53
5787 55
5786 83
5785 85
5784 34
5783 84
5782 34
5781 88
5780 23
5779 29
5778 35
5777 35
5776 25
5775 47
5774 60
5773 31
5772 42
5771 80
5770 12
5769 55
5768 8
5767 61
5766 68
5765 74
5764 71
5763 50
5762 54
5761 49
5760 27
5759 61
5758 66
5757 33
5756 82
5755 72
5754 41
5753 67
5752 38
5751 71
5750 62
5749 94
5748 95
5747 1
5746 46
5745 79
5744 16
5743 5
5742 21
5741 83
5740 68
5739 69
5738 5
5737 30
5736 77
5735 22
5734 77
5733 49
5732 25
5731 18
5730 29
5729 64
5728 17
5727 44
5726 47
5725 12
5724 75
5723 94
5722 68
5721 77
5720 41
5719 90
5718 45
5717 87
5716 79
5715 65
5714 98
5713 23
5712 46
5711 39
5710 36
5709 73
5708 32
5707 1
5706 44
5705 62
5704 68
5703 70
5702 55
5701 65
5700 51
5699 83
5698 48
5697 50
5696 73
5695 89
5694 52
5693 13
5692 67
5691 36
5690 67
5689 70
5688 22
5687 33
5686 81
5685 61
5684 94
5683 52
5682 14
5681 49
5680 76
5679 98
5678 16
5677 74
5676 9
5675 89
5674 21
5673 41
5672 57
5671 77
5670 51
5669 95
5668 48
5667 80
5666 75
5665 26
5664 95
5663 38
5662 64
5661 97
5660 79
5659 41
5658 97
5657 55
5656 100
5655 3
5654 72
5653 89
5652 3
5651 23
5650 97
5649 38
5648 88
5647 79
5646 6
5645 45
5644 99
5643 97
5642 93
5641 49
5640 79
5639 74
5638 22
5637 6
5636 28
5635 76
5634 0
5633 31
5632 86
5631 16
5630 80
5629 63
5628 36
5627 33
5626 42
5625 19
5624 34
5623 83
5622 48
5621 31
5620 66
5619 5
5618 25
5617 50
5616 35
5615 46
5614 77
5613 23
5612 74
5611 38
5610 11
5609 23
5608 47
5607 67
5606 49
5605 75
5604 33
5603 98
5602 28
5601 78
5600 88
5599 43
5598 89
5597 11
5596 82
5595 36
5594 21
5593 72
5592 100
5591 43
5590 11
5589 64
5588 85
5587 97
5586 4
5585 57
5584 36
5583 18
5582 52
5581 90
5580 16
5579 81
5578 39
5577 88
5576 20
5575 8
5574 3
5573 20
5572 96
5571 93
5570 65
5569 50
5568 29
5567 8
5566 99
5565 34
5564 82
5563 57
5562 17
5561 83
5560 0
5559 33
5558 43
5557 47
5556 68
5555 25
5554 89
5553 92
5552 27
5551 90
5550 22
5549 2
5548 35
5547 29
5546 28
5545 45
5544 58
5543 46
5542 7
5541 65
5540 56
5539 0
5538 49
5537 13
5536 89
5535 51
5534 12
5533 37
5532 70
5531 31
5530 54
5529 35
5528 2
5527 91
5526 15
5525 1
5524 3
5523 46
5522 46
5521 87
5520 36
5519 22
5518 28
5517 61
5516 11
5515 9
5514 88
5513 37
5512 94
5511 19
5510 73
5509 43
5508 20
5507 15
5506 14
5505 96
5504 34
5503 11
5502 56
5501 4
5500 8
5499 72
5498 95
5497 75
5496 70
5495 8
5494 90
5493 78
5492 32
5491 85
5490 45
5489 54
5488 51
5487 63
5486 55
5485 9
5484 60
5483 29
5482 5
5481 96
5480 25
5479 30
5478 39
5477 28
5476 11
5475 30
5474 23
5473 46
5472 86
5471 62
5470 97
5469 16
5468 54
5467 43
5466 77
5465 75
5464 9
5463 88
5462 88
5461 14
5460 5
5459 90
5458 41
5457 64
5456 74
5455 41
5454 65
5453 84
5452 11
5451 43
5450 31
5449 100
5448 59
5447 100
5446 24
5445 87
5444 33
5443 38
5442 73
5441 8
5440 85
5439 78
5438 1
5437 12
5436 50
5435 41
5434 9
5433 98
5432 5
5431 80
5430 89
5429 34
5428 38
5427 34
5426 84
5425 27
5424 31
5423 85
5422 48
5421 1
5420 54
5419 95
5418 13
5417 89
5416 4
5415 66
5414 74
5413 47
5412 47
5411 14
5410 96
5409 97
5408 18
5407 80
5406 19
5405 8
5404 12
5403 97
5402 75
5401 3
5400 46
5399 17
5398 15
5397 96
5396 56
5395 17
5394 92
5393 43
5392 8
5391 83
5390 76
5389 51
5388 54
5387 61
5386 62
5385 9
5384 54
5383 71
5382 16
5381 56
5380 32
5379 88
5378 39
5377 55
5376 81
5375 68
5374 16
5373 57
5372 45
5371 52
5370 20
5369 54
5368 75
5367 94
5366 70
5365 76
5364 28
5363 26
5362 48
5361 16
5360 72
5359 76
5358 95
5357 8
5356 70
5355 36
5354 68
5353 94
5352 16
5351 73
5350 96
5349 91
5348 7
5347 97
5346 46
5345 55
5344 61
5343 1
5342 58
5341 64
5340 23
5339 61
5338 28
5337 68
5336 45
5335 8
5334 9
5333 12
5332 96
5331 59
5330 36
5329 8
5328 47
5327 76
5326 38
5325 96
5324 53
5323 33
5322 80
5321 0
5320 69
5319 2
5318 32
5317 56
5316 53
5315 33
5314 67
5313 36
5312 74
5311 24
5310 74
5309 82
5308 31
5307 29
5306 35
5305 4
5304 89
5303 56
5302 8
5301 44
5300 57
5299 71
5298 24
5297 62
5296 93
5295 99
5294 72
5293 17
5292 33
5291 5
5290 68
5289 54
5288 24
5287 30
5286 34
5285 36
5284 25
5283 65
5282 12
5281 29
5280 65
5279 96
5278 81
5277 91
5276 31
5275 42
5274 0
5273 26
5272 21
5271 76
5270 60
5269 45
5268 80
5267 53
5266 84
5265 14
5264 85
5263 83
5262 22
5261 40
5260 59
5259 94
5258 56
5257 12
5256 55
5255 15
5254 38
5253 31
5252 85
5251 90
5250 72
5249 78
5248 8
5247 27
5246 13
5245 91
5244 69
5243 38
5242 23
5241 28
5240 37
5239 50
5238 96
5237 19
5236 99
5235 38
5234 35
5233 61
5232 3
5231 88
5230 7
5229 3
5228 63
5227 4
5226 92
5225 67
5224 67
5223 32
5222 90
5221 49
5220 79
5219 96
5218 12
5217 50
5216 50
5215 38
5214 19
5213 14
5212 95
5211 100
5210 8
5209 13
5208 65
5207 1
5206 57
5205 26
5204 47
5203 97
5202 58
5201 76
5200 1
5199 83
5198 16
5197 50
5196 41
5195 61
5194 62
5193 9
5192 87
5191 12
5190 0
5189 53
5188 65
5187 15
5186 63
5185 83
5184 18
5183 76
5182 54
5181 50
5180 93
5179 55
5178 18
5177 0
5176 52
5175 32
5174 66
5173 0
5172 74
5171 30
5170 86
5169 7
5168 94
5167 7
5166 97
5165 56
5164 89
5163 62
5162 47
5161 20
5160 49
5159 64
5158 4
5157 21
5156 63
5155 64
5154 84
5153 38
5152 70
5151 13
5150 8
5149 57
5148 32
5147 97
5146 63
5145 6
5144 2
5143 94
5142 93
5141 68
5140 83
5139 28
5138 43
5137 100
5136 81
5135 70
5134 11
5133 4
5132 28
5131 19
5130 80
5129 67
5128 12
5127 34
5126 57
5125 41
5124 40
5123 27
5122 63
5121 77
5120 71
5119 99
5118 82
5117 51
5116 16
5115 51
5114 87
5113 1
5112 55
5111 1
5110 20
5109 52
5108 74
5107 76
5106 64
5105 94
5104 81
5103 100
5102 83
5101 66
5100 84
5099 57
5098 51
5097 53
5096 57
5095 66
5094 69
5093 70
5092 2
5091 74
5090 58
5089 27
5088 23
5087 65
5086 40
5085 18
5084 25
5083 26
5082 90
5081 4
5080 6
5079 53
5078 72
5077 83
5076 97
5075 33
5074 82
5073 20
5072 61
5071 17
5070 39
5069 59
5068 46
5067 31
5066 12
5065 78
5064 69
5063 75
5062 14
5061 72
5060 45
5059 14
5058 27
5057 12
5056 53
5055 24
5054 17
5053 66
5052 94
5051 42
5050 10
5049 79
5048 40
5047 47
5046 71
5045 97
5044 8
5043 39
5042 71
5041 2
5040 21
5039 57
5038 64
5037 38
5036 96
5035 76
5034 67
5033 12
5032 2
5031 0
5030 46
5029 21
5028 70
5027 17
5026 46
5025 9
5024 95
5023 75
5022 85
5021 70
5020 42
5019 12
5018 82
5017 41
5016 38
5015 10
5014 25
5013 96
5012 40
5011 4
5010 65
5009 48
5008 35
5007 97
5006 6
5005 74
5004 4
5003 1
5002 49
5001 53
5000 49
4999 48
4998 75
4997 79
4996 11
4995 41
4994 46
4993 94
4992 5
4991 1
4990 52
4989 92
4988 80
4987 98
4986 73
4985 1
4984 100
4983 96
4982 83
4981 76
4980 76
4979 39
4978 11
4977 25
4976 13
4975 87
4974 47
4973 57
4972 36
4971 23
4970 65
4969 29
4968 22
4967 63
4966 96
4965 99
4964 17
4963 55
4962 69
4961 15
4960 53
4959 71
4958 35
4957 20
4956 28
4955 92
4954 79
4953 52
4952 75
4951 15
4950 40
4949 43
4948 1
4947 1
4946 53
4945 23
4944 53
4943 16
4942 20
4941 92
4940 52
4939 3
4938 53
4937 80
4936 35
4935 27
4934 48
4933 13
4932 36
4931 42
4930 10
4929 65
4928 49
4927 52
4926 61
4925 24
4924 80
4923 0
4922 60
4921 13
4920 62
4919 50
4918 31
4917 65
4916 96
4915 44
4914 2
4913 67
4912 53
4911 71
4910 7
4909 49
4908 24
4907 61
4906 7
4905 91
4904 65
4903 30
4902 49
4901 87
4900 5
4899 91
4898 52
4897 73
4896 7
4895 21
4894 39
4893 92
4892 80
4891 57
4890 96
4889 36
4888 69
4887 20
4886 90
4885 75
4884 35
4883 92
4882 46
4881 10
4880 38
4879 66
4878 72
4877 76
4876 82
4875 94
4874 82
4873 34
4872 86
4871 59
4870 62
4869 29
4868 69
4867 38
4866 3
4865 88
4864 3
4863 44
4862 100
4861 49
4860 15
4859 3
4858 57
4857 98
4856 34
4855 80
4854 29
4853 48
4852 62
4851 68
4850 45
4849 54
4848 53
4847 10
4846 1
4845 99
4844 94
4843 1
4842 96
4841 67
4840 79
4839 58
4838 8
4837 33
4836 27
4835 68
4834 45
4833 33
4832 26
4831 90
4830 96
4829 99
4828 50
4827 61
4826 20
4825 6
4824 98
4823 21
4822 9
4821 34
4820 78
4819 62
4818 55
4817 43
4816 35
4815 70
4814 5
4813 11
4812 64
4811 89
4810 91
4809 62
4808 75
4807 47
4806 87
4805 91
4804 28
4803 21
4802 46
4801 74
4800 69
4799 29
4798 54
4797 1
4796 100
4795 14
4794 41
4793 47
4792 16
4791 46
4790 36
4789 49
4788 91
4787 83
4786 89
4785 19
4784 18
4783 67
4782 100
4781 63
4780 19
4779 32
4778 7
4777 34
4776 88
4775 43
4774 49
4773 36
4772 81
4771 32
4770 35
4769 21
4768 8
4767 78
4766 70
4765 14
4764 35
4763 9
4762 29
4761 31
4760 60
4759 54
4758 50
4757 72
4756 60
4755 8
4754 56
4753 59
4752 17
4751 43
4750 58
4749 95
4748 8
4747 64
4746 99
4745 4
4744 35
4743 29
4742 69
4741 6
4740 12
4739 16
4738 69
4737 19
4736 25
4735 67
4734 61
4733 41
4732 49
4731 100
4730 57
4729 51
4728 72
4727 46
4726 96
4725 23
4724 27
4723 66
4722 50
4721 57
4720 46
4719 61
4718 50
4717 73
4716 5
4715 21
4714 53
4713 85
4712 15
4711 40
4710 63
4709 57
4708 45
4707 40
4706 74
4705 5
4704 47
4703 4
4702 3
4701 30
4700 73
4699 10
4698 63
4697 41
4696 54
4695 92
4694 34
4693 86
4692 7
4691 32
4690 75
4689 34
4688 81
4687 1
4686 78
4685 79
4684 12
4683 43
4682 83
4681 65
4680 88
4679 97
4678 36
4677 26
4676 94
4675 82
4674 14
4673 51
4672 61
4671 4
4670 46
4669 59
4668 8
4667 12
4666 23
4665 43
4664 50
4663 12
4662 69
4661 74
4660 8
4659 68
4658 92
4657 63
4656 87
4655 97
4654 66
4653 57
4652 1
4651 30
4650 100
4649 99
4648 23
4647 39
4646 43
4645 27
4644 71
4643 72
4642 79
4641 33
4640 55
4639 60
4638 19
4637 34
4636 73
4635 20
4634 26
4633 15
4632 53
4631 20
4630 21
4629 43
4628 32
4627 12
4626 30
4625 37
4624 32
4623 65
4622 12
4621 49
4620 67
4619 20
4618 54
4617 82
4616 58
4615 27
4614 44
4613 88
4612 14
4611 26
4610 55
4609 39
4608 60
4607 56
4606 18
4605 39
4604 83
4603 90
4602 32
4601 6
4600 6
4599 11
4598 86
4597 22
4596 50
4595 68
4594 96
4593 71
4592 93
4591 74
4590 36
4589 63
4588 35
4587 35
4586 85
4585 69
4584 14
4583 32
4582 82
4581 45
4580 0
4579 93
4578 84
4577 53
4576 16
4575 66
4574 45
4573 28
4572 95
4571 81
4570 50
4569 41
4568 63
4567 51
4566 26
4565 39
4564 85
4563 83
4562 100
4561 5
4560 72
4559 81
4558 12
4557 87
4556 28
4555 29
4554 38
4553 45
4552 91
4551 61
4550 40
4549 95
4548 66
4547 54
4546 78
4545 72
4544 80
4543 4
4542 61
4541 12
4540 8
4539 91
4538 100
4537 40
4536 79
4535 100
4534 93
4533 78
4532 31
4531 26
4530 90
4529 75
4528 60
4527 62
4526 0
4525 71
4524 47
4523 85
4522 43
4521 63
4520 16
4519 76
4518 69
4517 27
4516 17
4515 46
4514 47
4513 26
4512 52
4511 19
4510 30
4509 19
4508 38
4507 8
4506 44
4505 50
4504 56
4503 51
4502 87
4501 36
4500 96
4499 94
4498 75
4497 87
4496 95
4495 51
4494 33
4493 60
4492 40
4491 79
4490 70
4489 89
4488 18
4487 40
4486 18
4485 51
4484 28
4483 68
4482 90
4481 42
4480 51
4479 89
4478 44
4477 3
4476 72
4475 44
4474 17
4473 77
4472 24
4471 29
4470 58
4469 62
4468 28
4467 63
4466 37
4465 84
4464 67
4463 69
4462 70
4461 22
4460 71
4459 82
4458 82
4457 59
4456 9
4455 71
4454 74
4453 64
4452 78
4451 35
4450 22
4449 75
4448 29
4447 65
4446 27
4445 82
4444 64
4443 15
4442 30
4441 57
4440 72
4439 69
4438 4
4437 41
4436 47
4435 97
4434 84
4433 67
4432 92
4431 100
4430 93
4429 1
4428 52
4427 10
4426 84
4425 88
4424 60
4423 38
4422 1
4421 54
4420 8
4419 98
4418 12
4417 2
4416 43
4415 58
4414 100
4413 35
4412 25
4411 74
4410 55
4409 70
4408 80
4407 56
4406 65
4405 21
4404 84
4403 86
4402 81
4401 58
4400 94
4399 90
4398 52
4397 54
4396 90
4395 11
4394 87
4393 56
4392 90
4391 9
4390 24
4389 48
4388 74
4387 30
4386 50
4385 39
4384 75
4383 57
4382 22
4381 77
4380 69
4379 87
4378 58
4377 20
4376 72
4375 82
4374 71
4373 26
4372 28
4371 66
4370 60
4369 26
4368 30
4367 18
4366 84
4365 85
4364 60
4363 50
4362 100
4361 6
4360 75
4359 82
4358 82
4357 12
4356 24
4355 19
4354 45
4353 13
4352 84
4351 76
4350 52
4349 23
4348 62
4347 59
4346 90
4345 61
4344 75
4343 65
4342 4
4341 3
4340 24
4339 91
4338 80
4337 17
4336 12
4335 65
4334 65
4333 76
4332 30
4331 47
4330 77
4329 100
4328 80
4327 78
4326 11
4325 79
4324 56
4323 30
4322 78
4321 73
4320 31
4319 14
4318 29
4317 56
4316 24
4315 15
4314 15
4313 56
4312 18
4311 39
4310 45
4309 55
4308 91
4307 64
4306 48
4305 52
4304 45
4303 19
4302 55
4301 57
4300 6
4299 81
4298 26
4297 69
4296 69
4295 37
4294 87
4293 53
4292 27
4291 64
4290 4
4289 43
4288 97
4287 94
4286 35
4285 64
4284 78
4283 13
4282 64
4281 11
4280 82
4279 26
4278 18
4277 87
4276 75
4275 38
4274 76
4273 94
4272 25
4271 45
4270 36
4269 23
4268 99
4267 99
4266 1
4265 3
4264 6
4263 78
4262 47
4261 81
4260 75
4259 61
4258 74
4257 89
4256 93
4255 34
4254 42
4253 65
4252 34
4251 26
4250 25
4249 53
4248 51
4247 28
4246 35
4245 22
4244 54
4243 38
4242 91
4241 43
4240 99
4239 92
4238 5
4237 91
4236 8
4235 8
4234 62
4233 65
4232 39
4231 7
4230 70
4229 61
4228 35
4227 27
4226 5
4225 59
4224 79
4223 39
4222 46
4221 13
4220 65
4219 55
4218 64
4217 97
4216 83
4215 41
4214 36
4213 42
4212 34
4211 37
4210 10
4209 16
4208 32
4207 26
4206 34
4205 89
4204 68
4203 61
4202 6
4201 96
4200 1
4199 14
4198 51
4197 86
4196 21
4195 16
4194 88
4193 0
4192 40
4191 61
4190 47
4189 97
4188 89
4187 1
4186 13
4185 74
4184 49
4183 62
4182 27
4181 94
4180 75
4179 11
4178 81
4177 74
4176 85
4175 79
4174 43
4173 1
4172 71
4171 91
4170 86
4169 69
4168 100
4167 36
4166 88
4165 32
4164 7
4163 90
4162 53
4161 54
4160 26
4159 99
4158 49
4157 62
4156 23
4155 11
4154 91
4153 80
4152 24
4151 7
4150 43
4149 47
4148 1
4147 38
4146 37
4145 26
4144 60
4143 75
4142 86
4141 45
4140 19
4139 14
4138 16
4137 20
4136 57
4135 40
4134 30
4133 36
4132 48
4131 3
4130 51
4129 88
4128 95
4127 83
4126 51
4125 16
4124 40
4123 82
4122 15
4121 77
4120 19
4119 64
4118 14
4117 100
4116 43
4115 97
4114 34
4113 79
4112 16
4111 79
4110 2
4109 54
4108 29
4107 82
4106 4
4105 26
4104 68
4103 57
4102 11
4101 97
4100 27
4099 41
4098 33
4097 17
4096 50
4095 26
4094 38
4093 91
4092 68
4091 68
4090 26
4089 87
4088 46
4087 86
4086 63
4085 56
4084 33
4083 30
4082 63
4081 2
4080 9
4079 70
4078 93
4077 73
4076 85
4075 89
4074 47
4073 100
4072 44
4071 52
4070 11
4069 18
4068 68
4067 5
4066 61
4065 87
4064 72
4063 57
4062 80
4061 64
4060 74
4059 78
4058 31
4057 38
4056 13
4055 12
4054 49
4053 89
4052 95
4051 32
4050 63
4049 39
4048 70
4047 9
4046 52
4045 61
4044 19
4043 77
4042 63
4041 94
4040 11
4039 81
4038 93
4037 59
4036 89
4035 23
4034 31
4033 8
4032 91
4031 50
4030 25
4029 97
4028 28
4027 53
4026 19
4025 39
4024 46
4023 85
4022 5
4021 39
4020 58
4019 25
4018 38
4017 90
4016 32
4015 51
4014 30
4013 97
4012 8
4011 21
4010 45
4009 58
4008 53
4007 23
4006 73
4005 46
4004 52
4003 41
4002 23
4001 68
4000 13
3999 17
3998 31
3997 55
3996 71
3995 22
3994 45
3993 98
3992 98
3991 33
3990 10
3989 5
3988 59
3987 11
3986 57
3985 81
3984 23
3983 53
3982 24
3981 68
3980 65
3979 80
3978 6
3977 4
3976 50
3975 99
3974 12
3973 32
3972 40
3971 1
3970 66
3969 82
3968 22
3967 55
3966 25
3965 5
3964 37
3963 44
3962 68
3961 9
3960 25
3959 39
3958 75
3957 68
3956 46
3955 31
3954 51
3953 87
3952 99
3951 79
3950 81
3949 23
3948 34
3947 29
3946 78
3945 62
3944 93
3943 53
3942 26
3941 48
3940 77
3939 11
3938 21
3937 51
3936 30
3935 82
3934 10
3933 40
3932 52
3931 60
3930 2
3929 55
3928 20
3927 29
3926 46
3925 96
3924 91
3923 7
3922 43
3921 7
3920 87
3919 10
3918 79
3917 76
3916 66
3915 24
3914 72
3913 63
3912 20
3911 8
3910 75
3909 100
3908 8
3907 24
3906 23
3905 42
3904 77
3903 6
3902 58
3901 4
3900 44
3899 31
3898 22
3897 99
3896 75
3895 14
3894 26
3893 100
3892 43
3891 91
3890 34
3889 18
3888 59
3887 90
3886 49
3885 37
3884 16
3883 85
3882 57
3881 62
3880 48
3879 5
3878 96
3877 100
3876 48
3875 42
3874 41
3873 96
3872 48
3871 14
3870 76
3869 20
3868 64
3867 56
3866 76
3865 98
3864 31
3863 28
3862 96
3861 29
3860 64
3859 54
3858 54
3857 55
3856 26
3855 95
3854 46
3853 74
3852 67
3851 27
3850 39
3849 54
3848 98
3847 42
3846 2
3845 30
3844 98
3843 7
3842 48
3841 21
3840 98
3839 21
3838 45
3837 80
3836 59
3835 5
3834 16
3833 78
3832 32
3831 68
3830 61
3829 17
3828 90
3827 33
3826 70
3825 1
3824 55
3823 48
3822 80
3821 51
3820 28
3819 40
3818 82
3817 85
3816 100
3815 16
3814 89
3813 57
3812 55
3811 11
3810 61
3809 96
3808 65
3807 45
3806 21
3805 61
3804 45
3803 0
3802 57
3801 22
3800 97
3799 54
3798 73
3797 28
3796 54
3795 77
3794 30
3793 4
3792 40
3791 63
3790 73
3789 74
3788 0
3787 26
3786 36
3785 94
3784 0
3783 13
3782 8
3781 91
3780 35
3779 86
3778 88
3777 78
3776 54
3775 73
3774 2
3773 95
3772 80
3771 9
3770 57
3769 55
3768 21
3767 70
3766 33
3765 31
3764 35
3763 35
3762 90
3761 5
3760 35
3759 84
3758 19
3757 48
3756 88
3755 20
3754 8
3753 89
3752 96
3751 84
3750 54
3749 11
3748 48
3747 15
3746 27
3745 26
3744 87
3743 19
3742 69
3741 48
3740 18
3739 97
3738 77
3737 77
3736 41
3735 32
3734 41
3733 71
3732 88
3731 33
3730 12
3729 55
3728 67
3727 69
3726 87
3725 0
3724 35
3723 18
3722 70
3721 20
3720 73
3719 52
3718 84
3717 42
3716 46
3715 41
3714 67
3713 98
3712 40
3711 13
3710 52
3709 11
3708 50
3707 75
3706 35
3705 59
3704 22
3703 78
3702 24
3701 31
3700 79
3699 20
3698 90
3697 74
3696 84
3695 61
3694 56
3693 89
3692 13
3691 33
3690 10
3689 76
3688 52
3687 87
3686 72
3685 3
3684 8
3683 74
3682 86
3681 52
3680 61
3679 1
3678 41
3677 90
3676 78
3675 19
3674 49
3673 25
3672 41
3671 41
3670 49
3669 65
3668 69
3667 93
3666 26
3665 15
3664 79
3663 72
3662 18
3661 37
3660 100
3659 11
3658 55
3657 90
3656 68
3655 38
3654 13
3653 70
3652 86
3651 35
3650 20
3649 7
3648 70
3647 91
3646 93
3645 21
3644 75
3643 86
3642 66
3641 90
3640 100
3639 14
3638 40
3637 76
3636 98
3635 100
3634 49
3633 24
3632 52
3631 60
3630 63
3629 31
3628 71
3627 69
3626 35
3625 96
3624 10
3623 95
3622 91
3621 61
3620 79
3619 10
3618 12
3617 59
3616 33
3615 0
3614 66
3613 63
3612 99
3611 52
3610 32
3609 81
3608 86
3607 34
3606 54
3605 76
3604 44
3603 54
3602 52
3601 66
3600 8
3599 74
3598 89
3597 34
3596 56
3595 15
3594 57
3593 26
3592 10
3591 21
3590 16
3589 70
3588 96
3587 28
3586 13
3585 22
3584 33
3583 90
3582 69
3581 78
3580 28
3579 36
3578 53
3577 25
3576 17
3575 55
3574 62
3573 59
3572 35
3571 95
3570 26
3569 24
3568 36
3567 34
3566 83
3565 93
3564 77
3563 4
3562 13
3561 3
3560 21
3559 35
3558 40
3557 64
3556 16
3555 50
3554 0
3553 7
3552 31
3551 29
3550 66
3549 52
3548 7
3547 97
3546 28
3545 84
3544 53
3543 8
3542 10
3541 80
3540 52
3539 84
3538 62
3537 32
3536 88
3535 81
3534 46
3533 73
3532 100
3531 76
3530 4
3529 61
3528 4
3527 5
3526 42
3525 52
3524 89
3523 23
3522 25
3521 47
3520 70
3519 4
3518 88
3517 83
3516 46
3515 47
3514 41
3513 14
3512 87
3511 52
3510 31
3509 16
3508 52
3507 57
3506 65
3505 43
3504 25
3503 47
3502 96
3501 84
3500 26
3499 49
3498 96
3497 22
3496 19
3495 22
3494 82
3493 29
3492 33
3491 8
3490 67
3489 88
3488 99
3487 49
3486 45
3485 56
3484 10
3483 25
3482 97
3481 17
3480 52
3479 6
3478 71
3477 42
3476 65
3475 44
3474 47
3473 59
3472 93
3471 84
3470 69
3469 56
3468 84
3467 45
3466 18
3465 30
3464 41
3463 52
3462 64
3461 13
3460 91
3459 70
3458 20
3457 72
3456 40
3455 92
3454 37
3453 34
3452 21
3451 67
3450 68
3449 74
3448 98
3447 12
3446 50
3445 10
3444 26
3443 75
3442 71
3441 8
3440 66
3439 66
3438 83
3437 16
3436 86
3435 95
3434 79
3433 80
3432 89
3431 70
3430 34
3429 98
3428 72
3427 75
3426 22
3425 52
3424 71
3423 6
3422 34
3421 5
3420 40
3419 4
3418 100
3417 39
3416 18
3415 42
3414 25
3413 18
3412 26
3411 51
3410 26
3409 42
3408 4
3407 45
3406 88
3405 85
3404 70
3403 73
3402 2
3401 72
3400 20
3399 41
3398 24
3397 62
3396 69
3395 57
3394 11
3393 57
3392 21
3391 53
3390 56
3389 29
3388 86
3387 73
3386 26
3385 26
3384 13
3383 0
3382 78
3381 82
3380 55
3379 44
3378 99
3377 47
3376 20
3375 60
3374 78
3373 96
3372 32
3371 19
3370 95
3369 16
3368 56
3367 75
3366 52
3365 99
3364 67
3363 87
3362 98
3361 89
3360 21
3359 99
3358 21
3357 86
3356 8
3355 37
3354 67
3353 76
3352 39
3351 13
3350 61
3349 87
3348 7
3347 86
3346 32
3345 80
3344 65
3343 59
3342 69
3341 74
3340 71
3339 22
3338 28
3337 72
3336 47
3335 33
3334 44
3333 100
3332 59
3331 2
3330 88
3329 11
3328 24
3327 16
3326 31
3325 91
3324 43
3323 28
3322 7
3321 15
3320 57
3319 1
3318 22
3317 57
3316 41
3315 22
3314 88
3313 81
3312 52
3311 8
3310 83
3309 41
3308 64
3307 50
3306 55
3305 13
3304 5
3303 80
3302 21
3301 19
3300 92
3299 92
3298 65
3297 71
3296 85
3295 24
3294 49
3293 75
3292 100
3291 65
3290 25
3289 8
3288 35
3287 47
3286 9
3285 63
3284 96
3283 30
3282 33
3281 85
3280 20
3279 84
3278 88
3277 40
3276 86
3275 11
3274 73
3273 2
3272 71
3271 78
3270 87
3269 70
3268 80
3267 59
3266 90
3265 29
3264 7
3263 100
3262 22
3261 95
3260 75
3259 24
3258 78
3257 29
3256 87
3255 40
3254 17
3253 81
3252 5
3251 53
3250 21
3249 60
3248 1
3247 10
3246 64
3245 92
3244 60
3243 79
3242 18
3241 47
3240 52
3239 67
3238 94
3237 91
3236 13
3235 77
3234 81
3233 76
3232 59
3231 1
3230 30
3229 12
3228 71
3227 59
3226 47
3225 83
3224 26
3223 93
3222 90
3221 84
3220 100
3219 72
3218 67
3217 61
3216 30
3215 25
3214 30
3213 31
3212 19
3211 15
3210 18
3209 63
3208 25
3207 20
3206 46
3205 53
3204 76
3203 91
3202 54
3201 82
3200 44
3199 36
3198 74
3197 76
3196 60
3195 28
3194 99
3193 94
3192 30
3191 92
3190 58
3189 37
3188 96
3187 68
3186 50
3185 40
3184 22
3183 83
3182 92
3181 15
3180 66
3179 83
3178 90
3177 66
3176 12
3175 12
3174 37
3173 1
3172 53
3171 46
3170 51
3169 58
3168 75
3167 33
3166 58
3165 57
3164 34
3163 78
3162 60
3161 6
3160 6
3159 20
3158 41
3157 39
3156 53
3155 16
3154 85
3153 30
3152 29
3151 16
3150 18
3149 73
3148 38
3147 85
3146 44
3145 29
3144 88
3143 1
3142 32
3141 31
3140 81
3139 28
3138 8
3137 71
3136 16
3135 91
3134 53
3133 37
3132 91
3131 5
3130 65
3129 85
3128 81
3127 89
3126 3
3125 37
3124 82
3123 95
3122 73
3121 62
3120 0
3119 49
3118 49
3117 29
3116 12
3115 20
3114 35
3113 64
3112 91
3111 93
3110 13
3109 71
3108 55
3107 29
3106 62
3105 82
3104 14
3103 5
3102 8
3101 4
3100 3
3099 4
3098 80
3097 51
3096 89
3095 31
3094 52
3093 35
3092 8
3091 40
3090 65
3089 85
3088 80
3087 18
3086 53
3085 6
3084 44
3083 38
3082 74
3081 8
3080 71
3079 78
3078 8
3077 35
3076 44
3075 25
3074 95
3073 11
3072 38
3071 3
3070 51
3069 42
3068 8
3067 17
3066 66
3065 35
3064 12
3063 12
3062 93
3061 57
3060 76
3059 43
3058 71
3057 51
3056 79
3055 56
3054 53
3053 25
3052 13
3051 1
3050 62
3049 71
3048 67
3047 55
3046 11
3045 79
3044 35
3043 82
3042 100
3041 75
3040 67
3039 13
3038 67
3037 25
3036 95
3035 18
3034 74
3033 28
3032 28
3031 34
3030 9
3029 83
3028 86
3027 26
3026 8
3025 73
3024 22
3023 14
3022 32
3021 57
3020 74
3019 62
3018 17
3017 45
3016 97
3015 33
3014 91
3013 56
3012 45
3011 69
3010 16
3009 60
3008 29
3007 22
3006 68
3005 5
3004 43
3003 96
3002 75
3001 67
3000 27
2999 15
2998 58
2997 68
2996 17
2995 61
2994 4
2993 10
2992 63
2991 80
2990 85
2989 74
2988 34
2987 67
2986 57
2985 46
2984 1
2983 41
2982 47
2981 51
2980 97
2979 39
2978 23
2977 15
2976 59
2975 33
2974 44
2973 72
2972 18
2971 57
2970 9
2969 38
2968 90
2967 78
2966 36
2965 71
2964 85
2963 29
2962 31
2961 64
2960 10
2959 64
2958 73
2957 51
2956 91
2955 14
2954 36
2953 21
2952 72
2951 57
2950 4
2949 45
2948 0
2947 82
2946 81
2945 14
2944 88
2943 65
2942 63
2941 70
2940 62
2939 85
2938 62
2937 41
2936 88
2935 32
2934 66
2933 97
2932 7
2931 72
2930 0
2929 34
2928 22
2927 22
2926 57
2925 98
2924 8
2923 73
2922 78
2921 85
2920 1
2919 76
2918 77
2917 81
2916 97
2915 2
2914 36
2913 66
2912 99
2911 31
2910 57
2909 97
2908 3
2907 98
2906 63
2905 36
2904 81
2903 8
2902 31
2901 9
2900 51
2899 97
2898 17
2897 49
2896 77
2895 10
2894 43
2893 72
2892 68
2891 50
2890 65
2889 49
2888 80
2887 68
2886 66
2885 75
2884 99
2883 19
2882 62
2881 31
2880 49
2879 62
2878 59
2877 12
2876 54
2875 73
2874 0
2873 14
2872 9
2871 84
2870 14
2869 7
2868 43
2867 14
2866 32
2865 91
2864 48
2863 2
2862 64
2861 63
2860 19
2859 26
2858 9
2857 58
2856 14
2855 73
2854 44
2853 25
2852 41
2851 76
2850 45
2849 46
2848 21
2847 26
2846 93
2845 39
2844 37
2843 37
2842 55
2841 60
2840 7
2839 53
2838 26
2837 20
2836 69
2835 11
2834 56
2833 61
2832 20
2831 86
2830 75
2829 25
2828 99
2827 69
2826 31
2825 82
2824 34
2823 9
2822 57
2821 57
2820 55
2819 17
2818 56
2817 35
2816 73
2815 39
2814 39
2813 3
2812 72
2811 81
2810 100
2809 36
2808 83
2807 71
2806 80
2805 76
2804 2
2803 66
2802 93
2801 47
2800 41
2799 7
2798 26
2797 1
2796 2
2795 14
2794 6
2793 7
2792 77
2791 37
2790 51
2789 7
2788 43
2787 68
2786 13
2785 15
2784 46
2783 75
2782 69
2781 0
2780 0
2779 23
2778 41
2777 49
2776 87
2775 60
2774 35
2773 57
2772 82
2771 6
2770 12
2769 54
2768 51
2767 39
2766 73
2765 75
2764 98
2763 59
2762 59
2761 96
2760 28
2759 92
2758 21
2757 81
2756 62
2755 11
2754 97
2753 27
2752 87
2751 49
2750 71
2749 67
2748 59
2747 79
2746 85
2745 85
2744 81
2743 31
2742 38
2741 87
2740 27
2739 57
2738 48
2737 38
2736 81
2735 27
2734 32
2733 48
2732 78
2731 57
2730 29
2729 66
2728 87
2727 29
2726 15
2725 4
2724 61
2723 12
2722 6
2721 60
2720 45
2719 56
2718 21
2717 44
2716 66
2715 54
2714 33
2713 84
2712 56
2711 99
2710 97
2709 50
2708 99
2707 50
2706 17
2705 77
2704 96
2703 53
2702 81
2701 100
2700 87
2699 93
2698 5
2697 51
2696 35
2695 32
2694 89
2693 89
2692 98
2691 65
2690 26
2689 4
2688 24
2687 29
2686 19
2685 86
2684 78
2683 19
2682 19
2681 21
2680 60
2679 12
2678 1
2677 61
2676 95
2675 88
2674 72
2673 42
2672 0
2671 22
2670 28
2669 85
2668 37
2667 21
2666 75
2665 70
2664 41
2663 43
2662 24
2661 26
2660 7
2659 19
2658 21
2657 30
2656 45
2655 69
2654 14
2653 87
2652 11
2651 26
2650 5
2649 26
2648 34
2647 48
2646 74
2645 79
2644 63
2643 78
2642 49
2641 0
2640 32
2639 56
2638 70
2637 5
2636 18
2635 58
2634 77
2633 17
2632 71
2631 55
2630 58
2629 27
2628 90
2627 34
2626 32
2625 21
2624 86
2623 18
2622 18
2621 81
2620 87
2619 44
2618 7
2617 38
2616 58
2615 12
2614 9
2613 33
2612 14
2611 88
2610 10
2609 26
2608 76
2607 14
2606 42
2605 93
2604 88
2603 60
2602 28
2601 63
2600 91
2599 17
2598 47
2597 91
2596 75
2595 47
2594 86
2593 42
2592 49
2591 70
2590 35
2589 80
2588 70
2587 45
2586 98
2585 41
2584 45
2583 82
2582 82
2581 30
2580 47
2579 31
2578 11
2577 73
2576 37
2575 92
2574 94
2573 98
2572 50
2571 35
2570 55
2569 27
2568 16
2567 44
2566 36
2565 40
2564 75
2563 92
2562 29
2561 26
2560 23
2559 33
2558 70
2557 65
2556 49
2555 66
2554 56
2553 64
2552 73
2551 10
2550 55
2549 32
2548 83
2547 12
2546 31
2545 15
2544 74
2543 68
2542 27
2541 79
2540 92
2539 1
2538 72
2537 21
2536 56
2535 8
2534 35
2533 14
2532 21
2531 74
2530 42
2529 63
2528 85
2527 87
2526 62
2525 90
2524 94
2523 59
2522 73
2521 88
2520 33
2519 78
2518 39
2517 21
2516 36
2515 34
2514 99
2513 66
2512 72
2511 43
2510 56
2509 83
2508 71
2507 7
2506 27
2505 79
2504 94
2503 89
2502 68
2501 36
2500 13
2499 30
2498 47
2497 70
2496 18
2495 34
2494 99
2493 72
2492 96
2491 86
2490 64
2489 62
2488 79
2487 13
2486 31
2485 7
2484 100
2483 28
2482 11
2481 83
2480 98
2479 25
2478 99
2477 80
2476 27
2475 43
2474 26
2473 15
2472 72
2471 46
2470 19
2469 9
2468 86
2467 76
2466 92
2465 99
2464 47
2463 70
2462 80
2461 59
2460 49
2459 59
2458 35
2457 55
2456 34
2455 80
2454 4
2453 8
2452 1
2451 21
2450 53
2449 83
2448 50
2447 59
2446 84
2445 23
2444 39
2443 31
2442 94
2441 69
2440 74
2439 96
2438 98
2437 29
2436 29
2435 35
2434 33
2433 29
2432 52
2431 53
2430 100
2429 61
2428 17
2427 1
2426 68
2425 83
2424 92
2423 41
2422 67
2421 56
2420 36
2419 20
2418 30
2417 31
2416 55
2415 14
2414 64
2413 35
2412 13
2411 61
2410 75
2409 80
2408 50
2407 83
2406 59
2405 56
2404 55
2403 22
2402 61
2401 29
2400 61
2399 94
2398 86
2397 36
2396 5
2395 22
2394 41
2393 2
2392 75
2391 23
2390 15
2389 93
2388 41
2387 28
2386 84
2385 16
2384 69
2383 89
2382 77
2381 49
2380 53
2379 54
2378 85
2377 90
2376 1
2375 78
2374 45
2373 30
2372 79
2371 15
2370 50
2369 63
2368 67
2367 7
2366 78
2365 62
2364 47
2363 35
2362 85
2361 85
2360 27
2359 59
2358 22
2357 4
2356 71
2355 91
2354 79
2353 9
2352 14
2351 29
2350 8
2349 79
2348 51
2347 13
2346 53
2345 56
2344 7
2343 9
2342 21
2341 48
2340 58
2339 75
2338 63
2337 76
2336 7
2335 88
2334 66
2333 55
2332 76
2331 29
2330 99
2329 87
2328 27
2327 88
2326 80
2325 10
2324 66
2323 33
2322 39
2321 75
2320 65
2319 94
2318 0
2317 71
2316 35
2315 70
2314 83
2313 40
2312 84
2311 18
2310 86
2309 95
2308 38
2307 21
2306 1
2305 55
2304 18
2303 78
2302 43
2301 35
2300 29
2299 55
2298 36
2297 33
2296 25
2295 9
2294 14
2293 84
2292 39
2291 57
2290 97
2289 3
2288 25
2287 49
2286 40
2285 60
2284 32
2283 38
2282 54
2281 86
2280 79
2279 52
2278 18
2277 51
2276 91
2275 57
2274 51
2273 27
2272 38
2271 93
2270 12
2269 46
2268 18
2267 59
2266 25
2265 6
2264 89
2263 98
2262 92
2261 95
2260 57
2259 70
2258 10
2257 93
2256 28
2255 0
2254 17
2253 70
2252 27
2251 89
2250 57
2249 34
2248 71
2247 77
2246 73
2245 71
2244 23
2243 86
2242 43
2241 48
2240 21
2239 41
2238 70
2237 21
2236 87
2235 95
2234 9
2233 0
2232 21
2231 95
2230 59
2229 26
2228 16
2227 66
2226 38
2225 72
2224 93
2223 14
2222 62
2221 50
2220 100
2219 40
2218 8
2217 65
2216 97
2215 32
2214 31
2213 94
2212 54
2211 40
2210 64
2209 49
2208 46
2207 34
2206 83
2205 1
2204 1
2203 23
2202 36
2201 90
2200 25
2199 30
2198 41
2197 44
2196 72
2195 84
2194 17
2193 33
2192 69
2191 58
2190 58
2189 60
2188 19
2187 78
2186 33
2185 3
2184 91
2183 67
2182 73
2181 29
2180 24
2179 33
2178 59
2177 77
2176 17
2175 93
2174 40
2173 29
2172 10
2171 90
2170 66
2169 60
2168 49
2167 27
2166 77
2165 94
2164 25
2163 69
2162 56
2161 54
2160 8
2159 19
2158 65
2157 17
2156 33
2155 32
2154 1
2153 90
2152 84
2151 87
2150 69
2149 47
2148 99
2147 64
2146 88
2145 29
2144 2
2143 35
2142 37
2141 2
2140 52
2139 82
2138 19
2137 88
2136 98
2135 99
2134 12
2133 32
2132 78
2131 56
2130 66
2129 92
2128 19
2127 47
2126 48
2125 0
2124 97
2123 77
2122 49
2121 51
2120 78
2119 17
2118 35
2117 28
2116 47
2115 36
2114 91
2113 81
2112 2
2111 3
2110 21
2109 66
2108 75
2107 6
2106 51
2105 22
2104 3
2103 28
2102 92
2101 86
2100 30
2099 91
2098 82
2097 18
2096 16
2095 6
2094 17
2093 47
2092 35
2091 14
2090 33
2089 94
2088 50
2087 43
2086 69
2085 32
2084 12
2083 72
2082 22
2081 72
2080 11
2079 38
2078 45
2077 65
2076 1
2075 16
2074 65
2073 70
2072 88
2071 75
2070 46
2069 67
2068 49
2067 21
2066 49
2065 11
2064 21
2063 83
2062 84
2061 2
2060 18
2059 23
2058 70
2057 4
2056 64
2055 64
2054 41
2053 57
2052 61
2051 37
2050 60
2049 20
2048 83
2047 22
2046 55
2045 69
2044 43
2043 4
2042 51
2041 86
2040 57
2039 27
2038 48
2037 56
2036 92
2035 89
2034 64
2033 94
2032 92
2031 77
2030 7
2029 34
2028 95
2027 61
2026 63
2025 6
2024 8
2023 89
2022 12
2021 12
2020 12
2019 85
2018 100
2017 93
2016 90
2015 33
2014 75
2013 54
2012 54
2011 37
2010 31
2009 9
2008 78
2007 91
2006 23
2005 44
2004 48
2003 32
2002 85
2001 97
2000 34
1999 6
1998 11
1997 62
1996 45
1995 20
1994 96
1993 88
1992 52
1991 91
1990 66
1989 86
1988 55
1987 59
1986 50
1985 43
1984 15
1983 12
1982 24
1981 61
1980 0
1979 43
1978 92
1977 95
1976 1
1975 45
1974 63
1973 72
1972 18
1971 3
1970 97
1969 63
1968 16
1967 35
1966 15
1965 88
1964 56
1963 13
1962 73
1961 14
1960 82
1959 93
1958 7
1957 21
1956 85
1955 46
1954 92
1953 31
1952 45
1951 98
1950 45
1949 11
1948 46
1947 40
1946 60
1945 60
1944 56
1943 42
1942 35
1941 94
1940 70
1939 28
1938 7
1937 20
1936 83
1935 10
1934 62
1933 44
1932 74
1931 41
1930 94
1929 23
1928 25
1927 10
1926 68
1925 62
1924 11
1923 42
1922 80
1921 14
1920 82
1919 77
1918 56
1917 96
1916 42
1915 94
1914 6
1913 64
1912 54
1911 7
1910 22
1909 39
1908 67
1907 69
1906 74
1905 47
1904 17
1903 54
1902 8
1901 70
1900 32
1899 91
1898 39
1897 32
1896 67
1895 99
1894 48
1893 70
1892 29
1891 81
1890 47
1889 23
1888 71
1887 38
1886 5
1885 53
1884 35
1883 64
1882 83
1881 27
1880 48
1879 11
1878 57
1877 44
1876 9
1875 86
1874 83
1873 18
1872 9
1871 41
1870 70
1869 39
1868 44
1867 51
1866 25
1865 22
1864 4
1863 88
1862 37
1861 6
1860 100
1859 39
1858 35
1857 67
1856 45
1855 75
1854 34
1853 95
1852 88
1851 34
1850 18
1849 58
1848 15
1847 82
1846 54
1845 22
1844 77
1843 45
1842 1
1841 10
1840 55
1839 25
1838 95
1837 55
1836 96
1835 59
1834 42
1833 44
1832 65
1831 92
1830 58
1829 59
1828 79
1827 65
1826 84
1825 1
1824 73
1823 87
1822 99
1821 13
1820 41
1819 91
1818 93
1817 53
1816 39
1815 50
1814 71
1813 94
1812 54
1811 70
1810 16
1809 46
1808 72
1807 43
1806 25
1805 95
1804 54
1803 93
1802 55
1801 98
1800 71
1799 67
1798 2
1797 97
1796 5
1795 31
1794 57
1793 47
1792 39
1791 98
1790 30
1789 75
1788 24
1787 6
1786 98
1785 30
1784 52
1783 74
1782 40
1781 13
1780 23
1779 43
1778 1
1777 1
1776 77
1775 14
1774 32
1773 17
1772 3
1771 64
1770 18
1769 65
1768 93
1767 43
1766 55
1765 36
1764 26
1763 93
1762 76
1761 17
1760 49
1759 17
1758 60
1757 92
1756 48
1755 91
1754 36
1753 77
1752 59
1751 21
1750 49
1749 87
1748 70
1747 5
1746 20
1745 90
1744 16
1743 79
1742 51
1741 87
1740 91
1739 26
1738 96
1737 46
1736 80
1735 48
1734 98
1733 40
1732 47
1731 46
1730 56
1729 52
1728 77
1727 69
1726 87
1725 76
1724 0
1723 32
1722 87
1721 91
1720 43
1719 42
1718 69
1717 30
1716 30
1715 48
1714 76
1713 72
1712 23
1711 97
1710 5
1709 70
1708 36
1707 82
1706 24
1705 26
1704 92
1703 95
1702 17
1701 55
1700 66
1699 64
1698 100
1697 28
1696 96
1695 0
1694 30
1693 50
1692 1
1691 45
1690 63
1689 42
1688 79
1687 61
1686 30
1685 33
1684 77
1683 2
1682 6
1681 72
1680 54
1679 19
1678 98
1677 3
1676 57
1675 98
1674 42
1673 6
1672 62
1671 29
1670 18
1669 82
1668 13
1667 88
1666 18
1665 87
1664 22
1663 68
1662 36
1661 64
1660 87
1659 46
1658 11
1657 91
1656 50
1655 52
1654 72
1653 81
1652 80
1651 20
1650 91
1649 64
1648 64
1647 24
1646 13
1645 7
1644 49
1643 64
1642 4
1641 24
1640 64
1639 14
1638 69
1637 21
1636 29
1635 68
1634 28
1633 60
1632 77
1631 65
1630 34
1629 71
1628 57
1627 29
1626 68
1625 95
1624 20
1623 10
1622 51
1621 40
1620 48
1619 83
1618 34
1617 16
1616 55
1615 87
1614 2
1613 65
1612 20
1611 93
1610 58
1609 21
1608 86
1607 35
1606 33
1605 23
1604 29
1603 66
1602 74
1601 18
1600 87
1599 18
1598 74
1597 76
1596 20
1595 70
1594 54
1593 38
1592 73
1591 38
1590 49
1589 73
1588 38
1587 69
1586 27
1585 86
1584 58
1583 15
1582 63
1581 58
1580 15
1579 46
1578 5
1577 89
1576 27
1575 7
1574 20
1573 66
1572 84
1571 27
1570 32
1569 84
1568 78
1567 36
1566 18
1565 9
1564 61
1563 29
1562 28
1561 83
1560 68
1559 57
1558 42
1557 76
1556 7
1555 57
1554 54
1553 31
1552 1
1551 91
1550 42
1549 60
1548 21
1547 57
1546 26
1545 22
1544 13
1543 40
1542 28
1541 11
1540 18
1539 21
1538 80
1537 93
1536 74
1535 58
1534 85
1533 12
1532 79
1531 60
1530 17
1529 40
1528 3
1527 35
1526 100
1525 22
1524 80
1523 9
1522 45
1521 44
1520 35
1519 69
1518 42
1517 45
1516 68
1515 38
1514 89
1513 75
1512 65
1511 79
1510 41
1509 70
1508 52
1507 91
1506 63
1505 0
1504 53
1503 50
1502 5
1501 2
1500 83
1499 70
1498 95
1497 69
1496 57
1495 81
1494 79
1493 22
1492 44
1491 99
1490 72
1489 96
1488 40
1487 89
1486 70
1485 9
1484 76
1483 6
1482 89
1481 33
1480 11
1479 50
1478 73
1477 82
1476 9
1475 62
1474 41
1473 95
1472 35
1471 75
1470 35
1469 94
1468 15
1467 59
1466 44
1465 94
1464 36
1463 35
1462 23
1461 19
1460 35
1459 47
1458 55
1457 38
1456 5
1455 5
1454 26
1453 22
1452 61
1451 15
1450 36
1449 92
1448 35
1447 66
1446 17
1445 29
1444 19
1443 28
1442 63
1441 88
1440 38
1439 70
1438 15
1437 31
1436 44
1435 46
1434 40
1433 77
1432 75
1431 85
1430 15
1429 51
1428 21
1427 73
1426 79
1425 25
1424 13
1423 36
1422 82
1421 28
1420 30
1419 54
1418 80
1417 70
1416 55
1415 36
1414 1
1413 24
1412 89
1411 70
1410 47
1409 82
1408 29
1407 0
1406 86
1405 3
1404 77
1403 35
1402 68
1401 49
1400 3
1399 26
1398 68
1397 90
1396 28
1395 87
1394 28
1393 77
1392 62
1391 96
1390 8
1389 48
1388 24
1387 62
1386 42
1385 40
1384 72
1383 21
1382 42
1381 92
1380 75
1379 42
1378 33
1377 46
1376 8
1375 57
1374 44
1373 82
1372 5
1371 40
1370 74
1369 93
1368 63
1367 54
1366 65
1365 32
1364 14
1363 92
1362 93
1361 38
1360 29
1359 3
1358 79
1357 66
1356 50
1355 39
1354 87
1353 3
1352 57
1351 40
1350 76
1349 40
1348 91
1347 64
1346 67
1345 36
1344 90
1343 92
1342 98
1341 63
1340 87
1339 13
1338 48
1337 51
1336 68
1335 35
1334 87
1333 36
1332 41
1331 0
1330 52
1329 84
1328 40
1327 56
1326 83
1325 43
1324 40
1323 9
1322 35
1321 87
1320 4
1319 86
1318 24
1317 4
1316 40
1315 46
1314 27
1313 91
1312 76
1311 66
1310 60
1309 100
1308 40
1307 33
1306 39
1305 57
1304 3
1303 70
1302 79
1301 25
1300 34
1299 27
1298 7
1297 77
1296 44
1295 38
1294 77
1293 87
1292 90
1291 43
1290 90
1289 5
1288 20
1287 22
1286 77
1285 100
1284 25
1283 52
1282 79
1281 72
1280 41
1279 73
1278 32
1277 21
1276 21
1275 97
1274 67
1273 17
1272 42
1271 50
1270 97
1269 52
1268 2
1267 21
1266 94
1265 39
1264 97
1263 92
1262 57
1261 79
1260 53
1259 66
1258 88
1257 25
1256 46
1255 27
1254 56
1253 71
1252 16
1251 61
1250 73
1249 46
1248 100
1247 1
1246 70
1245 24
1244 42
1243 4
1242 72
1241 52
1240 99
1239 86
1238 6
1237 31
1236 81
1235 83
1234 58
1233 52
1232 79
1231 63
1230 20
1229 63
1228 62
1227 31
1226 43
1225 88
1224 53
1223 13
1222 14
1221 48
1220 93
1219 72
1218 44
1217 9
1216 80
1215 39
1214 0
1213 51
1212 3
1211 15
1210 20
1209 63
1208 97
1207 46
1206 22
1205 52
1204 0
1203 90
1202 34
1201 30
1200 59
1199 38
1198 26
1197 52
1196 61
1195 2
1194 86
1193 64
1192 34
1191 99
1190 43
1189 8
1188 73
1187 4
1186 13
1185 94
1184 61
1183 93
1182 28
1181 92
1180 79
1179 96
1178 89
1177 10
1176 14
1175 60
1174 99
1173 6
1172 16
1171 25
1170 9
1169 52
1168 23
1167 60
1166 44
1165 99
1164 64
1163 83
1162 8
1161 7
1160 70
1159 52
1158 44
1157 71
1156 60
1155 0
1154 87
1153 36
1152 7
1151 41
1150 16
1149 20
1148 64
1147 33
1146 30
1145 95
1144 67
1143 29
1142 100
1141 93
1140 23
1139 0
1138 86
1137 7
1136 20
1135 95
1134 64
1133 86
1132 37
1131 0
1130 26
1129 37
1128 92
1127 90
1126 88
1125 30
1124 40
1123 40
1122 75
1121 44
1120 64
1119 38
1118 93
1117 62
1116 52
1115 56
1114 92
1113 47
1112 75
1111 44
1110 12
1109 32
1108 36
1107 71
1106 41
1105 32
1104 67
1103 50
1102 66
1101 12
1100 26
1099 21
1098 39
1097 87
1096 54
1095 48
1094 87
1093 25
1092 23
1091 44
1090 20
1089 20
1088 92
1087 46
1086 34
1085 100
1084 82
1083 43
1082 14
1081 55
1080 70
1079 36
1078 43
1077 62
1076 89
1075 38
1074 7
1073 24
1072 70
1071 78
1070 45
1069 63
1068 46
1067 52
1066 68
1065 10
1064 95
1063 3
1062 70
1061 83
1060 45
1059 22
1058 28
1057 4
1056 90
1055 28
1054 47
1053 2
1052 1
1051 29
1050 41
1049 60
1048 85
1047 68
1046 30
1045 43
1044 94
1043 66
1042 58
1041 11
1040 84
1039 93
1038 70
1037 43
1036 54
1035 60
1034 0
1033 64
1032 14
1031 39
1030 65
1029 54
1028 2
1027 92
1026 4
1025 95
1024 23
1023 2
1022 79
1021 27
1020 69
1019 91
1018 54
1017 64
1016 70
1015 0
1014 29
1013 79
1012 98
1011 64
1010 40
1009 5
1008 73
1007 74
1006 23
1005 3
1004 11
1003 26
1002 8
1001 72
1000 78
999 91
998 80
997 73
996 61
995 55
994 78
993 34
992 46
991 74
990 1
989 57
988 45
987 45
986 10
985 41
984 46
983 49
982 53
981 12
980 85
979 26
978 53
977 77
976 17
975 83
974 80
973 15
972 97
971 77
970 8
969 35
968 94
967 72
966 35
965 96
964 88
963 27
962 94
961 22
960 21
959 48
958 32
957 94
956 22
955 93
954 11
953 49
952 42
951 3
950 81
949 33
948 52
947 71
946 36
945 73
944 50
943 72
942 34
941 81
940 45
939 87
938 91
937 59
936 18
935 77
934 49
933 30
932 55
931 20
930 66
929 57
928 42
927 11
926 77
925 22
924 70
923 20
922 38
921 23
920 62
919 20
918 98
917 99
916 25
915 100
914 34
913 97
912 82
911 100
910 60
909 59
908 35
907 86
906 29
905 88
904 8
903 70
902 82
901 87
900 80
899 0
898 44
897 27
896 77
895 98
894 54
893 17
892 90
891 36
890 47
889 99
888 83
887 88
886 98
885 36
884 90
883 26
882 46
881 63
880 76
879 4
878 26
877 55
876 4
875 76
874 28
873 31
872 63
871 11
870 66
869 80
868 90
867 23
866 78
865 42
864 52
863 48
862 11
861 64
860 88
859 6
858 40
857 82
856 2
855 25
854 9
853 48
852 18
851 54
850 75
849 77
848 25
847 89
846 39
845 96
844 72
843 56
842 5
841 91
840 10
839 38
838 26
837 20
836 26
835 87
834 11
833 78
832 36
831 28
830 14
829 25
828 82
827 15
826 56
825 48
824 99
823 93
822 97
821 40
820 17
819 1
818 67
817 65
816 4
815 28
814 79
813 0
812 35
811 79
810 59
809 11
808 22
807 15
806 55
805 88
804 84
803 37
802 68
801 95
800 7
799 83
798 65
797 72
796 7
795 2
794 73
793 60
792 26
791 66
790 44
789 87
788 11
787 26
786 88
785 86
784 54
783 60
782 92
781 74
780 33
779 28
778 65
777 75
776 39
775 79
774 5
773 32
772 8
771 3
770 73
769 33
768 68
767 89
766 59
765 41
764 78
763 52
762 98
761 46
760 28
759 50
758 55
757 12
756 32
755 73
754 46
753 63
752 21
751 82
750 80
749 58
748 46
747 55
746 58
745 11
744 87
743 10
742 81
741 86
740 35
739 100
738 13
737 51
736 10
735 70
734 43
733 0
732 44
731 89
730 98
729 23
728 60
727 41
726 58
725 47
724 53
723 22
722 59
721 34
720 12
719 84
718 80
717 4
716 39
715 96
714 71
713 82
712 37
711 41
710 1
709 73
708 25
707 63
706 41
705 76
704 28
703 100
702 69
701 74
700 90
699 7
698 19
697 91
696 16
695 5
694 32
693 0
692 100
691 29
690 39
689 87
688 85
687 16
686 67
685 46
684 35
683 27
682 71
681 55
680 100
679 16
678 6
677 62
676 64
675 35
674 25
673 25
672 41
671 61
670 87
669 69
668 40
667 89
666 58
665 98
664 8
663 53
662 46
661 5
660 98
659 88
658 6
657 77
656 15
655 12
654 88
653 13
652 29
651 32
650 11
649 88
648 17
647 27
646 29
645 14
644 35
643 0
642 38
641 45
640 3
63