8500 66
8499 89
8498 1
8497 67
8496 21
8495 86
8494 46
8493 0
8492 21
8491 92
8490 28
8489 64
8488 2
8487 27
8486 47
8485 65
8484 51
8483 50
8482 48
8481 62
8480 21
8479 96
8478 64
8477 61
8476 78
8475 47
8474 12
8473 100
8472 93
8471 64
8470 8
8469 11
8468 22
8467 23
8466 97
8465 36
8464 47
8463 68
8462 71
8461 27
8460 60
8459 42
8458 61
8457 32
8456 34
8455 95
8454 51
8453 59
8452 54
8451 81
8450 52
8449 26
8448 78
8447 68
8446 6
8445 0
8444 91
8443 45
8442 48
8441 56
8440 58
8439 39
8438 28
8437 21
8436 55
8435 94
8434 61
8433 88
8432 59
8431 44
8430 34
8429 68
8428 98
8427 40
8426 72
8425 83
8424 66
8423 5
8422 73
8421 89
8420 10
8419 57
8418 34
8417 46
8416 89
8415 30
8414 76
8413 42
8412 67
8411 95
8410 97
8409 25
8408 52
8407 86
8406 55
8405 84
8404 81
8403 35
8402 46
8401 86
8400 2
8399 35
8398 78
8397 32
8396 85
8395 7
8394 8
8393 87
8392 29
8391 18
8390 65
8389 97
8388 29
8387 30
8386 37
8385 80
8384 78
8383 7
8382 80
8381 96
8380 46
8379 43
8378 85
8377 80
8376 8
8375 50
8374 59
8373 16
8372 84
8371 62
8370 27
8369 29
8368 1
8367 79
8366 49
8365 34
8364 87
8363 81
8362 77
8361 50
8360 25
8359 43
8358 49
8357 88
8356 52
8355 89
8354 19
8353 88
8352 84
8351 69
8350 59
8349 9
8348 38
8347 66
8346 11
8345 13
8344 4
8343 98
8342 27
8341 20
8340 13
8339 76
8338 6
8337 10
8336 73
8335 1
8334 96
8333 48
8332 77
8331 6
8330 66
8329 52
8328 98
8327 13
8326 84
8325 37
8324 61
8323 5
8322 19
8321 39
8320 69
8319 14
8318 52
8317 32
8316 5
8315 24
8314 100
8313 7
8312 1
8311 19
8310 72
8309 32
8308 90
8307 97
8306 21
8305 53
8304 26
8303 29
8302 26
8301 4
8300 35
8299 7
8298 85
8297 74
8296 87
8295 53
8294 46
8293 4
8292 36
8291 62
8290 9
8289 35
8288 23
8287 64
8286 70
8285 88
8284 58
8283 74
8282 5
8281 14
8280 92
8279 4
8278 51
8277 66
8276 78
8275 50
8274 43
8273 88
8272 70
8271 8
8270 67
8269 40
8268 81
8267 74
8266 76
8265 23
8264 48
8263 88
8262 82
8261 71
8260 30
8259 13
8258 60
8257 46
8256 45
8255 86
8254 33
8253 18
8252 70
8251 3
8250 5
8249 87
8248 60
8247 41
8246 45
8245 72
8244 22
8243 36
8242 45
8241 12
8240 31
8239 6
8238 80
8237 67
8236 23
8235 66
8234 71
8233 14
8232 43
8231 26
8230 3
8229 43
8228 31
8227 6
8226 79
8225 78
8224 78
8223 60
8222 58
8221 51
8220 77
8219 59
8218 77
8217 29
8216 62
8215 53
8214 4
8213 89
8212 40
8211 30
8210 97
8209 31
8208 32
8207 26
8206 65
8205 61
8204 5
8203 6
8202 20
8201 4
8200 100
8199 20
8198 54
8197 58
8196 40
8195 74
8194 85
8193 20
8192 21
8191 68
8190 31
8189 61
8188 43
8187 100
8186 47
8185 25
8184 35
8183 2
8182 89
8181 47
8180 71
8179 24
8178 52
8177 32
8176 38
8175 89
8174 80
8173 99
8172 62
8171 79
8170 67
8169 20
8168 14
8167 95
8166 20
8165 8
8164 37
8163 71
8162 84
8161 47
8160 5
8159 4
8158 33
8157 22
8156 26
8155 43
8154 78
8153 23
8152 11
8151 80
8150 48
8149 35
8148 31
8147 72
8146 76
8145 52
8144 80
8143 72
8142 95
8141 12
8140 13
8139 96
8138 66
8137 13
8136 53
8135 49
8134 75
8133 11
8132 31
8131 5
8130 62
8129 46
8128 96
8127 35
8126 87
8125 19
8124 79
8123 4
8122 22
8121 93
8120 46
8119 10
8118 98
8117 82
8116 13
8115 75
8114 28
8113 48
8112 81
8111 15
8110 62
8109 33
8108 70
8107 24
8106 37
8105 38
8104 25
8103 1
8102 69
8101 64
8100 33
8099 93
8098 65
8097 51
8096 3
8095 80
8094 83
8093 94
8092 67
8091 23
8090 39
8089 41
8088 90
8087 8
8086 22
8085 22
8084 30
8083 94
8082 8
8081 79
8080 35
8079 46
8078 32
8077 18
8076 70
8075 93
8074 75
8073 81
8072 63
8071 41
8070 61
8069 71
8068 34
8067 44
8066 0
8065 83
8064 94
8063 41
8062 77
8061 1
8060 1
8059 55
8058 15
8057 71
8056 46
8055 73
8054 50
8053 74
8052 30
8051 55
8050 8
8049 40
8048 48
8047 73
8046 50
8045 21
8044 91
8043 81
8042 50
8041 28
8040 66
8039 48
8038 22
8037 25
8036 89
8035 55
8034 37
8033 57
8032 89
8031 60
8030 80
8029 47
8028 24
8027 49
8026 55
8025 98
8024 28
8023 46
8022 27
8021 39
8020 34
8019 69
8018 13
8017 68
8016 31
8015 98
8014 17
8013 32
8012 44
8011 25
8010 4
8009 6
8008 25
8007 95
8006 79
8005 1
8004 33
8003 46
8002 39
8001 30
8000 46
7999 18
7998 28
7997 62
7996 66
7995 90
7994 69
7993 69
7992 45
7991 35
7990 16
7989 91
7988 36
7987 37
7986 13
7985 94
7984 60
7983 2
7982 50
7981 47
7980 88
7979 17
7978 7
7977 66
7976 78
7975 10
7974 94
7973 32
7972 64
7971 43
7970 14
7969 80
7968 31
7967 93
7966 53
7965 88
7964 93
7963 60
7962 28
7961 80
7960 18
7959 1
7958 4
7957 55
7956 24
7955 54
7954 3
7953 42
7952 82
7951 77
7950 65
7949 37
7948 7
7947 39
7946 65
7945 5
7944 66
7943 98
7942 30
7941 54
7940 33
7939 16
7938 26
7937 91
7936 88
7935 38
7934 81
7933 84
7932 92
7931 32
7930 27
7929 27
7928 56
7927 12
7926 32
7925 76
7924 74
7923 25
7922 83
7921 8
7920 28
7919 33
7918 24
7917 0
7916 72
7915 60
7914 64
7913 34
7912 34
7911 42
7910 13
7909 23
7908 63
7907 15
7906 83
7905 80
7904 84
7903 40
7902 47
7901 50
7900 53
7899 16
7898 69
7897 89
7896 63
7895 61
7894 32
7893 10
7892 20
7891 39
7890 13
7889 49
7888 71
7887 17
7886 44
7885 94
7884 22
7883 40
7882 32
7881 16
7880 40
7879 9
7878 4
7877 47
7876 44
7875 33
7874 96
7873 18
7872 13
7871 36
7870 38
7869 62
7868 79
7867 68
7866 66
7865 10
7864 39
7863 14
7862 26
7861 96
7860 2
7859 60
7858 22
7857 44
7856 48
7855 45
7854 29
7853 18
7852 51
7851 32
7850 71
7849 11
7848 47
7847 37
7846 80
7845 30
7844 54
7843 7
7842 7
7841 64
7840 71
7839 76
7838 8
7837 48
7836 95
7835 53
7834 91
7833 51
7832 44
7831 25
7830 22
7829 33
7828 96
7827 50
7826 79
7825 50
7824 7
7823 71
7822 41
7821 59
7820 23
7819 15
7818 27
7817 68
7816 12
7815 72
7814 16
7813 72
7812 62
7811 99
7810 65
7809 94
7808 60
7807 49
7806 93
7805 3
7804 90
7803 77
7802 82
7801 33
7800 62
7799 21
7798 12
7797 29
7796 38
7795 67
7794 91
7793 52
7792 12
7791 81
7790 15
7789 70
7788 75
7787 99
7786 50
7785 47
7784 59
7783 14
7782 24
7781 65
7780 12
7779 93
7778 89
7777 40
7776 63
7775 46
7774 64
7773 60
7772 53
7771 94
7770 60
7769 87
7768 14
7767 70
7766 35
7765 87
7764 84
7763 23
7762 14
7761 67
7760 34
7759 44
7758 90
7757 19
7756 17
7755 89
7754 46
7753 30
7752 36
7751 3
7750 7
7749 95
7748 3
7747 2
7746 24
7745 97
7744 51
7743 92
7742 20
7741 18
7740 47
7739 57
7738 71
7737 69
7736 24
7735 98
7734 1
7733 63
7732 54
7731 0
7730 2
7729 29
7728 79
7727 62
7726 44
7725 10
7724 70
7723 62
7722 86
7721 95
7720 32
7719 36
7718 45
7717 98
7716 14
7715 98
7714 86
7713 30
7712 84
7711 47
7710 84
7709 37
7708 5
7707 51
7706 5
7705 0
7704 51
7703 25
7702 57
7701 35
7700 75
7699 19
7698 47
7697 80
7696 59
7695 46
7694 49
7693 60
7692 84
7691 65
7690 16
7689 67
7688 44
7687 99
7686 1
7685 51
7684 39
7683 95
7682 87
7681 60
7680 58
7679 12
7678 20
7677 12
7676 99
7675 47
7674 5
7673 89
7672 74
7671 14
7670 4
7669 70
7668 80
7667 21
7666 54
7665 74
7664 4
7663 50
7662 33
7661 91
7660 92
7659 54
7658 81
7657 12
7656 98
7655 37
7654 55
7653 29
7652 66
7651 48
7650 92
7649 77
7648 36
7647 69
7646 48
7645 30
7644 31
7643 27
7642 90
7641 62
7640 98
7639 63
7638 33
7637 36
7636 72
7635 50
7634 75
7633 94
7632 19
7631 73
7630 49
7629 80
7628 31
7627 66
7626 51
7625 7
7624 90
7623 70
7622 54
7621 55
7620 76
7619 69
7618 25
7617 60
7616 95
7615 50
7614 33
7613 59
7612 36
7611 95
7610 94
7609 91
7608 47
7607 14
7606 0
7605 82
7604 80
7603 15
7602 15
7601 85
7600 2
7599 43
7598 32
7597 89
7596 50
7595 51
7594 33
7593 8
7592 89
7591 96
7590 95
7589 83
7588 88
7587 68
7586 70
7585 73
7584 89
7583 59
7582 98
7581 19
7580 62
7579 70
7578 99
7577 53
7576 70
7575 22
7574 96
7573 94
7572 5
7571 10
7570 20
7569 22
7568 29
7567 45
7566 22
7565 78
7564 73
7563 20
7562 86
7561 8
7560 45
7559 94
7558 59
7557 79
7556 71
7555 77
7554 9
7553 86
7552 31
7551 9
7550 25
7549 71
7548 37
7547 28
7546 37
7545 21
7544 96
7543 86
7542 54
7541 18
7540 2
7539 20
7538 43
7537 69
7536 52
7535 92
7534 45
7533 72
7532 48
7531 43
7530 40
7529 21
7528 72
7527 13
7526 37
7525 63
7524 18
7523 8
7522 13
7521 47
7520 90
7519 81
7518 8
7517 26
7516 84
7515 45
7514 60
7513 96
7512 50
7511 42
7510 47
7509 1
7508 8
7507 49
7506 32
7505 1
7504 94
7503 71
7502 94
7501 17
7500 34
7499 24
7498 78
7497 49
7496 61
7495 79
7494 82
7493 52
7492 2
7491 38
7490 88
7489 45
7488 68
7487 32
7486 26
7485 95
7484 74
7483 48
7482 44
7481 54
7480 81
7479 37
7478 32
7477 14
7476 45
7475 69
7474 84
7473 24
7472 5
7471 75
7470 58
7469 11
7468 50
7467 5
7466 62
7465 89
7464 2
7463 66
7462 13
7461 29
7460 83
7459 61
7458 34
7457 18
7456 68
7455 28
7454 29
7453 86
7452 40
7451 14
7450 57
7449 83
7448 66
7447 78
7446 70
7445 45
7444 74
7443 92
7442 93
7441 89
7440 4
7439 35
7438 1
7437 62
7436 14
7435 77
7434 35
7433 42
7432 15
7431 18
7430 86
7429 49
7428 32
7427 98
7426 12
7425 58
7424 36
7423 92
7422 59
7421 30
7420 31
7419 8
7418 36
7417 60
7416 23
7415 31
7414 7
7413 30
7412 13
7411 59
7410 35
7409 27
7408 52
7407 2
7406 12
7405 91
7404 72
7403 14
7402 39
7401 7
7400 2
7399 71
7398 2
7397 69
7396 18
7395 7
7394 74
7393 26
7392 62
7391 34
7390 40
7389 46
7388 18
7387 63
7386 59
7385 89
7384 44
7383 78
7382 26
7381 94
7380 18
7379 91
7378 7
7377 64
7376 71
7375 9
7374 68
7373 27
7372 11
7371 56
7370 61
7369 40
7368 58
7367 79
7366 7
7365 44
7364 62
7363 88
7362 37
7361 35
7360 54
7359 79
7358 0
7357 42
7356 5
7355 96
7354 14
7353 39
7352 35
7351 37
7350 21
7349 24
7348 11
7347 49
7346 5
7345 5
7344 39
7343 71
7342 45
7341 78
7340 2
7339 37
7338 6
7337 53
7336 100
7335 18
7334 72
7333 60
7332 57
7331 49
7330 100
7329 0
7328 41
7327 32
7326 6
7325 63
7324 69
7323 17
7322 49
7321 83
7320 37
7319 87
7318 85
7317 19
7316 24
7315 100
7314 90
7313 78
7312 67
7311 30
7310 2
7309 27
7308 64
7307 41
7306 64
7305 68
7304 78
7303 70
7302 70
7301 83
7300 71
7299 3
7298 55
7297 62
7296 45
7295 12
7294 24
7293 25
7292 3
7291 93
7290 75
7289 71
7288 93
7287 83
7286 8
7285 51
7284 80
7283 12
7282 90
7281 3
7280 24
7279 18
7278 18
7277 78
7276 43
7275 31
7274 30
7273 23
7272 55
7271 92
7270 50
7269 56
7268 64
7267 1
7266 76
7265 46
7264 82
7263 19
7262 91
7261 41
7260 79
7259 30
7258 9
7257 61
7256 57
7255 73
7254 5
7253 76
7252 50
7251 36
7250 33
7249 97
7248 78
7247 55
7246 59
7245 14
7244 61
7243 35
7242 58
7241 45
7240 56
7239 16
7238 14
7237 14
7236 61
7235 78
7234 17
7233 26
7232 6
7231 8
7230 12
7229 73
7228 19
7227 3
7226 96
7225 96
7224 56
7223 53
7222 7
7221 85
7220 32
7219 11
7218 40
7217 37
7216 38
7215 98
7214 72
7213 54
7212 75
7211 12
7210 68
7209 4
7208 52
7207 9
7206 19
7205 0
7204 76
7203 47
7202 74
7201 59
7200 41
7199 33
7198 48
7197 80
7196 65
7195 50
7194 1
7193 68
7192 57
7191 43
7190 82
7189 60
7188 90
7187 80
7186 15
7185 11
7184 34
7183 91
7182 16
7181 41
7180 34
7179 40
7178 17
7177 1
7176 55
7175 78
7174 56
7173 17
7172 50
7171 44
7170 88
7169 50
7168 17
7167 47
7166 45
7165 56
7164 97
7163 43
7162 42
7161 21
7160 17
7159 31
7158 100
7157 66
7156 85
7155 8
7154 66
7153 84
7152 22
7151 78
7150 4
7149 2
7148 53
7147 80
7146 25
7145 37
7144 9
7143 37
7142 71
7141 97
7140 54
7139 10
7138 89
7137 65
7136 79
7135 28
7134 94
7133 33
7132 70
7131 81
7130 92
7129 53
7128 45
7127 22
7126 76
7125 15
7124 34
7123 80
7122 22
7121 92
7120 37
7119 68
7118 25
7117 81
7116 82
7115 61
7114 97
7113 15
7112 93
7111 36
7110 65
7109 83
7108 92
7107 27
7106 43
7105 69
7104 54
7103 16
7102 35
7101 71
7100 6
7099 37
7098 95
7097 48
7096 41
7095 80
7094 75
7093 74
7092 3
7091 88
7090 18
7089 12
7088 50
7087 37
7086 42
7085 87
7084 57
7083 25
7082 65
7081 64
7080 51
7079 41
7078 16
7077 32
7076 5
7075 60
7074 71
7073 80
7072 53
7071 41
7070 19
7069 40
7068 10
7067 5
7066 86
7065 76
7064 51
7063 93
7062 10
7061 7
7060 14
7059 69
7058 35
7057 78
7056 42
7055 16
7054 4
7053 41
7052 49
7051 67
7050 34
7049 13
7048 41
7047 34
7046 42
7045 89
7044 20
7043 19
7042 7
7041 45
7040 10
7039 31
7038 30
7037 75
7036 67
7035 97
7034 38
7033 25
7032 29
7031 58
7030 84
7029 92
7028 88
7027 78
7026 74
7025 60
7024 38
7023 81
7022 2
7021 62
7020 30
7019 13
7018 44
7017 75
7016 37
7015 81
7014 23
7013 8
7012 51
7011 32
7010 25
7009 70
7008 89
7007 81
7006 36
7005 35
7004 82
7003 67
7002 47
7001 3
7000 53
6999 45
6998 85
6997 6
6996 9
6995 26
6994 31
6993 54
6992 2
6991 60
6990 66
6989 39
6988 30
6987 6
6986 23
6985 93
6984 19
6983 42
6982 18
6981 66
6980 21
6979 59
6978 44
6977 0
6976 41
6975 66
6974 27
6973 47
6972 9
6971 4
6970 13
6969 31
6968 77
6967 32
6966 88
6965 25
6964 28
6963 99
6962 31
6961 47
6960 20
6959 15
6958 80
6957 94
6956 86
6955 77
6954 79
6953 9
6952 84
6951 20
6950 8
6949 43
6948 0
6947 89
6946 94
6945 27
6944 55
6943 10
6942 9
6941 89
6940 58
6939 37
6938 32
6937 6
6936 67
6935 72
6934 55
6933 53
6932 76
6931 36
6930 59
6929 92
6928 6
6927 40
6926 67
6925 58
6924 70
6923 92
6922 66
6921 33
6920 76
6919 85
6918 13
6917 22
6916 63
6915 54
6914 67
6913 9
6912 53
6911 82
6910 70
6909 8
6908 6
6907 3
6906 82
6905 74
6904 53
6903 30
6902 28
6901 91
6900 46
6899 95
6898 19
6897 99
6896 9
6895 86
6894 61
6893 33
6892 27
6891 3
6890 96
6889 51
6888 42
6887 65
6886 93
6885 12
6884 35
6883 18
6882 98
6881 81
6880 58
6879 22
6878 53
6877 6
6876 80
6875 47
6874 37
6873 42
6872 19
6871 6
6870 65
6869 19
6868 39
6867 37
6866 28
6865 3
6864 100
6863 93
6862 15
6861 74
6860 13
6859 94
6858 23
6857 43
6856 32
6855 22
6854 44
6853 95
6852 15
6851 12
6850 51
6849 51
6848 3
6847 16
6846 98
6845 31
6844 23
6843 2
6842 65
6841 93
6840 10
6839 74
6838 57
6837 80
6836 34
6835 67
6834 74
6833 82
6832 22
6831 99
6830 62
6829 84
6828 37
6827 22
6826 75
6825 45
6824 70
6823 57
6822 80
6821 80
6820 63
6819 13
6818 13
6817 19
6816 27
6815 67
6814 50
6813 20
6812 74
6811 8
6810 79
6809 94
6808 52
6807 62
6806 4
6805 27
6804 76
6803 63
6802 58
6801 3
6800 39
6799 57
6798 40
6797 32
6796 54
6795 41
6794 90
6793 50
6792 51
6791 60
6790 74
6789 52
6788 60
6787 81
6786 28
6785 49
6784 47
6783 60
6782 5
6781 44
6780 32
6779 45
6778 27
6777 5
6776 79
6775 22
6774 26
6773 96
6772 40
6771 24
6770 90
6769 74
6768 94
6767 39
6766 20
6765 59
6764 16
6763 75
6762 93
6761 78
6760 28
6759 32
6758 91
6757 14
6756 27
6755 22
6754 61
6753 87
6752 60
6751 48
6750 62
6749 2
6748 26
6747 94
6746 22
6745 2
6744 16
6743 52
6742 99
6741 58
6740 12
6739 43
6738 54
6737 47
6736 69
6735 70
6734 80
6733 90
6732 8
6731 71
6730 94
6729 29
6728 56
6727 48
6726 74
6725 32
6724 97
6723 56
6722 44
6721 44
6720 76
6719 23
6718 71
6717 23
6716 80
6715 31
6714 94
6713 97
6712 94
6711 12
6710 35
6709 5
6708 67
6707 28
6706 95
6705 19
6704 42
6703 83
6702 53
6701 4
6700 17
6699 13
6698 11
6697 40
6696 70
6695 59
6694 94
6693 4
6692 67
6691 71
6690 57
6689 92
6688 91
6687 1
6686 95
6685 39
6684 8
6683 71
6682 52
6681 66
6680 57
6679 85
6678 14
6677 87
6676 33
6675 57
6674 78
6673 36
6672 19
6671 86
6670 32
6669 3
6668 76
6667 40
6666 89
6665 15
6664 53
6663 71
6662 14
6661 34
6660 6
6659 80
6658 8
6657 49
6656 85
6655 1
6654 61
6653 80
6652 47
6651 72
6650 84
6649 12
6648 39
6647 88
6646 32
6645 58
6644 31
6643 66
6642 2
6641 76
6640 75
6639 30
6638 35
6637 35
6636 75
6635 58
6634 37
6633 63
6632 50
6631 18
6630 23
6629 96
6628 16
6627 40
6626 63
6625 15
6624 56
6623 69
6622 96
6621 30
6620 41
6619 69
6618 9
6617 50
6616 93
6615 64
6614 25
6613 42
6612 60
6611 86
6610 31
6609 13
6608 71
6607 64
6606 100
6605 30
6604 26
6603 27
6602 69
6601 78
6600 7
6599 65
6598 79
6597 64
6596 70
6595 63
6594 67
6593 68
6592 97
6591 59
6590 84
6589 41
6588 39
6587 64
6586 50
6585 29
6584 58
6583 92
6582 84
6581 19
6580 17
6579 75
6578 48
6577 60
6576 74
6575 96
6574 70
6573 38
6572 51
6571 78
6570 62
6569 28
6568 65
6567 91
6566 23
6565 81
6564 81
6563 63
6562 16
6561 72
6560 47
6559 65
6558 5
6557 11
6556 41
6555 35
6554 86
6553 28
6552 48
6551 100
6550 8
6549 62
6548 40
6547 89
6546 53
6545 84
6544 33
6543 31
6542 85
6541 28
6540 17
6539 28
6538 9
6537 50
6536 70
6535 97
6534 8
6533 10
6532 46
6531 95
6530 65
6529 42
6528 78
6527 41
6526 39
6525 81
6524 94
6523 88
6522 59
6521 73
6520 13
6519 12
6518 91
6517 5
6516 17
6515 99
6514 53
6513 76
6512 75
6511 95
6510 83
6509 97
6508 13
6507 32
6506 68
6505 84
6504 13
6503 49
6502 54
6501 63
6500 49
6499 57
6498 96
6497 1
6496 16
6495 34
6494 68
6493 35
6492 26
6491 75
6490 71
6489 23
6488 48
6487 27
6486 29
6485 64
6484 81
6483 65
6482 80
6481 57
6480 27
6479 86
6478 84
6477 36
6476 28
6475 37
6474 65
6473 18
6472 11
6471 91
6470 95
6469 14
6468 77
6467 89
6466 8
6465 81
6464 48
6463 11
6462 90
6461 50
6460 83
6459 34
6458 79
6457 64
6456 48
6455 90
6454 73
6453 73
6452 37
6451 66
6450 41
6449 6
6448 6
6447 19
6446 12
6445 10
6444 38
6443 31
6442 25
6441 44
6440 88
6439 1
6438 82
6437 58
6436 91
6435 2
6434 70
6433 46
6432 88
6431 99
6430 30
6429 82
6428 49
6427 94
6426 34
6425 57
6424 41
6423 31
6422 45
6421 85
6420 17
6419 47
6418 94
6417 87
6416 83
6415 78
6414 38
6413 65
6412 62
6411 99
6410 32
6409 8
6408 31
6407 23
6406 10
6405 87
6404 83
6403 6
6402 41
6401 85
6400 9
6399 78
6398 58
6397 98
6396 10
6395 90
6394 80
6393 24
6392 33
6391 12
6390 5
6389 95
6388 23
6387 59
6386 28
6385 98
6384 21
6383 70
6382 21
6381 70
6380 30
6379 67
6378 42
6377 86
6376 83
6375 31
6374 71
6373 71
6372 84
6371 26
6370 9
6369 93
6368 83
6367 100
6366 72
6365 19
6364 19
6363 94
6362 89
6361 4
6360 4
6359 20
6358 45
6357 72
6356 67
6355 50
6354 2
6353 95
6352 64
6351 66
6350 41
6349 26
6348 91
6347 69
6346 94
6345 52
6344 4
6343 40
6342 55
6341 66
6340 53
6339 86
6338 21
6337 39
6336 38
6335 14
6334 52
6333 76
6332 67
6331 43
6330 33
6329 35
6328 72
6327 10
6326 49
6325 70
6324 41
6323 77
6322 14
6321 64
6320 18
6319 19
6318 99
6317 54
6316 81
6315 87
6314 11
6313 30
6312 70
6311 90
6310 91
6309 23
6308 61
6307 28
6306 26
6305 99
6304 69
6303 27
6302 91
6301 64
6300 55
6299 57
6298 21
6297 37
6296 15
6295 30
6294 43
6293 36
6292 75
6291 77
6290 66
6289 97
6288 58
6287 16
6286 36
6285 0
6284 82
6283 48
6282 63
6281 54
6280 80
6279 64
6278 95
6277 21
6276 84
6275 16
6274 86
6273 84
6272 67
6271 36
6270 78
6269 18
6268 31
6267 51
6266 70
6265 64
6264 65
6263 63
6262 36
6261 91
6260 60
6259 53
6258 95
6257 89
6256 92
6255 24
6254 25
6253 26
6252 71
6251 72
6250 16
6249 58
6248 25
6247 53
6246 53
6245 73
6244 19
6243 81
6242 95
6241 51
6240 82
6239 49
6238 44
6237 94
6236 19
6235 99
6234 42
6233 19
6232 47
6231 47
6230 58
6229 59
6228 25
6227 89
6226 98
6225 41
6224 14
6223 65
6222 11
6221 20
6220 23
6219 98
6218 15
6217 18
6216 74
6215 91
6214 61
6213 52
6212 89
6211 81
6210 37
6209 12
6208 62
6207 3
6206 81
6205 58
6204 50
6203 69
6202 23
6201 5
6200 68
6199 45
6198 26
6197 91
6196 52
6195 5
6194 28
6193 81
6192 97
6191 41
6190 94
6189 86
6188 40
6187 67
6186 55
6185 4
6184 82
6183 63
6182 9
6181 59
6180 21
6179 10
6178 45
6177 45
6176 16
6175 20
6174 88
6173 23
6172 90
6171 0
6170 93
6169 69
6168 16
6167 66
6166 24
6165 33
6164 0
6163 91
6162 38
6161 84
6160 13
6159 76
6158 17
6157 61
6156 97
6155 85
6154 45
6153 60
6152 17
6151 55
6150 78
6149 81
6148 25
6147 86
6146 98
6145 6
6144 17
6143 54
6142 39
6141 23
6140 63
6139 27
6138 3
6137 21
6136 6
6135 23
6134 66
6133 31
6132 48
6131 33
6130 74
6129 22
6128 53
6127 88
6126 18
6125 72
6124 49
6123 3
6122 100
6121 30
6120 81
6119 39
6118 34
6117 76
6116 49
6115 76
6114 99
6113 57
6112 65
6111 61
6110 66
6109 34
6108 78
6107 39
6106 52
6105 42
6104 67
6103 27
6102 97
6101 82
6100 5
6099 21
6098 77
6097 12
6096 62
6095 87
6094 36
6093 26
6092 27
6091 51
6090 85
6089 74
6088 2
6087 6
6086 74
6085 1
6084 50
6083 17
6082 79
6081 11
6080 18
6079 49
6078 95
6077 74
6076 51
6075 15
6074 97
6073 36
6072 14
6071 7
6070 62
6069 74
6068 32
6067 87
6066 39
6065 47
6064 100
6063 5
6062 10
6061 2
6060 58
6059 49
6058 67
6057 63
6056 3
6055 66
6054 37
6053 27
6052 59
6051 0
6050 14
6049 72
6048 99
6047 87
6046 34
6045 34
6044 16
6043 11
6042 26
6041 70
6040 66
6039 92
6038 38
6037 51
6036 16
6035 52
6034 35
6033 36
6032 74
6031 14
6030 53
6029 70
6028 32
6027 41
6026 41
6025 75
6024 8
6023 20
6022 25
6021 89
6020 60
6019 18
6018 46
6017 17
6016 18
6015 22
6014 92
6013 40
6012 86
6011 40
6010 50
6009 58
6008 0
6007 70
6006 31
6005 73
6004 75
6003 12
6002 64
6001 34
6000 38
5999 43
5998 70
5997 62
5996 75
5995 47
5994 65
5993 48
5992 74
5991 17
5990 35
5989 58
5988 53
5987 36
5986 6
5985 77
5984 14
5983 100
5982 97
5981 34
5980 91
5979 43
5978 34
5977 65
5976 68
5975 29
5974 5
5973 47
5972 85
5971 93
5970 79
5969 97
5968 82
5967 84
5966 83
5965 58
5964 58
5963 21
5962 69
5961 83
5960 4
5959 0
5958 20
5957 63
5956 3
5955 33
5954 12
5953 93
5952 15
5951 49
5950 22
5949 86
5948 99
5947 90
5946 23
5945 24
5944 4
5943 50
5942 15
5941 38
5940 75
5939 4
5938 22
5937 35
5936 75
5935 100
5934 42
5933 23
5932 83
5931 46
5930 80
5929 82
5928 36
5927 5
5926 77
5925 89
5924 12
5923 76
5922 70
5921 2
5920 38
5919 3
5918 50
5917 62
5916 84
5915 64
5914 51
5913 8
5912 33
5911 5
5910 95
5909 8
5908 4
5907 80
5906 49
5905 67
5904 73
5903 84
5902 45
5901 70
5900 42
5899 55
5898 17
5897 68
5896 89
5895 66
5894 15
5893 83
5892 0
5891 35
5890 83
5889 43
5888 53
5887 4
5886 59
5885 24
5884 40
5883 83
5882 93
5881 40
5880 76
5879 52
5878 54
5877 76
5876 83
5875 38
5874 20
5873 23
5872 49
5871 58
5870 30
5869 22
5868 7
5867 92
5866 0
5865 72
5864 82
5863 80
5862 31
5861 93
5860 21
5859 32
5858 91
5857 1
5856 85
5855 12
5854 69
5853 55
5852 19
5851 0
5850 44
5849 35
5848 5
5847 94
5846 5
5845 99
5844 65
5843 94
5842 20
5841 21
5840 79
5839 48
5838 84
5837 87
5836 40
5835 73
5834 94
5833 30
5832 4
5831 34
5830 87
5829 60
5828 73
5827 13
5826 96
5825 98
5824 42
5823 88
5822 69
5821 67
5820 100
5819 78
5818 79
5817 74
5816 85
5815 1
5814 15
5813 35
5812 89
5811 34
5810 15
5809 100
5808 23
5807 76
5806 29
5805 88
5804 93
5803 77
5802 31
5801 57
5800 73
5799 21
5798 65
5797 55
5796 19
5795 10
5794 10
5793 5
5792 82
5791 79
5790 64
5789 87
5788 55
5787 0
5786 63
5785 76
5784 12
5783 76
5782 34
5781 88
5780 99
5779 100
5778 22
5777 80
5776 64
5775 23
5774 56
5773 70
5772 65
5771 72
5770 91
5769 92
5768 70
5767 1
5766 2
5765 0
5764 12
5763 56
5762 56
5761 13
5760 43
5759 32
5758 40
5757 19
5756 85
5755 3
5754 75
5753 76
5752 83
5751 92
5750 80
5749 98
5748 63
5747 75
5746 32
5745 59
5744 66
5743 8
5742 27
5741 5
5740 16
5739 78
5738 59
5737 50
5736 81
5735 37
5734 82
5733 62
5732 42
5731 27
5730 26
5729 51
5728 9
5727 90
5726 22
5725 14
5724 15
5723 41
5722 27
5721 90
5720 62
5719 100
5718 27
5717 0
5716 23
5715 77
5714 76
5713 60
5712 99
5711 72
5710 100
5709 67
5708 99
5707 93
5706 28
5705 89
5704 73
5703 38
5702 88
5701 72
5700 30
5699 22
5698 93
5697 18
5696 43
5695 72
5694 11
5693 50
5692 56
5691 91
5690 90
5689 27
5688 30
5687 59
5686 93
5685 38
5684 62
5683 21
5682 0
5681 82
5680 50
5679 11
5678 89
5677 100
5676 19
5675 54
5674 17
5673 39
5672 5
5671 35
5670 78
5669 78
5668 19
5667 99
5666 42
5665 59
5664 76
5663 10
5662 11
5661 53
5660 95
5659 40
5658 4
5657 90
5656 59
5655 37
5654 21
5653 51
5652 3
5651 50
5650 66
5649 76
5648 94
5647 20
5646 76
5645 37
5644 83
5643 36
5642 10
5641 87
5640 52
5639 79
5638 17
5637 28
5636 40
5635 73
5634 68
5633 29
5632 51
5631 72
5630 76
5629 71
5628 54
5627 81
5626 53
5625 79
5624 7
5623 10
5622 67
5621 72
5620 14
5619 79
5618 15
5617 49
5616 22
5615 79
5614 0
5613 75
5612 69
5611 39
5610 38
5609 18
5608 85
5607 93
5606 66
5605 50
5604 67
5603 19
5602 43
5601 74
5600 76
5599 61
5598 71
5597 6
5596 45
5595 44
5594 5
5593 61
5592 19
5591 89
5590 46
5589 31
5588 42
5587 31
5586 97
5585 67
5584 30
5583 78
5582 84
5581 15
5580 81
5579 63
5578 35
5577 86
5576 72
5575 78
5574 96
5573 25
5572 21
5571 58
5570 57
5569 6
5568 60
5567 82
5566 33
5565 15
5564 89
5563 43
5562 84
5561 8
5560 54
5559 14
5558 47
5557 59
5556 13
5555 94
5554 94
5553 82
5552 26
5551 68
5550 80
5549 51
5548 5
5547 56
5546 33
5545 70
5544 35
5543 21
5542 89
5541 1
5540 36
5539 23
5538 68
5537 24
5536 76
5535 81
5534 68
5533 93
5532 28
5531 92
5530 16
5529 99
5528 69
5527 87
5526 49
5525 34
5524 59
5523 65
5522 41
5521 88
5520 73
5519 38
5518 56
5517 13
5516 14
5515 23
5514 43
5513 20
5512 25
5511 79
5510 67
5509 95
5508 93
5507 67
5506 11
5505 64
5504 25
5503 46
5502 9
5501 82
5500 14
5499 35
5498 74
5497 80
5496 72
5495 86
5494 63
5493 0
5492 59
5491 9
5490 86
5489 41
5488 79
5487 51
5486 31
5485 23
5484 22
5483 18
5482 30
5481 41
5480 15
5479 23
5478 80
5477 57
5476 24
5475 19
5474 69
5473 85
5472 64
5471 20
5470 68
5469 55
5468 15
5467 52
5466 85
5465 10
5464 3
5463 26
5462 12
5461 61
5460 31
5459 60
5458 89
5457 80
5456 17
5455 45
5454 17
5453 3
5452 11
5451 42
5450 80
5449 78
5448 23
5447 50
5446 10
5445 45
5444 53
5443 28
5442 82
5441 69
5440 40
5439 74
5438 24
5437 13
5436 66
5435 32
5434 40
5433 54
5432 77
5431 18
5430 10
5429 32
5428 56
5427 7
5426 84
5425 55
5424 77
5423 23
5422 73
5421 42
5420 64
5419 4
5418 31
5417 16
5416 45
5415 32
5414 4
5413 48
5412 37
5411 3
5410 65
5409 81
5408 83
5407 21
5406 12
5405 75
5404 30
5403 100
5402 20
5401 11
5400 80
5399 45
5398 66
5397 92
5396 91
5395 81
5394 6
5393 82
5392 88
5391 12
5390 4
5389 71
5388 31
5387 27
5386 54
5385 87
5384 81
5383 42
5382 33
5381 51
5380 7
5379 15
5378 99
5377 2
5376 3
5375 33
5374 25
5373 66
5372 89
5371 41
5370 61
5369 58
5368 14
5367 88
5366 25
5365 36
5364 10
5363 47
5362 45
5361 96
5360 28
5359 5
5358 78
5357 95
5356 51
5355 6
5354 71
5353 42
5352 50
5351 53
5350 68
5349 56
5348 17
5347 69
5346 50
5345 2
5344 91
5343 93
5342 70
5341 99
5340 28
5339 12
5338 10
5337 1
5336 53
5335 70
5334 83
5333 77
5332 13
5331 62
5330 33
5329 21
5328 98
5327 73
5326 71
5325 8
5324 20
5323 43
5322 20
5321 16
5320 56
5319 5
5318 53
5317 5
5316 21
5315 60
5314 80
5313 10
5312 74
5311 6
5310 10
5309 43
5308 89
5307 47
5306 39
5305 18
5304 2
5303 6
5302 46
5301 78
5300 82
5299 90
5298 88
5297 58
5296 74
5295 99
5294 80
5293 32
5292 32
5291 47
5290 27
5289 79
5288 38
5287 25
5286 33
5285 3
5284 59
5283 8
5282 0
5281 29
5280 52
5279 5
5278 96
5277 97
5276 86
5275 53
5274 32
5273 10
5272 85
5271 16
5270 79
5269 56
5268 70
5267 85
5266 100
5265 67
5264 70
5263 79
5262 56
5261 96
5260 91
5259 34
5258 21
5257 11
5256 85
5255 64
5254 4
5253 60
5252 1
5251 39
5250 31
5249 46
5248 90
5247 62
5246 8
5245 36
5244 13
5243 73
5242 95
5241 77
5240 25
5239 1
5238 66
5237 39
5236 24
5235 93
5234 64
5233 87
5232 71
5231 9
5230 71
5229 70
5228 61
5227 23
5226 91
5225 12
5224 57
5223 6
5222 89
5221 10
5220 13
5219 8
5218 65
5217 87
5216 45
5215 56
5214 70
5213 78
5212 3
5211 24
5210 15
5209 32
5208 30
5207 19
5206 21
5205 2
5204 57
5203 8
5202 31
5201 41
5200 77
5199 39
5198 8
5197 32
5196 96
5195 45
5194 86
5193 51
5192 74
5191 50
5190 3
5189 56
5188 65
5187 44
5186 32
5185 69
5184 71
5183 66
5182 55
5181 82
5180 19
5179 13
5178 7
5177 9
5176 95
5175 61
5174 16
5173 8
5172 56
5171 16
5170 67
5169 74
5168 57
5167 18
5166 18
5165 29
5164 97
5163 100
5162 93
5161 91
5160 16
5159 58
5158 78
5157 5
5156 95
5155 65
5154 84
5153 95
5152 35
5151 9
5150 37
5149 64
5148 42
5147 64
5146 44
5145 48
5144 33
5143 16
5142 83
5141 55
5140 39
5139 27
5138 22
5137 23
5136 41
5135 34
5134 69
5133 75
5132 55
5131 33
5130 87
5129 57
5128 50
5127 92
5126 7
5125 17
5124 33
5123 12
5122 23
5121 9
5120 59
5119 36
5118 83
5117 19
5116 99
5115 79
5114 96
5113 24
5112 91
5111 22
5110 6
5109 93
5108 89
5107 60
5106 28
5105 4
5104 22
5103 50
5102 16
5101 54
5100 93
5099 0
5098 60
5097 13
5096 36
5095 6
5094 84
5093 97
5092 31
5091 96
5090 4
5089 72
5088 68
5087 42
5086 97
5085 89
5084 74
5083 84
5082 99
5081 76
5080 27
5079 23
5078 64
5077 83
5076 61
5075 53
5074 90
5073 45
5072 100
5071 100
5070 14
5069 54
5068 79
5067 36
5066 92
5065 39
5064 34
5063 33
5062 95
5061 67
5060 90
5059 83
5058 6
5057 49
5056 67
5055 99
5054 22
5053 65
5052 69
5051 41
5050 71
5049 28
5048 46
5047 73
5046 47
5045 58
5044 40
5043 92
5042 71
5041 27
5040 28
5039 4
5038 81
5037 73
5036 85
5035 23
5034 94
5033 89
5032 16
5031 50
5030 6
5029 64
5028 88
5027 72
5026 11
5025 64
5024 22
5023 74
5022 59
5021 84
5020 38
5019 82
5018 77
5017 50
5016 44
5015 2
5014 95
5013 65
5012 35
5011 26
5010 90
5009 77
5008 17
5007 30
5006 56
5005 88
5004 48
5003 31
5002 70
5001 21
5000 44
4999 78
4998 74
4997 34
4996 89
4995 9
4994 84
4993 30
4992 100
4991 65
4990 5
4989 82
4988 13
4987 65
4986 72
4985 46
4984 99
4983 87
4982 15
4981 61
4980 51
4979 39
4978 57
4977 61
4976 55
4975 29
4974 57
4973 62
4972 67
4971 16
4970 40
4969 6
4968 30
4967 36
4966 71
4965 53
4964 36
4963 49
4962 25
4961 71
4960 21
4959 25
4958 48
4957 1
4956 6
4955 28
4954 46
4953 81
4952 72
4951 63
4950 16
4949 4
4948 45
4947 78
4946 66
4945 4
4944 97
4943 10
4942 64
4941 53
4940 84
4939 93
4938 91
4937 72
4936 17
4935 49
4934 15
4933 88
4932 62
4931 100
4930 39
4929 94
4928 63
4927 1
4926 11
4925 41
4924 55
4923 0
4922 68
4921 0
4920 90
4919 38
4918 93
4917 33
4916 49
4915 96
4914 92
4913 79
4912 72
4911 7
4910 29
4909 91
4908 90
4907 3
4906 83
4905 48
4904 18
4903 13
4902 48
4901 46
4900 56
4899 11
4898 86
4897 88
4896 8
4895 66
4894 49
4893 46
4892 58
4891 0
4890 24
4889 54
4888 8
4887 69
4886 88
4885 62
4884 44
4883 55
4882 9
4881 2
4880 16
4879 3
4878 18
4877 17
4876 14
4875 28
4874 17
4873 76
4872 98
4871 19
4870 40
4869 60
4868 11
4867 47
4866 27
4865 1
4864 56
4863 59
4862 100
4861 10
4860 14
4859 68
4858 38
4857 17
4856 10
4855 63
4854 42
4853 71
4852 42
4851 56
4850 86
4849 93
4848 2
4847 18
4846 7
4845 37
4844 52
4843 82
4842 99
4841 68
4840 27
4839 32
4838 48
4837 71
4836 61
4835 91
4834 63
4833 80
4832 100
4831 90
4830 89
4829 82
4828 26
4827 13
4826 75
4825 42
4824 37
4823 58
4822 89
4821 15
4820 78
4819 5
4818 55
4817 23
4816 52
4815 28
4814 17
4813 92
4812 26
4811 91
4810 19
4809 85
4808 6
4807 25
4806 73
4805 32
4804 98
4803 51
4802 45
4801 55
4800 1
4799 88
4798 91
4797 93
4796 96
4795 33
4794 65
4793 17
4792 73
4791 15
4790 1
4789 31
4788 7
4787 53
4786 43
4785 63
4784 48
4783 67
4782 64
4781 48
4780 57
4779 97
4778 38
4777 56
4776 21
4775 77
4774 27
4773 61
4772 80
4771 93
4770 62
4769 82
4768 44
4767 76
4766 64
4765 47
4764 23
4763 75
4762 73
4761 81
4760 100
4759 4
4758 15
4757 79
4756 96
4755 47
4754 31
4753 24
4752 33
4751 2
4750 78
4749 10
4748 11
4747 30
4746 52
4745 72
4744 45
4743 78
4742 11
4741 71
4740 53
4739 99
4738 96
4737 7
4736 28
4735 22
4734 22
4733 1
4732 0
4731 4
4730 26
4729 10
4728 76
4727 17
4726 77
4725 2
4724 98
4723 71
4722 76
4721 62
4720 35
4719 30
4718 22
4717 73
4716 48
4715 17
4714 93
4713 11
4712 39
4711 14
4710 26
4709 77
4708 31
4707 61
4706 13
4705 48
4704 100
4703 19
4702 80
4701 77
4700 40
4699 94
4698 86
4697 4
4696 15
4695 84
4694 27
4693 80
4692 29
4691 41
4690 68
4689 74
4688 15
4687 0
4686 92
4685 71
4684 42
4683 86
4682 51
4681 94
4680 55
4679 90
4678 95
4677 64
4676 52
4675 36
4674 43
4673 29
4672 7
4671 45
4670 88
4669 87
4668 62
4667 98
4666 40
4665 69
4664 61
4663 25
4662 16
4661 59
4660 43
4659 57
4658 8
4657 96
4656 82
4655 37
4654 20
4653 39
4652 13
4651 71
4650 57
4649 79
4648 84
4647 48
4646 96
4645 50
4644 26
4643 28
4642 32
4641 37
4640 69
4639 41
4638 90
4637 5
4636 50
4635 26
4634 50
4633 100
4632 79
4631 23
4630 22
4629 58
4628 51
4627 8
4626 99
4625 90
4624 82
4623 15
4622 10
4621 28
4620 97
4619 93
4618 24
4617 71
4616 31
4615 76
4614 60
4613 14
4612 3
4611 35
4610 67
4609 100
4608 22
4607 50
4606 30
4605 51
4604 72
4603 79
4602 39
4601 34
4600 97
4599 71
4598 56
4597 73
4596 15
4595 30
4594 39
4593 60
4592 0
4591 70
4590 52
4589 0
4588 11
4587 95
4586 16
4585 39
4584 37
4583 79
4582 87
4581 90
4580 56
4579 25
4578 85
4577 80
4576 96
4575 30
4574 16
4573 68
4572 28
4571 97
4570 76
4569 62
4568 24
4567 43
4566 44
4565 27
4564 66
4563 20
4562 84
4561 34
4560 5
4559 65
4558 53
4557 16
4556 83
4555 54
4554 72
4553 27
4552 32
4551 28
4550 91
4549 51
4548 77
4547 78
4546 30
4545 27
4544 26
4543 30
4542 68
4541 65
4540 70
4539 47
4538 100
4537 81
4536 13
4535 41
4534 75
4533 56
4532 7
4531 72
4530 29
4529 72
4528 21
4527 19
4526 72
4525 1
4524 88
4523 21
4522 94
4521 31
4520 95
4519 77
4518 61
4517 39
4516 76
4515 17
4514 72
4513 80
4512 20
4511 43
4510 79
4509 19
4508 73
4507 93
4506 71
4505 0
4504 3
4503 61
4502 68
4501 64
4500 60
4499 99
4498 96
4497 67
4496 31
4495 68
4494 6
4493 65
4492 86
4491 0
4490 22
4489 55
4488 83
4487 61
4486 93
4485 40
4484 76
4483 42
4482 45
4481 92
4480 52
4479 87
4478 42
4477 67
4476 86
4475 97
4474 65
4473 34
4472 7
4471 31
4470 22
4469 56
4468 15
4467 12
4466 14
4465 11
4464 33
4463 5
4462 22
4461 71
4460 49
4459 18
4458 83
4457 98
4456 64
4455 95
4454 25
4453 3
4452 14
4451 92
4450 77
4449 69
4448 18
4447 27
4446 58
4445 56
4444 3
4443 39
4442 91
4441 70
4440 12
4439 84
4438 54
4437 10
4436 37
4435 87
4434 28
4433 92
4432 20
4431 6
4430 18
4429 65
4428 3
4427 7
4426 36
4425 1
4424 95
4423 12
4422 23
4421 18
4420 46
4419 67
4418 100
4417 77
4416 30
4415 33
4414 57
4413 93
4412 74
4411 9
4410 91
4409 19
4408 93
4407 51
4406 33
4405 47
4404 70
4403 46
4402 79
4401 5
4400 94
4399 87
4398 91
4397 6
4396 68
4395 48
4394 82
4393 82
4392 85
4391 84
4390 95
4389 56
4388 76
4387 85
4386 92
4385 50
4384 43
4383 70
4382 45
4381 49
4380 34
4379 72
4378 20
4377 64
4376 3
4375 65
4374 93
4373 48
4372 20
4371 5
4370 97
4369 54
4368 85
4367 80
4366 11
4365 36
4364 45
4363 78
4362 94
4361 90
4360 20
4359 100
4358 50
4357 46
4356 69
4355 92
4354 35
4353 67
4352 12
4351 57
4350 41
4349 60
4348 80
4347 75
4346 88
4345 65
4344 83
4343 54
4342 28
4341 40
4340 29
4339 100
4338 15
4337 46
4336 91
4335 57
4334 19
4333 80
4332 71
4331 67
4330 41
4329 26
4328 41
4327 30
4326 43
4325 10
4324 90
4323 16
4322 29
4321 39
4320 20
4319 38
4318 92
4317 16
4316 95
4315 35
4314 4
4313 69
4312 3
4311 38
4310 2
4309 21
4308 3
4307 35
4306 61
4305 11
4304 44
4303 53
4302 59
4301 14
4300 18
4299 37
4298 12
4297 85
4296 95
4295 0
4294 1
4293 98
4292 13
4291 4
4290 91
4289 94
4288 100
4287 72
4286 9
4285 49
4284 87
4283 29
4282 85
4281 28
4280 34
4279 24
4278 45
4277 59
4276 70
4275 94
4274 84
4273 31
4272 99
4271 45
4270 48
4269 43
4268 60
4267 31
4266 49
4265 54
4264 65
4263 85
4262 53
4261 17
4260 35
4259 63
4258 19
4257 64
4256 62
4255 43
4254 67
4253 74
4252 78
4251 65
4250 74
4249 99
4248 47
4247 61
4246 56
4245 26
4244 68
4243 93
4242 47
4241 10
4240 15
4239 29
4238 51
4237 64
4236 80
4235 0
4234 23
4233 99
4232 98
4231 0
4230 4
4229 65
4228 87
4227 26
4226 65
4225 83
4224 23
4223 27
4222 5
4221 99
4220 32
4219 22
4218 13
4217 91
4216 74
4215 65
4214 64
4213 5
4212 23
4211 30
4210 86
4209 30
4208 29
4207 92
4206 67
4205 50
4204 18
4203 76
4202 93
4201 50
4200 1
4199 50
4198 80
4197 84
4196 81
4195 17
4194 41
4193 47
4192 22
4191 35
4190 66
4189 19
4188 47
4187 75
4186 67
4185 34
4184 36
4183 74
4182 33
4181 47
4180 56
4179 92
4178 18
4177 7
4176 86
4175 8
4174 89
4173 50
4172 32
4171 89
4170 65
4169 73
4168 86
4167 90
4166 17
4165 22
4164 67
4163 82
4162 39
4161 18
4160 88
4159 16
4158 9
4157 10
4156 7
4155 80
4154 94
4153 95
4152 58
4151 32
4150 84
4149 44
4148 81
4147 2
4146 72
4145 42
4144 95
4143 31
4142 15
4141 7
4140 12
4139 77
4138 64
4137 29
4136 65
4135 23
4134 17
4133 85
4132 47
4131 4
4130 77
4129 92
4128 22
4127 80
4126 81
4125 41
4124 70
4123 20
4122 5
4121 76
4120 26
4119 12
4118 28
4117 34
4116 66
4115 8
4114 47
4113 64
4112 46
4111 47
4110 33
4109 99
4108 94
4107 73
4106 15
4105 65
4104 5
4103 51
4102 23
4101 88
4100 100
4099 65
4098 96
4097 3
4096 67
4095 65
4094 4
4093 91
4092 85
4091 14
4090 6
4089 23
4088 87
4087 31
4086 95
4085 21
4084 55
4083 3
4082 40
4081 7
4080 80
4079 55
4078 18
4077 86
4076 18
4075 43
4074 71
4073 26
4072 76
4071 6
4070 49
4069 35
4068 68
4067 23
4066 52
4065 48
4064 54
4063 69
4062 24
4061 48
4060 73
4059 36
4058 26
4057 34
4056 36
4055 28
4054 87
4053 21
4052 10
4051 57
4050 2
4049 80
4048 88
4047 72
4046 43
4045 91
4044 20
4043 78
4042 3
4041 20
4040 0
4039 51
4038 8
4037 71
4036 20
4035 59
4034 89
4033 82
4032 66
4031 55
4030 33
4029 5
4028 7
4027 42
4026 54
4025 90
4024 7
4023 13
4022 77
4021 31
4020 29
4019 14
4018 19
4017 90
4016 95
4015 39
4014 29
4013 18
4012 72
4011 31
4010 55
4009 85
4008 11
4007 96
4006 92
4005 15
4004 41
4003 53
4002 73
4001 17
4000 28
3999 18
3998 53
3997 24
3996 24
3995 83
3994 43
3993 65
3992 19
3991 81
3990 96
3989 15
3988 30
3987 34
3986 69
3985 11
3984 17
3983 82
3982 80
3981 36
3980 79
3979 76
3978 16
3977 34
3976 83
3975 6
3974 39
3973 47
3972 31
3971 53
3970 42
3969 40
3968 66
3967 0
3966 40
3965 7
3964 30
3963 75
3962 50
3961 28
3960 86
3959 15
3958 87
3957 55
3956 0
3955 63
3954 87
3953 33
3952 54
3951 29
3950 57
3949 27
3948 9
3947 14
3946 58
3945 36
3944 57
3943 72
3942 1
3941 64
3940 34
3939 44
3938 88
3937 69
3936 24
3935 25
3934 37
3933 17
3932 43
3931 31
3930 69
3929 75
3928 91
3927 3
3926 34
3925 42
3924 32
3923 17
3922 57
3921 82
3920 67
3919 9
3918 32
3917 13
3916 95
3915 35
3914 33
3913 12
3912 19
3911 56
3910 26
3909 59
3908 73
3907 43
3906 42
3905 48
3904 66
3903 52
3902 84
3901 70
3900 59
3899 51
3898 38
3897 70
3896 56
3895 37
3894 40
3893 78
3892 51
3891 67
3890 2
3889 25
3888 51
3887 81
3886 88
3885 8
3884 73
3883 21
3882 88
3881 64
3880 34
3879 46
3878 99
3877 83
3876 50
3875 65
3874 73
3873 20
3872 22
3871 50
3870 73
3869 38
3868 60
3867 100
3866 15
3865 41
3864 42
3863 54
3862 20
3861 41
3860 87
3859 57
3858 69
3857 20
3856 64
3855 17
3854 27
3853 3
3852 5
3851 73
3850 86
3849 84
3848 55
3847 17
3846 13
3845 72
3844 53
3843 36
3842 16
3841 17
3840 18
3839 24
3838 34
3837 34
3836 8
3835 84
3834 55
3833 52
3832 72
3831 4
3830 81
3829 35
3828 41
3827 37
3826 40
3825 44
3824 85
3823 64
3822 30
3821 70
3820 30
3819 53
3818 68
3817 34
3816 43
3815 29
3814 24
3813 46
3812 89
3811 54
3810 78
3809 77
3808 100
3807 24
3806 66
3805 29
3804 46
3803 82
3802 41
3801 66
3800 57
3799 91
3798 40
3797 32
3796 86
3795 58
3794 89
3793 57
3792 88
3791 5
3790 14
3789 5
3788 57
3787 14
3786 35
3785 72
3784 83
3783 36
3782 99
3781 93
3780 65
3779 99
3778 10
3777 81
3776 84
3775 46
3774 91
3773 93
3772 24
3771 71
3770 72
3769 11
3768 47
3767 26
3766 44
3765 25
3764 90
3763 7
3762 77
3761 99
3760 86
3759 83
3758 86
3757 73
3756 98
3755 70
3754 20
3753 44
3752 3
3751 29
3750 15
3749 94
3748 60
3747 46
3746 93
3745 66
3744 19
3743 80
3742 57
3741 25
3740 92
3739 37
3738 100
3737 83
3736 45
3735 42
3734 12
3733 95
3732 25
3731 20
3730 71
3729 39
3728 23
3727 82
3726 90
3725 53
3724 45
3723 26
3722 20
3721 95
3720 11
3719 29
3718 0
3717 41
3716 37
3715 75
3714 16
3713 44
3712 11
3711 11
3710 35
3709 90
3708 25
3707 92
3706 76
3705 70
3704 19
3703 42
3702 49
3701 99
3700 23
3699 21
3698 70
3697 62
3696 98
3695 68
3694 80
3693 16
3692 46
3691 93
3690 29
3689 4
3688 48
3687 71
3686 75
3685 52
3684 59
3683 70
3682 76
3681 85
3680 6
3679 78
3678 28
3677 27
3676 79
3675 66
3674 31
3673 91
3672 36
3671 68
3670 31
3669 83
3668 3
3667 7
3666 44
3665 46
3664 3
3663 31
3662 27
3661 83
3660 23
3659 38
3658 51
3657 54
3656 27
3655 47
3654 32
3653 85
3652 68
3651 91
3650 31
3649 44
3648 87
3647 42
3646 3
3645 11
3644 42
3643 73
3642 20
3641 85
3640 38
3639 58
3638 76
3637 19
3636 9
3635 6
3634 96
3633 97
3632 8
3631 79
3630 80
3629 26
3628 67
3627 72
3626 12
3625 39
3624 9
3623 39
3622 69
3621 12
3620 1
3619 66
3618 6
3617 54
3616 19
3615 52
3614 9
3613 16
3612 18
3611 54
3610 3
3609 79
3608 30
3607 40
3606 55
3605 58
3604 29
3603 33
3602 16
3601 24
3600 42
3599 99
3598 92
3597 3
3596 31
3595 9
3594 1
3593 51
3592 41
3591 72
3590 83
3589 32
3588 86
3587 19
3586 69
3585 51
3584 56
3583 20
3582 49
3581 14
3580 78
3579 63
3578 29
3577 15
3576 16
3575 85
3574 2
3573 10
3572 16
3571 52
3570 48
3569 99
3568 22
3567 7
3566 42
3565 96
3564 36
3563 77
3562 99
3561 10
3560 3
3559 56
3558 78
3557 36
3556 12
3555 94
3554 32
3553 51
3552 44
3551 20
3550 67
3549 12
3548 69
3547 62
3546 14
3545 78
3544 79
3543 94
3542 26
3541 82
3540 68
3539 81
3538 64
3537 50
3536 97
3535 4
3534 50
3533 9
3532 49
3531 10
3530 62
3529 57
3528 98
3527 94
3526 42
3525 79
3524 41
3523 0
3522 42
3521 11
3520 91
3519 6
3518 99
3517 94
3516 26
3515 16
3514 64
3513 21
3512 3
3511 20
3510 40
3509 95
3508 64
3507 64
3506 91
3505 12
3504 12
3503 72
3502 51
3501 19
3500 60
3499 40
3498 13
3497 5
3496 64
3495 69
3494 73
3493 12
3492 45
3491 37
3490 99
3489 11
3488 80
3487 47
3486 94
3485 38
3484 52
3483 16
3482 51
3481 98
3480 85
3479 20
3478 42
3477 68
3476 63
3475 11
3474 48
3473 49
3472 15
3471 17
3470 69
3469 2
3468 80
3467 77
3466 75
3465 47
3464 9
3463 58
3462 67
3461 49
3460 82
3459 24
3458 83
3457 28
3456 99
3455 84
3454 2
3453 92
3452 16
3451 88
3450 7
3449 50
3448 45
3447 1
3446 49
3445 54
3444 34
3443 55
3442 69
3441 56
3440 100
3439 31
3438 79
3437 19
3436 22
3435 3
3434 10
3433 18
3432 38
3431 9
3430 57
3429 19
3428 84
3427 59
3426 17
3425 50
3424 87
3423 69
3422 80
3421 98
3420 98
3419 92
3418 40
3417 1
3416 28
3415 69
3414 68
3413 26
3412 3
3411 60
3410 27
3409 6
3408 52
3407 15
3406 6
3405 21
3404 17
3403 30
3402 75
3401 22
3400 16
3399 28
3398 86
3397 32
3396 25
3395 35
3394 41
3393 96
3392 66
3391 29
3390 39
3389 56
3388 83
3387 60
3386 17
3385 50
3384 45
3383 8
3382 92
3381 59
3380 41
3379 57
3378 53
3377 16
3376 26
3375 30
3374 42
3373 96
3372 44
3371 13
3370 73
3369 78
3368 43
3367 4
3366 56
3365 28
3364 52
3363 92
3362 80
3361 4
3360 54
3359 76
3358 24
3357 80
3356 2
3355 43
3354 27
3353 90
3352 57
3351 60
3350 44
3349 31
3348 61
3347 96
3346 21
3345 40
3344 63
3343 77
3342 65
3341 10
3340 14
3339 20
3338 2
3337 57
3336 66
3335 78
3334 51
3333 68
3332 53
3331 95
3330 29
3329 57
3328 25
3327 73
3326 45
3325 62
3324 27
3323 60
3322 28
3321 4
3320 80
3319 30
3318 32
3317 46
3316 93
3315 21
3314 61
3313 97
3312 52
3311 34
3310 12
3309 100
3308 54
3307 9
3306 95
3305 13
3304 13
3303 80
3302 71
3301 12
3300 62
3299 40
3298 36
3297 11
3296 95
3295 19
3294 52
3293 95
3292 94
3291 37
3290 76
3289 21
3288 93
3287 98
3286 24
3285 81
3284 72
3283 37
3282 71
3281 90
3280 67
3279 59
3278 61
3277 40
3276 100
3275 97
3274 0
3273 37
3272 59
3271 43
3270 60
3269 69
3268 98
3267 38
3266 28
3265 58
3264 9
3263 87
3262 75
3261 21
3260 70
3259 70
3258 81
3257 100
3256 66
3255 20
3254 69
3253 88
3252 68
3251 86
3250 52
3249 23
3248 44
3247 83
3246 87
3245 73
3244 61
3243 41
3242 61
3241 70
3240 66
3239 22
3238 60
3237 7
3236 36
3235 59
3234 67
3233 100
3232 0
3231 42
3230 6
3229 99
3228 73
3227 10
3226 63
3225 55
3224 100
3223 4
3222 0
3221 49
3220 56
3219 92
3218 22
3217 44
3216 67
3215 67
3214 98
3213 18
3212 59
3211 70
3210 9
3209 31
3208 83
3207 92
3206 23
3205 26
3204 57
3203 89
3202 22
3201 18
3200 5
3199 92
3198 12
3197 83
3196 62
3195 22
3194 83
3193 9
3192 0
3191 10
3190 58
3189 61
3188 69
3187 20
3186 4
3185 47
3184 93
3183 16
3182 20
3181 1
3180 71
3179 74
3178 21
3177 90
3176 2
3175 36
3174 7
3173 32
3172 49
3171 35
3170 7
3169 86
3168 52
3167 39
3166 55
3165 37
3164 57
3163 12
3162 62
3161 82
3160 84
3159 50
3158 87
3157 63
3156 56
3155 25
3154 1
3153 80
3152 55
3151 24
3150 19
3149 31
3148 76
3147 27
3146 40
3145 39
3144 32
3143 30
3142 70
3141 39
3140 63
3139 66
3138 89
3137 6
3136 21
3135 33
3134 10
3133 33
3132 22
3131 67
3130 51
3129 6
3128 42
3127 86
3126 57
3125 67
3124 20
3123 82
3122 17
3121 66
3120 43
3119 43
3118 8
3117 35
3116 84
3115 54
3114 80
3113 12
3112 26
3111 50
3110 13
3109 0
3108 88
3107 13
3106 69
3105 9
3104 57
3103 2
3102 62
3101 54
3100 80
3099 74
3098 85
3097 84
3096 72
3095 98
3094 61
3093 34
3092 33
3091 82
3090 84
3089 34
3088 83
3087 20
3086 27
3085 71
3084 92
3083 13
3082 66
3081 10
3080 64
3079 58
3078 62
3077 44
3076 76
3075 8
3074 75
3073 59
3072 96
3071 71
3070 24
3069 43
3068 95
3067 10
3066 53
3065 36
3064 100
3063 11
3062 65
3061 13
3060 58
3059 8
3058 79
3057 71
3056 33
3055 14
3054 5
3053 97
3052 89
3051 33
3050 54
3049 32
3048 25
3047 62
3046 19
3045 93
3044 18
3043 4
3042 82
3041 84
3040 10
3039 30
3038 79
3037 59
3036 46
3035 78
3034 88
3033 52
3032 28
3031 55
3030 68
3029 26
3028 23
3027 4
3026 49
3025 33
3024 88
3023 28
3022 26
3021 23
3020 62
3019 99
3018 31
3017 17
3016 39
3015 16
3014 90
3013 29
3012 9
3011 71
3010 77
3009 1
3008 10
3007 33
3006 34
3005 82
3004 40
3003 71
3002 38
3001 44
3000 65
2999 58
2998 20
2997 53
2996 23
2995 56
2994 50
2993 94
2992 47
2991 77
2990 54
2989 48
2988 78
2987 48
2986 83
2985 57
2984 73
2983 27
2982 86
2981 13
2980 95
2979 83
2978 65
2977 53
2976 14
2975 28
2974 67
2973 83
2972 81
2971 72
2970 27
2969 92
2968 19
2967 71
2966 11
2965 65
2964 87
2963 39
2962 34
2961 10
2960 10
2959 75
2958 52
2957 82
2956 70
2955 37
2954 4
2953 87
2952 87
2951 99
2950 100
2949 75
2948 37
2947 33
2946 37
2945 27
2944 49
2943 96
2942 23
2941 18
2940 42
2939 100
2938 92
2937 98
2936 86
2935 19
2934 87
2933 15
2932 97
2931 11
2930 47
2929 32
2928 93
2927 62
2926 58
2925 84
2924 60
2923 96
2922 98
2921 79
2920 27
2919 17
2918 56
2917 53
2916 38
2915 18
2914 89
2913 13
2912 93
2911 93
2910 67
2909 56
2908 71
2907 53
2906 79
2905 94
2904 41
2903 64
2902 2
2901 19
2900 78
2899 1
2898 77
2897 54
2896 70
2895 5
2894 100
2893 89
2892 65
2891 92
2890 99
2889 52
2888 64
2887 49
2886 67
2885 21
2884 69
2883 9
2882 66
2881 61
2880 1
2879 51
2878 53
2877 51
2876 49
2875 47
2874 17
2873 98
2872 15
2871 79
2870 36
2869 25
2868 6
2867 42
2866 44
2865 45
2864 44
2863 24
2862 93
2861 82
2860 57
2859 27
2858 87
2857 46
2856 50
2855 99
2854 95
2853 25
2852 34
2851 26
2850 58
2849 66
2848 57
2847 67
2846 12
2845 23
2844 95
2843 38
2842 50
2841 21
2840 76
2839 75
2838 7
2837 36
2836 46
2835 36
2834 46
2833 5
2832 1
2831 38
2830 40
2829 59
2828 90
2827 3
2826 37
2825 76
2824 39
2823 55
2822 54
2821 59
2820 41
2819 74
2818 23
2817 50
2816 59
2815 36
2814 98
2813 24
2812 26
2811 45
2810 41
2809 86
2808 63
2807 10
2806 19
2805 58
2804 18
2803 65
2802 3
2801 69
2800 68
2799 80
2798 24
2797 8
2796 32
2795 12
2794 12
2793 91
2792 52
2791 33
2790 62
2789 8
2788 94
2787 6
2786 23
2785 14
2784 70
2783 11
2782 11
2781 68
2780 16
2779 59
2778 78
2777 98
2776 64
2775 9
2774 78
2773 33
2772 22
2771 64
2770 2
2769 27
2768 45
2767 41
2766 60
2765 5
2764 5
2763 37
2762 33
2761 48
2760 68
2759 63
2758 19
2757 80
2756 73
2755 53
2754 94
2753 22
2752 10
2751 17
2750 59
2749 76
2748 54
2747 15
2746 76
2745 67
2744 35
2743 3
2742 96
2741 3
2740 91
2739 75
2738 31
2737 88
2736 50
2735 64
2734 11
2733 27
2732 5
2731 81
2730 91
2729 81
2728 34
2727 45
2726 2
2725 7
2724 66
2723 15
2722 86
2721 68
2720 68
2719 38
2718 75
2717 38
2716 97
2715 18
2714 22
2713 45
2712 8
2711 41
2710 43
2709 83
2708 0
2707 59
2706 84
2705 84
2704 35
2703 44
2702 99
2701 86
2700 39
2699 32
2698 66
2697 56
2696 96
2695 20
2694 64
2693 14
2692 80
2691 8
2690 51
2689 25
2688 57
2687 39
2686 54
2685 71
2684 27
2683 67
2682 11
2681 6
2680 32
2679 71
2678 19
2677 36
2676 82
2675 29
2674 56
2673 100
2672 75
2671 12
2670 2
2669 83
2668 99
2667 64
2666 97
2665 60
2664 47
2663 72
2662 7
2661 6
2660 14
2659 59
2658 89
2657 94
2656 68
2655 30
2654 53
2653 64
2652 68
2651 99
2650 89
2649 20
2648 38
2647 71
2646 32
2645 92
2644 45
2643 76
2642 43
2641 92
2640 72
2639 27
2638 100
2637 5
2636 82
2635 96
2634 12
2633 38
2632 75
2631 76
2630 63
2629 68
2628 76
2627 36
2626 13
2625 23
2624 18
2623 55
2622 88
2621 96
2620 66
2619 95
2618 28
2617 34
2616 72
2615 97
2614 95
2613 68
2612 51
2611 100
2610 32
2609 78
2608 60
2607 76
2606 53
2605 54
2604 2
2603 95
2602 22
2601 58
2600 12
2599 12
2598 81
2597 81
2596 85
2595 76
2594 39
2593 98
2592 74
2591 61
2590 10
2589 95
2588 36
2587 74
2586 35
2585 5
2584 21
2583 77
2582 78
2581 65
2580 53
2579 82
2578 54
2577 17
2576 92
2575 85
2574 36
2573 46
2572 59
2571 8
2570 37
2569 0
2568 91
2567 34
2566 20
2565 13
2564 0
2563 70
2562 28
2561 32
2560 31
2559 92
2558 14
2557 11
2556 42
2555 21
2554 0
2553 52
2552 71
2551 59
2550 3
2549 64
2548 90
2547 99
2546 40
2545 51
2544 58
2543 83
2542 43
2541 1
2540 65
2539 63
2538 2
2537 41
2536 38
2535 60
2534 91
2533 36
2532 27
2531 47
2530 51
2529 98
2528 4
2527 32
2526 14
2525 32
2524 67
2523 32
2522 3
2521 22
2520 83
2519 64
2518 90
2517 35
2516 12
2515 32
2514 33
2513 42
2512 61
2511 97
2510 11
2509 59
2508 84
2507 32
2506 79
2505 21
2504 33
2503 12
2502 87
2501 70
2500 11
2499 64
2498 9
2497 63
2496 43
2495 71
2494 95
2493 1
2492 93
2491 49
2490 65
2489 33
2488 16
2487 61
2486 44
2485 47
2484 1
2483 53
2482 4
2481 42
2480 11
2479 68
2478 45
2477 95
2476 47
2475 31
2474 56
2473 41
2472 87
2471 68
2470 45
2469 66
2468 15
2467 33
2466 13
2465 53
2464 15
2463 46
2462 59
2461 56
2460 68
2459 0
2458 52
2457 80
2456 33
2455 25
2454 75
2453 50
2452 14
2451 83
2450 23
2449 16
2448 58
2447 5
2446 97
2445 39
2444 0
2443 30
2442 54
2441 50
2440 96
2439 75
2438 64
2437 13
2436 57
2435 47
2434 4
2433 34
2432 26
2431 84
2430 80
2429 68
2428 8
2427 17
2426 38
2425 37
2424 1
2423 71
2422 14
2421 30
2420 84
2419 81
2418 39
2417 69
2416 98
2415 22
2414 18
2413 4
2412 30
2411 74
2410 21
2409 91
2408 72
2407 73
2406 67
2405 12
2404 18
2403 99
2402 18
2401 16
2400 38
2399 16
2398 33
2397 100
2396 100
2395 23
2394 72
2393 0
2392 33
2391 40
2390 25
2389 77
2388 27
2387 86
2386 72
2385 99
2384 86
2383 11
2382 89
2381 33
2380 60
2379 61
2378 58
2377 99
2376 69
2375 70
2374 74
2373 10
2372 86
2371 92
2370 82
2369 7
2368 17
2367 25
2366 81
2365 98
2364 60
2363 68
2362 69
2361 58
2360 78
2359 33
2358 94
2357 5
2356 59
2355 42
2354 56
2353 37
2352 69
2351 71
2350 32
2349 93
2348 16
2347 75
2346 92
2345 64
2344 48
2343 34
2342 50
2341 37
2340 2
2339 27
2338 82
2337 89
2336 56
2335 96
2334 70
2333 99
2332 36
2331 34
2330 59
2329 53
2328 13
2327 59
2326 27
2325 7
2324 25
2323 17
2322 29
2321 67
2320 37
2319 29
2318 59
2317 1
2316 12
2315 51
2314 23
2313 84
2312 55
2311 54
2310 50
2309 71
2308 72
2307 75
2306 81
2305 45
2304 53
2303 97
2302 33
2301 80
2300 31
2299 58
2298 74
2297 30
2296 4
2295 64
2294 49
2293 21
2292 1
2291 41
2290 27
2289 52
2288 48
2287 34
2286 11
2285 85
2284 53
2283 17
2282 95
2281 35
2280 20
2279 77
2278 50
2277 31
2276 54
2275 73
2274 89
2273 16
2272 98
2271 77
2270 59
2269 15
2268 25
2267 85
2266 58
2265 29
2264 15
2263 45
2262 95
2261 85
2260 81
2259 58
2258 74
2257 8
2256 22
2255 30
2254 62
2253 74
2252 67
2251 97
2250 72
2249 75
2248 14
2247 42
2246 80
2245 39
2244 35
2243 37
2242 88
2241 63
2240 92
2239 85
2238 57
2237 82
2236 3
2235 6
2234 67
2233 58
2232 90
2231 8
2230 33
2229 59
2228 60
2227 86
2226 35
2225 61
2224 87
2223 30
2222 75
2221 0
2220 20
2219 37
2218 75
2217 99
2216 52
2215 81
2214 26
2213 40
2212 30
2211 19
2210 89
2209 59
2208 90
2207 28
2206 42
2205 67
2204 70
2203 66
2202 45
2201 89
2200 61
2199 79
2198 96
2197 55
2196 12
2195 34
2194 99
2193 6
2192 54
2191 88
2190 68
2189 27
2188 33
2187 94
2186 81
2185 18
2184 27
2183 49
2182 85
2181 94
2180 23
2179 32
2178 97
2177 2
2176 29
2175 74
2174 68
2173 24
2172 35
2171 88
2170 20
2169 31
2168 54
2167 89
2166 67
2165 31
2164 30
2163 11
2162 23
2161 21
2160 79
2159 18
2158 93
2157 16
2156 3
2155 21
2154 98
2153 76
2152 92
2151 9
2150 79
2149 87
2148 36
2147 78
2146 35
2145 78
2144 1
2143 46
2142 85
2141 38
2140 32
2139 90
2138 21
2137 93
2136 50
2135 83
2134 70
2133 74
2132 85
2131 52
2130 49
2129 19
2128 56
2127 33
2126 90
2125 27
2124 31
2123 56
2122 23
2121 98
2120 91
2119 53
2118 85
2117 87
2116 79
2115 93
2114 67
2113 39
2112 43
2111 54
2110 83
2109 0
2108 96
2107 32
2106 39
2105 13
2104 19
2103 73
2102 93
2101 100
2100 24
2099 26
2098 35
2097 18
2096 95
2095 43
2094 83
2093 86
2092 95
2091 11
2090 75
2089 91
2088 26
2087 51
2086 8
2085 82
2084 87
2083 71
2082 93
2081 15
2080 14
2079 7
2078 15
2077 91
2076 3
2075 20
2074 84
2073 96
2072 7
2071 73
2070 72
2069 81
2068 49
2067 52
2066 96
2065 85
2064 30
2063 48
2062 31
2061 55
2060 17
2059 59
2058 26
2057 13
2056 63
2055 26
2054 54
2053 64
2052 5
2051 67
2050 8
2049 1
2048 53
2047 9
2046 87
2045 38
2044 26
2043 2
2042 74
2041 3
2040 93
2039 80
2038 10
2037 94
2036 33
2035 43
2034 5
2033 56
2032 50
2031 2
2030 13
2029 40
2028 20
2027 93
2026 56
2025 56
2024 32
2023 88
2022 9
2021 28
2020 34
2019 8
2018 22
2017 0
2016 87
2015 76
2014 15
2013 92
2012 59
2011 81
2010 64
2009 25
2008 99
2007 6
2006 70
2005 54
2004 56
2003 61
2002 21
2001 79
2000 20
1999 81
1998 30
1997 28
1996 6
1995 9
1994 46
1993 91
1992 12
1991 11
1990 4
1989 50
1988 48
1987 1
1986 85
1985 26
1984 84
1983 74
1982 24
1981 2
1980 64
1979 38
1978 75
1977 4
1976 6
1975 62
1974 41
1973 45
1972 75
1971 78
1970 52
1969 56
1968 94
1967 75
1966 48
1965 30
1964 90
1963 9
1962 3
1961 66
1960 41
1959 60
1958 72
1957 48
1956 49
1955 58
1954 81
1953 47
1952 3
1951 35
1950 9
1949 75
1948 71
1947 98
1946 52
1945 31
1944 95
1943 11
1942 7
1941 97
1940 44
1939 67
1938 40
1937 5
1936 92
1935 44
1934 56
1933 18
1932 55
1931 40
1930 16
1929 43
1928 76
1927 4
1926 91
1925 22
1924 83
1923 62
1922 10
1921 66
1920 78
1919 76
1918 40
1917 37
1916 13
1915 93
1914 26
1913 42
1912 78
1911 21
1910 82
1909 24
1908 7
1907 73
1906 22
1905 31
1904 53
1903 68
1902 3
1901 46
1900 4
1899 35
1898 97
1897 68
1896 7
1895 57
1894 24
1893 75
1892 99
1891 65
1890 84
1889 38
1888 58
1887 78
1886 0
1885 83
1884 54
1883 19
1882 48
1881 45
1880 34
1879 51
1878 91
1877 17
1876 7
1875 83
1874 41
1873 73
1872 42
1871 85
1870 73
1869 84
1868 95
1867 59
1866 13
1865 94
1864 94
1863 46
1862 12
1861 44
1860 41
1859 1
1858 13
1857 92
1856 35
1855 8
1854 60
1853 57
1852 20
1851 19
1850 16
1849 12
1848 4
1847 20
1846 85
1845 26
1844 97
1843 69
1842 97
1841 70
1840 7
1839 96
1838 74
1837 39
1836 95
1835 43
1834 28
1833 33
1832 89
1831 90
1830 27
1829 25
1828 8
1827 12
1826 22
1825 81
1824 52
1823 18
1822 84
1821 15
1820 25
1819 52
1818 8
1817 7
1816 78
1815 74
1814 54
1813 59
1812 98
1811 71
1810 53
1809 98
1808 73
1807 67
1806 48
1805 69
1804 100
1803 65
1802 78
1801 28
1800 50
1799 52
1798 38
1797 57
1796 50
1795 90
1794 10
1793 17
1792 17
1791 57
1790 83
1789 34
1788 98
1787 27
1786 50
1785 82
1784 12
1783 74
1782 99
1781 83
1780 7
1779 81
1778 16
1777 89
1776 84
1775 80
1774 41
1773 29
1772 7
1771 23
1770 25
1769 18
1768 69
1767 98
1766 57
1765 7
1764 25
1763 92
1762 42
1761 69
1760 25
1759 40
1758 96
1757 21
1756 66
1755 24
1754 77
1753 56
1752 83
1751 58
1750 75
1749 30
1748 9
1747 29
1746 37
1745 63
1744 77
1743 23
1742 68
1741 93
1740 73
1739 46
1738 64
1737 29
1736 23
1735 28
1734 48
1733 25
1732 45
1731 6
1730 86
1729 87
1728 67
1727 82
1726 41
1725 43
1724 82
1723 85
1722 76
1721 90
1720 91
1719 72
1718 65
1717 74
1716 60
1715 87
1714 9
1713 38
1712 80
1711 39
1710 11
1709 2
1708 96
1707 68
1706 91
1705 17
1704 86
1703 13
1702 21
1701 49
1700 30
1699 70
1698 13
1697 20
1696 78
1695 23
1694 41
1693 24
1692 67
1691 40
1690 80
1689 93
1688 4
1687 47
1686 88
1685 53
1684 62
1683 25
1682 39
1681 46
1680 95
1679 94
1678 36
1677 60
1676 92
1675 9
1674 86
1673 9
1672 13
1671 10
1670 85
1669 86
1668 54
1667 85
1666 85
1665 81
1664 57
1663 3
1662 79
1661 27
1660 36
1659 91
1658 78
1657 62
1656 27
1655 65
1654 69
1653 53
1652 69
1651 22
1650 33
1649 71
1648 81
1647 46
1646 14
1645 43
1644 57
1643 46
1642 11
1641 69
1640 66
1639 44
1638 59
1637 50
1636 12
1635 23
1634 23
1633 29
1632 77
1631 0
1630 31
1629 5
1628 35
1627 23
1626 78
1625 91
1624 27
1623 73
1622 77
1621 77
1620 75
1619 71
1618 96
1617 88
1616 87
1615 15
1614 29
1613 35
1612 15
1611 32
1610 77
1609 72
1608 38
1607 34
1606 42
1605 5
1604 30
1603 17
1602 7
1601 17
1600 36
1599 100
1598 94
1597 32
1596 28
1595 100
1594 19
1593 31
1592 100
1591 69
1590 92
1589 6
1588 46
1587 21
1586 46
1585 94
1584 91
1583 30
1582 55
1581 44
1580 34
1579 64
1578 17
1577 98
1576 48
1575 59
1574 3
1573 29
1572 6
1571 81
1570 96
1569 81
1568 100
1567 41
1566 90
1565 9
1564 64
1563 61
1562 40
1561 13
1560 16
1559 15
1558 12
1557 12
1556 96
1555 38
1554 71
1553 68
1552 72
1551 86
1550 15
1549 1
1548 13
1547 6
1546 85
1545 18
1544 80
1543 25
1542 30
1541 47
1540 87
1539 22
1538 22
1537 16
1536 56
1535 100
1534 67
1533 86
1532 90
1531 69
1530 87
1529 0
1528 86
1527 58
1526 82
1525 99
1524 64
1523 52
1522 73
1521 24
1520 3
1519 49
1518 58
1517 87
1516 11
1515 59
1514 71
1513 35
1512 53
1511 50
1510 0
1509 95
1508 46
1507 69
1506 3
1505 21
1504 22
1503 62
1502 10
1501 77
1500 84
1499 26
1498 84
1497 37
1496 91
1495 70
1494 58
1493 56
1492 89
1491 50
1490 80
1489 65
1488 82
1487 71
1486 29
1485 22
1484 19
1483 76
1482 21
1481 58
1480 99
1479 12
1478 85
1477 45
1476 7
1475 98
1474 74
1473 78
1472 32
1471 78
1470 51
1469 79
1468 30
1467 1
1466 15
1465 44
1464 5
1463 96
1462 45
1461 81
1460 35
1459 47
1458 22
1457 91
1456 89
1455 46
1454 42
1453 6
1452 28
1451 77
1450 9
1449 79
1448 0
1447 4
1446 24
1445 69
1444 51
1443 50
1442 2
1441 93
1440 10
1439 51
1438 79
1437 34
1436 13
1435 4
1434 62
1433 24
1432 29
1431 59
1430 58
1429 43
1428 20
1427 47
1426 38
1425 77
1424 83
1423 46
1422 5
1421 12
1420 47
1419 28
1418 68
1417 74
1416 92
1415 7
1414 47
1413 18
1412 39
1411 32
1410 11
1409 95
1408 93
1407 23
1406 22
1405 68
1404 88
1403 52
1402 15
1401 60
1400 88
1399 8
1398 11
1397 50
1396 28
1395 91
1394 5
1393 4
1392 5
1391 2
1390 80
1389 88
1388 21
1387 52
1386 49
1385 28
1384 61
1383 17
1382 72
1381 49
1380 65
1379 13
1378 95
1377 81
1376 30
1375 33
1374 78
1373 40
1372 2
1371 71
1370 51
1369 87
1368 98
1367 51
1366 57
1365 92
1364 60
1363 25
1362 41
1361 65
1360 53
1359 59
1358 68
1357 18
1356 93
1355 13
1354 76
1353 12
1352 93
1351 35
1350 59
1349 35
1348 15
1347 18
1346 17
1345 20
1344 49
1343 11
1342 84
1341 69
1340 98
1339 43
1338 49
1337 15
1336 24
1335 96
1334 70
1333 11
1332 100
1331 63
1330 100
1329 45
1328 74
1327 79
1326 87
1325 42
1324 97
1323 64
1322 50
1321 60
1320 84
1319 7
1318 100
1317 47
1316 89
1315 23
1314 45
1313 4
1312 17
1311 44
1310 27
1309 65
1308 94
1307 61
1306 62
1305 81
1304 34
1303 16
1302 78
1301 3
1300 82
1299 25
1298 61
1297 23
1296 81
1295 84
1294 17
1293 41
1292 68
1291 93
1290 25
1289 27
1288 19
1287 94
1286 86
1285 68
1284 96
1283 74
1282 17
1281 27
1280 68
1279 69
1278 95
1277 10
1276 84
1275 90
1274 6
1273 20
1272 50
1271 93
1270 83
1269 22
1268 19
1267 10
1266 87
1265 12
1264 39
1263 16
1262 66
1261 92
1260 83
1259 69
1258 67
1257 18
1256 5
1255 88
1254 6
1253 62
1252 9
1251 2
1250 93
1249 46
1248 72
1247 79
1246 44
1245 49
1244 48
1243 35
1242 5
1241 58
1240 58
1239 70
1238 19
1237 92
1236 17
1235 14
1234 39
1233 77
1232 24
1231 36
1230 35
1229 95
1228 82
1227 33
1226 6
1225 59
1224 14
1223 68
1222 70
1221 16
1220 12
1219 39
1218 93
1217 61
1216 90
1215 58
1214 32
1213 10
1212 80
1211 35
1210 37
1209 85
1208 21
1207 95
1206 76
1205 63
1204 58
1203 7
1202 66
1201 33
1200 95
1199 98
1198 45
1197 62
1196 86
1195 7
1194 60
1193 37
1192 58
1191 96
1190 79
1189 75
1188 45
1187 60
1186 56
1185 20
1184 81
1183 53
1182 93
1181 97
1180 94
1179 100
1178 20
1177 38
1176 43
1175 41
1174 84
1173 97
1172 38
1171 64
1170 6
1169 62
1168 32
1167 41
1166 88
1165 85
1164 64
1163 78
1162 96
1161 26
1160 12
1159 75
1158 0
1157 7
1156 21
1155 85
1154 36
1153 43
1152 49
1151 51
1150 1
1149 82
1148 76
1147 24
1146 66
1145 80
1144 7
1143 38
1142 66
1141 37
1140 33
1139 11
1138 73
1137 61
1136 64
1135 60
1134 75
1133 48
1132 30
1131 83
1130 37
1129 44
1128 96
1127 42
1126 58
1125 37
1124 54
1123 88
1122 57
1121 61
1120 59
1119 25
1118 95
1117 57
1116 97
1115 51
1114 24
1113 43
1112 71
1111 30
1110 96
1109 67
1108 62
1107 76
1106 20
1105 46
1104 85
1103 70
1102 14
1101 79
1100 59
1099 57
1098 53
1097 88
1096 67
1095 28
1094 81
1093 2
1092 35
1091 19
1090 55
1089 47
1088 45
1087 7
1086 76
1085 53
1084 85
1083 93
1082 80
1081 11
1080 20
1079 69
1078 38
1077 27
1076 71
1075 3
1074 50
1073 100
1072 100
1071 7
1070 47
1069 59
1068 92
1067 90
1066 76
1065 5
1064 15
1063 31
1062 40
1061 14
1060 70
1059 44
1058 78
1057 68
1056 91
1055 48
1054 34
1053 66
1052 65
1051 14
1050 94
1049 57
1048 26
1047 100
1046 8
1045 54
1044 49
1043 14
1042 4
1041 57
1040 60
1039 21
1038 78
1037 73
1036 30
1035 36
1034 47
1033 86
1032 66
1031 27
1030 86
1029 49
1028 56
1027 88
1026 40
1025 52
1024 77
1023 94
1022 97
1021 65
1020 70
1019 81
1018 33
1017 94
1016 58
1015 82
1014 15
1013 7
1012 38
1011 99
1010 38
1009 16
1008 88
1007 82
1006 6
1005 64
1004 59
1003 39
1002 83
1001 10
1000 73
999 23
998 92
997 93
996 24
995 32
994 98
993 12
992 54
991 10
990 15
989 76
988 34
987 77
986 58
985 75
984 98
983 10
982 76
981 82
980 62
979 16
978 70
977 81
976 98
975 72
974 42
973 44
972 46
971 16
970 6
969 23
968 39
967 12
966 42
965 100
964 90
963 26
962 80
961 29
960 98
959 75
958 60
957 38
956 68
955 80
954 42
953 45
952 79
951 1
950 95
949 17
948 93
947 34
946 40
945 22
944 67
943 81
942 26
941 24
940 49
939 6
938 1
937 99
936 84
935 38
934 95
933 34
932 63
931 33
930 73
929 70
928 41
927 65
926 14
925 44
924 51
923 1
922 66
921 75
920 20
919 66
918 75
917 56
916 71
915 67
914 32
913 50
912 81
911 82
910 70
909 96
908 93
907 64
906 92
905 60
904 29
903 35
902 6
901 87
900 0
899 6
898 25
897 85
896 0
895 24
894 35
893 82
892 31
891 33
890 75
889 75
888 67
887 69
886 62
885 93
884 25
883 61
882 90
881 98
880 76
879 82
878 31
877 89
876 52
875 4
874 17
873 63
872 53
871 36
870 52
869 75
868 56
867 97
866 53
865 35
864 40
863 23
862 93
861 89
860 14
859 47
858 3
857 93
856 2
855 97
854 56
853 45
852 39
851 37
850 24
849 50
848 44
847 89
846 80
845 30
844 11
843 97
842 63
841 32
840 11
839 60
838 94
837 89
836 73
835 14
834 10
833 61
832 61
831 26
830 67
829 86
828 62
827 23
826 1
825 63
824 55
823 11
822 12
821 85
820 30
819 54
818 65
817 53
816 23
815 49
814 91
813 4
812 93
811 46
810 88
809 57
808 33
807 100
806 12
805 59
804 30
803 99
802 42
801 12
800 35
799 66
798 95
797 52
796 39
795 35
794 30
793 38
792 39
791 17
790 91
789 49
788 42
787 65
786 59
785 62
784 79
783 32
782 0
781 46
780 63
779 22
778 71
777 8
776 49
775 22
774 67
773 21
772 11
771 6
770 2
769 62
768 96
767 39
766 7
765 76
764 78
763 27
762 60
761 31
760 7
759 9
758 17
757 48
756 67
755 15
754 46
753 12
752 88
751 32
750 26
749 68
748 100
747 6
746 94
745 53
744 65
743 4
742 29
741 16
740 24
739 43
738 74
737 45
736 0
735 89
734 80
733 9
732 49
731 14
730 59
729 85
728 28
727 37
726 66
725 24
724 97
723 47
722 23
721 88
720 59
719 100
718 8
717 59
716 84
715 84
714 38
713 20
712 65
711 45
710 25
709 51
708 30
707 73
706 73
705 38
704 25
703 77
702 76
701 52
700 27
699 87
698 96
697 40
696 24
695 84
694 55
693 5
692 72
691 70
690 7
689 51
688 5
687 65
686 85
685 50
684 11
683 65
682 85
681 30
680 87
679 81
678 28
677 56
676 41
675 73
674 43
673 84
672 59
671 32
670 71
669 84
668 56
667 16
666 3
665 75
664 73
663 94
662 17
661 71
660 9
659 42
658 30
657 69
656 20
655 62
654 28
653 47
652 29
651 77
650 68
649 2
648 8
647 81
646 5
645 8
644 58
643 44
642 66
641 31
640 25
639 95
638 1
637 99
636 4
635 48
634 77
633 73
632 74
631 78
630 35
629 50
628 76
627 53
626 60
625 30
624 53
623 41
622 2
621 30
620 61
619 16
618 52
617 12
616 61
615 36
614 23
613 52
612 59
611 19
610 5
609 75
608 21
607 71
606 98
605 100
604 34
603 64
602 6
601 54
600 71
599 11
598 74
597 71
596 9
595 73
594 57
593 33
592 76
591 76
590 60
589 58
588 16
587 9
586 10
585 75
584 18
583 75
582 49
581 15
580 48
579 68
578 90
577 71
576 28
575 49
574 34
573 76
572 49
571 84
570 78
569 50
568 48
567 64
566 78
565 100
564 2
563 18
562 91
561 21
560 47
559 99
558 89
557 6
556 71
555 33
554 54
553 80
552 27
551 29
550 34
549 24
548 22
547 28
546 97
545 40
544 92
543 29
542 36
541 55
540 88
539 82
538 8
537 97
536 72
535 59
534 37
533 98
532 86
531 11
530 17
529 97
528 16
527 33
526 29
525 37
524 49
523 42
522 22
521 28
520 34
519 29
518 28
517 82
516 74
515 39
514 57
513 2
512 26
511 3
510 5
509 36
508 7
507 8
506 84
505 38
504 80
503 39
502 82
501 10
500 96
499 82
498 27
497 51
496 12
495 14
494 42
493 8
492 84
491 91
490 38
489 52
488 87
487 82
486 11
485 42
484 41
483 33
482 39
481 82
480 98
479 93
478 31
477 21
476 4
475 88
474 23
473 90
472 50
471 86
470 47
469 68
468 42
467 70
466 83
465 96
464 33
463 44
462 57
461 47
460 11
459 94
458 80
457 30
456 7
455 80
454 25
453 84
452 45
451 89
450 100
449 44
448 28
447 71
446 87
445 72
444 22
443 56
442 57
441 4
440 46
439 16
438 95
437 85
436 3
435 76
434 90
433 83
432 73
431 66
430 19
429 97
428 8
427 14
426 20
425 51
424 0
423 66
422 49
421 82
420 39
419 88
418 81
417 81
416 9
415 0
414 50
413 62
412 6
411 16
410 59
409 71
408 78
407 31
406 44
405 68
404 8
403 34
402 67
401 32
400 5
399 8
398 99
397 87
396 7
395 97
394 20
393 54
392 2
391 10
390 9
389 6
388 91
387 60
386 100
385 19
384 42
383 65
382 70
381 85
380 5
379 16
378 56
377 43
376 37
375 74
374 62
373 66
372 56
371 7
370 7
369 7
368 59
367 49
366 30
365 55
364 100
363 18
362 85
361 69
360 92
359 31
358 13
357 21
356 60
355 97
354 90
353 82
352 15
351 41
350 95
349 56
348 91
347 31
346 70
345 35
344 85
343 45
342 86
341 90
340 15
339 68
338 4
337 27
336 78
335 79
334 34
333 56
332 5
331 23
330 9
329 39
328 87
327 81
326 67
325 46
324 26
323 56
322 5
321 66
320 47
319 68
318 41
317 11
316 80
315 54
314 53
313 20
312 9
311 57
310 79
309 31
308 35
307 69
306 84
305 40
304 52
303 87
302 60
301 77
300 89
299 41
298 18
297 76
296 28
295 13
294 83
293 13
292 66
291 66
290 72
289 12
288 62
287 28
286 100
285 29
284 59
283 97
282 37
281 54
280 74
279 77
278 54
277 2
276 26
275 1
274 81
273 87
272 92
271 83
270 84
269 22
268 0
267 90
266 100
265 0
264 49
263 87
262 57
261 29
260 18
259 95
258 25
257 60
256 98
255 22
254 43
253 45
252 68
251 31
250 37
249 42
248 66
247 12
246 92
245 67
244 31
243 75
242 35
241 33
240 77
239 98
238 81
237 68
236 12
235 97
234 93
233 79
232 4
231 74
230 22
229 91
228 0
227 77
226 82
225 17
224 82
223 83
222 65
221 27
220 11
219 5
218 32
217 95
216 1
215 86
214 93
213 81
212 58
211 16
210 61
209 94
208 79
207 100
206 49
205 9
204 100
203 31
202 43
201 42
200 75
199 12
198 100
197 36
196 74
195 4
194 55
193 30
192 9
191 91
190 34
189 46
188 48
187 78
186 78
185 23
184 1
183 78
182 62
181 11
180 66
179 91
178 36
177 51
176 27
175 51
174 26
173 21
172 26
171 28
170 44
169 40
168 78
167 60
166 37
165 95
164 67
163 55
162 95
161 23
160 12
159 60
158 36
157 67
156 26
155 3
154 81
153 62
152 82
151 72
150 29
149 88
148 61
147 14
146 68
145 35
144 49
143 73
142 13
141 76
140 36
139 91
138 4
137 47
136 43
135 32
134 43
133 67
132 79
131 0
130 86
129 7
128 77
127 59
126 34
125 41
124 33
123 30
122 51
121 33
120 28
119 59
118 24
117 55
116 98
115 16
114 5
113 2
112 48
111 25
110 46
109 4
108 18
107 78
106 46
105 23
104 66
103 62
102 3
101 64
100 37
99 65
98 64
97 96
96 8
95 72
94 83
93 53
92 66
91 100
90 78
89 65
88 76
87 42
86 65
85 83
84 29
83 59
82 0
81 7
80 97
79 64
78 69
77 53
76 78
75 8
74 56
73 73
72 91
71 85
70 66
69 50
68 41
67 59
66 89
65 19
64 49
63 47
62 31
61 92
60 38
59 89
58 83
57 18
56 3
55 76
54 30
53 23
52 96
51 39
50 43
49 65
48 33
47 43
46 67
45 11
44 9
43 18
42 34
41 57
40 2
39 87
38 68
37 78
36 55
35 61
34 7
33 50
32 78
31 5
30 70
29 53
28 79
27 36
26 98
25 76
24 12
23 27
22 45
21 63
20 61
19 57
18 91
17 21
16 34
15 84
14 30
13 40
12 85
11 64
10 69
9 30
8 92
7 27
6 2
5 60
4 19
3 13
2 67
1 55
0 25
