4550 24
4549 49
4548 50
4547 91
4546 74
4545 3
4544 81
4543 22
4542 49
4541 10
4540 60
4539 11
4538 72
4537 55
4536 46
4535 1
4534 24
4533 12
4532 18
4531 40
4530 19
4529 31
4528 43
4527 14
4526 7
4525 79
4524 40
4523 15
4522 21
4521 26
4520 12
4519 83
4518 22
4517 74
4516 11
4515 39
4514 45
4513 91
4512 42
4511 21
4510 41
4509 25
4508 0
4507 61
4506 45
4505 41
4504 80
4503 79
4502 41
4501 39
4500 25
4499 93
4498 94
4497 76
4496 28
4495 49
4494 83
4493 49
4492 80
4491 24
4490 22
4489 44
4488 81
4487 45
4486 94
4485 69
4484 7
4483 75
4482 19
4481 47
4480 35
4479 10
4478 69
4477 97
4476 84
4475 50
4474 35
4473 93
4472 79
4471 21
4470 93
4469 84
4468 52
4467 52
4466 8
4465 51
4464 28
4463 76
4462 20
4461 21
4460 57
4459 80
4458 12
4457 68
4456 83
4455 37
4454 14
4453 69
4452 90
4451 83
4450 54
4449 47
4448 8
4447 50
4446 34
4445 15
4444 35
4443 43
4442 63
4441 62
4440 2
4439 98
4438 52
4437 4
4436 47
4435 29
4434 11
4433 8
4432 9
4431 45
4430 57
4429 0
4428 83
4427 3
4426 33
4425 0
4424 87
4423 75
4422 92
4421 9
4420 21
4419 27
4418 17
4417 7
4416 10
4415 89
4414 86
4413 53
4412 77
4411 4
4410 53
4409 94
4408 74
4407 38
4406 16
4405 68
4404 93
4403 67
4402 75
4401 37
4400 64
4399 90
4398 99
4397 59
4396 57
4395 89
4394 81
4393 9
4392 78
4391 6
4390 43
4389 39
4388 77
4387 34
4386 27
4385 10
4384 23
4383 10
4382 12
4381 94
4380 4
4379 58
4378 96
4377 58
4376 69
4375 15
4374 72
4373 1
4372 39
4371 69
4370 24
4369 99
4368 56
4367 26
4366 58
4365 86
4364 47
4363 53
4362 64
4361 95
4360 76
4359 77
4358 81
4357 36
4356 61
4355 27
4354 76
4353 57
4352 61
4351 94
4350 54
4349 51
4348 42
4347 49
4346 46
4345 98
4344 53
4343 26
4342 76
4341 45
4340 33
4339 48
4338 76
4337 65
4336 85
4335 33
4334 39
4333 15
4332 66
4331 25
4330 51
4329 2
4328 32
4327 88
4326 72
4325 97
4324 19
4323 16
4322 91
4321 6
4320 80
4319 97
4318 54
4317 55
4316 16
4315 93
4314 97
4313 85
4312 9
4311 2
4310 37
4309 53
4308 4
4307 45
4306 63
4305 30
4304 64
4303 38
4302 93
4301 53
4300 89
4299 4
4298 21
4297 96
4296 41
4295 14
4294 90
4293 46
4292 65
4291 77
4290 81
4289 68
4288 0
4287 84
4286 69
4285 22
4284 3
4283 1
4282 24
4281 16
4280 17
4279 14
4278 23
4277 98
4276 21
4275 96
4274 14
4273 34
4272 51
4271 85
4270 42
4269 8
4268 44
4267 65
4266 7
4265 33
4264 96
4263 9
4262 50
4261 23
4260 50
4259 3
4258 83
4257 4
4256 99
4255 51
4254 63
4253 42
4252 40
4251 3
4250 37
4249 65
4248 59
4247 40
4246 1
4245 17
4244 63
4243 73
4242 13
4241 80
4240 29
4239 0
4238 58
4237 1
4236 49
4235 64
4234 43
4233 51
4232 58
4231 90
4230 5
4229 35
4228 75
4227 67
4226 90
4225 9
4224 12
4223 49
4222 37
4221 68
4220 0
4219 91
4218 34
4217 25
4216 42
4215 40
4214 30
4213 72
4212 63
4211 13
4210 80
4209 1
4208 3
4207 47
4206 2
4205 63
4204 81
4203 92
4202 64
4201 9
4200 42
4199 53
4198 17
4197 96
4196 24
4195 76
4194 87
4193 47
4192 89
4191 40
4190 95
4189 59
4188 60
4187 14
4186 32
4185 83
4184 45
4183 78
4182 62
4181 76
4180 37
4179 50
4178 1
4177 1
4176 16
4175 17
4174 80
4173 90
4172 18
4171 95
4170 50
4169 78
4168 42
4167 78
4166 62
4165 22
4164 52
4163 68
4162 69
4161 26
4160 98
4159 34
4158 37
4157 32
4156 46
4155 20
4154 31
4153 83
4152 14
4151 51
4150 25
4149 100
4148 14
4147 55
4146 82
4145 93
4144 79
4143 58
4142 98
4141 15
4140 98
4139 9
4138 57
4137 49
4136 40
4135 13
4134 3
4133 4
4132 54
4131 78
4130 56
4129 31
4128 5
4127 8
4126 25
4125 67
4124 33
4123 13
4122 60
4121 55
4120 91
4119 82
4118 80
4117 89
4116 88
4115 64
4114 76
4113 13
4112 19
4111 24
4110 6
4109 5
4108 70
4107 96
4106 53
4105 2
4104 63
4103 61
4102 45
4101 33
4100 23
4099 72
4098 67
4097 93
4096 70
4095 5
4094 76
4093 39
4092 11
4091 59
4090 11
4089 5
4088 11
4087 72
4086 95
4085 14
4084 32
4083 81
4082 76
4081 82
4080 50
4079 24
4078 66
4077 42
4076 64
4075 15
4074 39
4073 84
4072 78
4071 34
4070 77
4069 71
4068 64
4067 54
4066 24
4065 47
4064 96
4063 65
4062 86
4061 54
4060 57
4059 69
4058 39
4057 18
4056 82
4055 49
4054 58
4053 72
4052 11
4051 16
4050 13
4049 29
4048 81
4047 19
4046 72
4045 21
4044 30
4043 57
4042 19
4041 36
4040 12
4039 88
4038 64
4037 9
4036 50
4035 38
4034 7
4033 73
4032 84
4031 54
4030 64
4029 9
4028 92
4027 83
4026 33
4025 74
4024 51
4023 52
4022 10
4021 54
4020 17
4019 84
4018 82
4017 91
4016 56
4015 90
4014 73
4013 16
4012 79
4011 91
4010 17
4009 25
4008 79
4007 55
4006 34
4005 78
4004 10
4003 61
4002 16
4001 77
4000 35
3999 29
3998 20
3997 13
3996 85
3995 4
3994 29
3993 79
3992 94
3991 3
3990 13
3989 96
3988 31
3987 100
3986 45
3985 58
3984 34
3983 87
3982 74
3981 80
3980 4
3979 64
3978 100
3977 35
3976 9
3975 50
3974 8
3973 66
3972 90
3971 24
3970 77
3969 22
3968 18
3967 74
3966 93
3965 78
3964 8
3963 19
3962 31
3961 58
3960 27
3959 88
3958 73
3957 27
3956 48
3955 98
3954 92
3953 13
3952 93
3951 17
3950 6
3949 18
3948 40
3947 88
3946 60
3945 95
3944 82
3943 22
3942 31
3941 0
3940 48
3939 18
3938 49
3937 51
3936 92
3935 62
3934 39
3933 91
3932 3
3931 0
3930 92
3929 10
3928 71
3927 88
3926 33
3925 77
3924 70
3923 15
3922 14
3921 92
3920 42
3919 12
3918 11
3917 35
3916 25
3915 1
3914 4
3913 52
3912 48
3911 61
3910 2
3909 28
3908 16
3907 70
3906 65
3905 2
3904 87
3903 94
3902 60
3901 0
3900 32
3899 78
3898 88
3897 30
3896 39
3895 50
3894 22
3893 68
3892 7
3891 2
3890 70
3889 1
3888 98
3887 1
3886 94
3885 76
3884 41
3883 10
3882 60
3881 0
3880 43
3879 97
3878 17
3877 29
3876 71
3875 67
3874 82
3873 100
3872 46
3871 95
3870 23
3869 17
3868 2
3867 86
3866 7
3865 2
3864 71
3863 18
3862 1
3861 68
3860 98
3859 31
3858 89
3857 89
3856 92
3855 27
3854 19
3853 85
3852 27
3851 34
3850 54
3849 87
3848 49
3847 50
3846 8
3845 69
3844 62
3843 16
3842 72
3841 30
3840 32
3839 94
3838 55
3837 18
3836 60
3835 97
3834 69
3833 50
3832 40
3831 26
3830 37
3829 12
3828 98
3827 89
3826 11
3825 7
3824 85
3823 8
3822 15
3821 57
3820 25
3819 17
3818 19
3817 48
3816 58
3815 9
3814 56
3813 8
3812 61
3811 9
3810 2
3809 26
3808 40
3807 47
3806 27
3805 8
3804 0
3803 25
3802 55
3801 92
3800 59
3799 56
3798 38
3797 29
3796 53
3795 80
3794 32
3793 3
3792 42
3791 72
3790 23
3789 99
3788 12
3787 34
3786 71
3785 53
3784 30
3783 88
3782 69
3781 91
3780 24
3779 47
3778 69
3777 9
3776 60
3775 57
3774 45
3773 83
3772 26
3771 65
3770 40
3769 97
3768 25
3767 26
3766 89
3765 11
3764 85
3763 42
3762 98
3761 52
3760 12
3759 67
3758 73
3757 93
3756 61
3755 11
3754 30
3753 75
3752 49
3751 82
3750 72
3749 47
3748 11
3747 82
3746 67
3745 0
3744 77
3743 68
3742 36
3741 10
3740 28
3739 25
3738 7
3737 34
3736 72
3735 76
3734 73
3733 64
3732 6
3731 3
3730 32
3729 92
3728 39
3727 87
3726 21
3725 32
3724 80
3723 77
3722 73
3721 7
3720 72
3719 34
3718 93
3717 53
3716 58
3715 14
3714 13
3713 26
3712 47
3711 44
3710 72
3709 30
3708 32
3707 27
3706 17
3705 90
3704 58
3703 80
3702 29
3701 89
3700 35
3699 23
3698 65
3697 13
3696 73
3695 60
3694 45
3693 24
3692 53
3691 65
3690 78
3689 73
3688 43
3687 73
3686 23
3685 5
3684 95
3683 76
3682 99
3681 56
3680 87
3679 41
3678 50
3677 16
3676 78
3675 38
3674 34
3673 59
3672 62
3671 25
3670 37
3669 80
3668 33
3667 34
3666 93
3665 63
3664 51
3663 64
3662 91
3661 36
3660 0
3659 51
3658 61
3657 73
3656 38
3655 13
3654 45
3653 69
3652 61
3651 65
3650 64
3649 39
3648 26
3647 51
3646 52
3645 33
3644 100
3643 39
3642 41
3641 19
3640 7
3639 89
3638 60
3637 97
3636 37
3635 42
3634 77
3633 14
3632 41
3631 100
3630 48
3629 38
3628 30
3627 65
3626 100
3625 4
3624 37
3623 44
3622 33
3621 58
3620 96
3619 99
3618 41
3617 1
3616 17
3615 8
3614 23
3613 64
3612 65
3611 86
3610 44
3609 14
3608 7
3607 40
3606 20
3605 5
3604 22
3603 23
3602 42
3601 55
3600 59
3599 54
3598 18
3597 25
3596 36
3595 5
3594 20
3593 80
3592 58
3591 75
3590 19
3589 15
3588 88
3587 89
3586 82
3585 18
3584 44
3583 70
3582 30
3581 88
3580 20
3579 34
3578 68
3577 45
3576 96
3575 78
3574 1
3573 0
3572 20
3571 47
3570 12
3569 99
3568 45
3567 64
3566 72
3565 100
3564 5
3563 10
3562 12
3561 79
3560 24
3559 58
3558 40
3557 29
3556 38
3555 72
3554 81
3553 63
3552 41
3551 55
3550 70
3549 31
3548 93
3547 43
3546 0
3545 74
3544 11
3543 23
3542 80
3541 33
3540 6
3539 66
3538 41
3537 83
3536 82
3535 30
3534 25
3533 0
3532 62
3531 76
3530 88
3529 41
3528 61
3527 21
3526 6
3525 9
3524 51
3523 22
3522 59
3521 17
3520 25
3519 32
3518 59
3517 41
3516 30
3515 94
3514 67
3513 38
3512 78
3511 58
3510 14
3509 80
3508 67
3507 53
3506 88
3505 29
3504 36
3503 29
3502 86
3501 67
3500 85
3499 45
3498 84
3497 87
3496 16
3495 28
3494 87
3493 3
3492 66
3491 81
3490 78
3489 47
3488 30
3487 55
3486 82
3485 58
3484 70
3483 18
3482 54
3481 3
3480 59
3479 41
3478 41
3477 88
3476 13
3475 88
3474 13
3473 23
3472 81
3471 50
3470 78
3469 35
3468 65
3467 77
3466 47
3465 79
3464 82
3463 54
3462 22
3461 42
3460 17
3459 15
3458 37
3457 35
3456 55
3455 52
3454 2
3453 9
3452 5
3451 24
3450 95
3449 71
3448 82
3447 0
3446 50
3445 95
3444 73
3443 82
3442 97
3441 48
3440 6
3439 54
3438 100
3437 46
3436 5
3435 78
3434 6
3433 52
3432 47
3431 96
3430 83
3429 17
3428 45
3427 89
3426 41
3425 99
3424 52
3423 69
3422 84
3421 52
3420 20
3419 84
3418 71
3417 81
3416 33
3415 18
3414 0
3413 88
3412 18
3411 50
3410 98
3409 46
3408 1
3407 33
3406 66
3405 83
3404 92
3403 54
3402 77
3401 43
3400 7
3399 49
3398 22
3397 34
3396 90
3395 54
3394 53
3393 3
3392 21
3391 22
3390 98
3389 12
3388 52
3387 53
3386 6
3385 38
3384 65
3383 81
3382 24
3381 6
3380 84
3379 0
3378 42
3377 97
3376 40
3375 57
3374 82
3373 88
3372 100
3371 91
3370 95
3369 55
3368 79
3367 1
3366 75
3365 81
3364 5
3363 98
3362 44
3361 17
3360 88
3359 9
3358 7
3357 27
3356 19
3355 0
3354 16
3353 9
3352 57
3351 21
3350 36
3349 57
3348 80
3347 19
3346 26
3345 55
3344 29
3343 42
3342 64
3341 41
3340 21
3339 87
3338 54
3337 95
3336 97
3335 86
3334 49
3333 52
3332 26
3331 74
3330 71
3329 25
3328 12
3327 100
3326 79
3325 74
3324 88
3323 84
3322 48
3321 65
3320 5
3319 31
3318 18
3317 92
3316 1
3315 88
3314 65
3313 84
3312 22
3311 57
3310 0
3309 53
3308 13
3307 44
3306 34
3305 72
3304 59
3303 79
3302 32
3301 87
3300 55
3299 20
3298 9
3297 66
3296 85
3295 17
3294 58
3293 99
3292 20
3291 41
3290 0
3289 63
3288 93
3287 66
3286 92
3285 75
3284 67
3283 90
3282 2
3281 96
3280 10
3279 76
3278 20
3277 50
3276 69
3275 22
3274 61
3273 6
3272 16
3271 4
3270 27
3269 17
3268 35
3267 33
3266 16
3265 84
3264 15
3263 26
3262 19
3261 10
3260 79
3259 41
3258 82
3257 45
3256 47
3255 79
3254 64
3253 82
3252 3
3251 50
3250 28
3249 64
3248 99
3247 99
3246 99
3245 38
3244 18
3243 4
3242 98
3241 70
3240 7
3239 40
3238 62
3237 82
3236 36
3235 86
3234 50
3233 30
3232 19
3231 83
3230 71
3229 98
3228 37
3227 64
3226 7
3225 43
3224 97
3223 53
3222 80
3221 9
3220 17
3219 32
3218 93
3217 84
3216 31
3215 29
3214 8
3213 2
3212 76
3211 35
3210 37
3209 58
3208 41
3207 58
3206 98
3205 2
3204 74
3203 78
3202 89
3201 36
3200 58
3199 94
3198 39
3197 82
3196 9
3195 14
3194 67
3193 62
3192 99
3191 2
3190 67
3189 60
3188 35
3187 1
3186 90
3185 88
3184 3
3183 75
3182 46
3181 79
3180 53
3179 99
3178 48
3177 38
3176 24
3175 51
3174 14
3173 31
3172 61
3171 63
3170 1
3169 47
3168 69
3167 36
3166 100
3165 88
3164 60
3163 75
3162 98
3161 72
3160 37
3159 60
3158 6
3157 38
3156 19
3155 7
3154 46
3153 93
3152 18
3151 79
3150 97
3149 56
3148 23
3147 38
3146 31
3145 60
3144 5
3143 81
3142 26
3141 93
3140 1
3139 33
3138 80
3137 62
3136 93
3135 47
3134 99
3133 28
3132 31
3131 79
3130 66
3129 46
3128 65
3127 65
3126 40
3125 14
3124 41
3123 71
3122 4
3121 23
3120 36
3119 38
3118 69
3117 27
3116 13
3115 54
3114 63
3113 69
3112 25
3111 40
3110 9
3109 0
3108 79
3107 85
3106 74
3105 20
3104 24
3103 81
3102 84
3101 63
3100 86
3099 96
3098 51
3097 7
3096 39
3095 89
3094 62
3093 5
3092 80
3091 95
3090 47
3089 70
3088 65
3087 53
3086 49
3085 33
3084 11
3083 28
3082 43
3081 28
3080 21
3079 21
3078 54
3077 65
3076 22
3075 80
3074 2
3073 12
3072 22
3071 2
3070 88
3069 4
3068 19
3067 29
3066 38
3065 50
3064 4
3063 47
3062 77
3061 56
3060 47
3059 97
3058 18
3057 63
3056 74
3055 1
3054 49
3053 49
3052 9
3051 8
3050 30
3049 31
3048 69
3047 52
3046 66
3045 4
3044 67
3043 16
3042 8
3041 25
3040 76
3039 10
3038 24
3037 8
3036 80
3035 8
3034 48
3033 46
3032 77
3031 46
3030 27
3029 31
3028 86
3027 17
3026 48
3025 38
3024 89
3023 1
3022 10
3021 12
3020 56
3019 14
3018 21
3017 25
3016 46
3015 36
3014 61
3013 28
3012 23
3011 97
3010 56
3009 79
3008 99
3007 66
3006 4
3005 34
3004 70
3003 15
3002 69
3001 50
3000 0
2999 61
2998 68
2997 87
2996 3
2995 9
2994 81
2993 94
2992 0
2991 39
2990 0
2989 41
2988 11
2987 100
2986 51
2985 69
2984 71
2983 71
2982 74
2981 75
2980 12
2979 68
2978 42
2977 41
2976 81
2975 51
2974 1
2973 23
2972 96
2971 2
2970 71
2969 58
2968 69
2967 39
2966 50
2965 9
2964 100
2963 96
2962 34
2961 29
2960 68
2959 51
2958 96
2957 44
2956 15
2955 43
2954 58
2953 20
2952 86
2951 33
2950 26
2949 28
2948 68
2947 28
2946 79
2945 86
2944 68
2943 68
2942 60
2941 24
2940 3
2939 22
2938 79
2937 71
2936 0
2935 9
2934 88
2933 33
2932 20
2931 52
2930 61
2929 87
2928 27
2927 2
2926 27
2925 10
2924 53
2923 89
2922 49
2921 30
2920 54
2919 66
2918 74
2917 24
2916 51
2915 45
2914 49
2913 8
2912 28
2911 63
2910 62
2909 60
2908 17
2907 5
2906 97
2905 5
2904 95
2903 40
2902 67
2901 35
2900 35
2899 52
2898 12
2897 1
2896 19
2895 22
2894 53
2893 28
2892 5
2891 15
2890 98
2889 75
2888 77
2887 14
2886 15
2885 98
2884 17
2883 67
2882 22
2881 10
2880 17
2879 28
2878 71
2877 74
2876 17
2875 61
2874 63
2873 8
2872 48
2871 42
2870 1
2869 33
2868 21
2867 44
2866 73
2865 51
2864 78
2863 32
2862 77
2861 83
2860 94
2859 32
2858 31
2857 13
2856 76
2855 22
2854 14
2853 61
2852 3
2851 8
2850 89
2849 79
2848 60
2847 66
2846 60
2845 95
2844 96
2843 45
2842 15
2841 93
2840 30
2839 61
2838 97
2837 26
2836 60
2835 47
2834 57
2833 89
2832 51
2831 70
2830 3
2829 48
2828 42
2827 59
2826 56
2825 59
2824 5
2823 74
2822 50
2821 12
2820 3
2819 6
2818 60
2817 29
2816 36
2815 49
2814 87
2813 70
2812 71
2811 96
2810 24
2809 70
2808 67
2807 34
2806 30
2805 49
2804 4
2803 49
2802 44
2801 39
2800 60
2799 65
2798 80
2797 28
2796 73
2795 62
2794 75
2793 76
2792 26
2791 73
2790 78
2789 77
2788 26
2787 12
2786 59
2785 53
2784 47
2783 61
2782 23
2781 91
2780 41
2779 32
2778 38
2777 72
2776 90
2775 74
2774 44
2773 27
2772 32
2771 66
2770 15
2769 39
2768 87
2767 50
2766 26
2765 24
2764 8
2763 93
2762 76
2761 86
2760 78
2759 23
2758 51
2757 91
2756 40
2755 82
2754 75
2753 86
2752 15
2751 23
2750 30
2749 13
2748 90
2747 20
2746 27
2745 42
2744 36
2743 57
2742 9
2741 43
2740 41
2739 58
2738 91
2737 50
2736 99
2735 92
2734 93
2733 49
2732 87
2731 69
2730 5
2729 34
2728 10
2727 84
2726 25
2725 73
2724 35
2723 78
2722 37
2721 15
2720 34
2719 69
2718 47
2717 13
2716 74
2715 2
2714 4
2713 6
2712 6
2711 34
2710 43
2709 47
2708 83
2707 44
2706 1
2705 77
2704 74
2703 12
2702 7
2701 2
2700 9
2699 55
2698 57
2697 39
2696 84
2695 68
2694 23
2693 2
2692 77
2691 64
2690 18
2689 17
2688 90
2687 43
2686 69
2685 64
2684 60
2683 64
2682 81
2681 55
2680 35
2679 43
2678 0
2677 4
2676 83
2675 5
2674 65
2673 89
2672 24
2671 81
2670 84
2669 96
2668 99
2667 29
2666 70
2665 22
2664 25
2663 64
2662 38
2661 29
2660 37
2659 14
2658 73
2657 89
2656 61
2655 71
2654 6
2653 44
2652 5
2651 55
2650 34
2649 97
2648 25
2647 47
2646 81
2645 87
2644 64
2643 99
2642 23
2641 90
2640 21
2639 14
2638 48
2637 29
2636 27
2635 81
2634 40
2633 32
2632 87
2631 18
2630 10
2629 51
2628 21
2627 83
2626 84
2625 12
2624 55
2623 99
2622 16
2621 14
2620 24
2619 90
2618 41
2617 96
2616 31
2615 39
2614 73
2613 39
2612 86
2611 4
2610 21
2609 15
2608 55
2607 89
2606 60
2605 34
2604 26
2603 16
2602 93
2601 9
2600 63
2599 67
2598 9
2597 54
2596 69
2595 12
2594 53
2593 86
2592 92
2591 96
2590 37
2589 81
2588 36
2587 71
2586 54
2585 53
2584 1
2583 46
2582 53
2581 20
2580 90
2579 1
2578 54
2577 12
2576 26
2575 28
2574 93
2573 16
2572 91
2571 46
2570 79
2569 47
2568 37
2567 56
2566 74
2565 95
2564 52
2563 45
2562 43
2561 83
2560 27
2559 63
2558 47
2557 24
2556 58
2555 81
2554 13
2553 56
2552 70
2551 54
2550 94
2549 51
2548 28
2547 76
2546 9
2545 54
2544 71
2543 29
2542 70
2541 44
2540 0
2539 34
2538 4
2537 68
2536 65
2535 55
2534 74
2533 99
2532 84
2531 78
2530 79
2529 77
2528 20
2527 74
2526 97
2525 30
2524 51
2523 5
2522 68
2521 81
2520 39
2519 40
2518 8
2517 6
2516 30
2515 4
2514 80
2513 27
2512 57
2511 75
2510 22
2509 33
2508 45
2507 65
2506 36
2505 44
2504 76
2503 53
2502 22
2501 17
2500 19
2499 38
2498 77
2497 69
2496 39
2495 45
2494 75
2493 73
2492 9
2491 57
2490 1
2489 31
2488 18
2487 61
2486 59
2485 46
2484 53
2483 2
2482 20
2481 97
2480 42
2479 38
2478 44
2477 39
2476 47
2475 79
2474 81
2473 84
2472 82
2471 15
2470 45
2469 24
2468 37
2467 78
2466 72
2465 65
2464 13
2463 16
2462 28
2461 99
2460 3
2459 61
2458 62
2457 65
2456 13
2455 8
2454 86
2453 57
2452 68
2451 19
2450 21
2449 100
2448 36
2447 17
2446 65
2445 90
2444 43
2443 80
2442 51
2441 54
2440 70
2439 56
2438 4
2437 99
2436 42
2435 26
2434 91
2433 2
2432 57
2431 91
2430 98
2429 8
2428 32
2427 10
2426 97
2425 14
2424 5
2423 63
2422 73
2421 32
2420 2
2419 77
2418 3
2417 91
2416 92
2415 24
2414 54
2413 80
2412 51
2411 26
2410 82
2409 72
2408 8
2407 38
2406 65
2405 64
2404 55
2403 58
2402 6
2401 99
2400 39
2399 79
2398 73
2397 98
2396 28
2395 86
2394 30
2393 35
2392 87
2391 100
2390 72
2389 30
2388 78
2387 27
2386 27
2385 90
2384 38
2383 72
2382 40
2381 81
2380 94
2379 12
2378 82
2377 98
2376 62
2375 25
2374 99
2373 100
2372 22
2371 45
2370 29
2369 26
2368 55
2367 13
2366 55
2365 24
2364 7
2363 2
2362 76
2361 83
2360 80
2359 78
2358 55
2357 4
2356 75
2355 4
2354 59
2353 62
2352 37
2351 15
2350 99
2349 45
2348 54
2347 78
2346 14
2345 97
2344 22
2343 88
2342 58
2341 46
2340 73
2339 69
2338 5
2337 63
2336 17
2335 91
2334 80
2333 48
2332 7
2331 1
2330 92
2329 11
2328 84
2327 5
2326 28
2325 79
2324 29
2323 79
2322 18
2321 13
2320 18
2319 88
2318 19
2317 87
2316 72
2315 2
2314 12
2313 36
2312 89
2311 1
2310 18
2309 83
2308 31
2307 11
2306 41
2305 66
2304 13
2303 21
2302 81
2301 87
2300 26
2299 55
2298 3
2297 6
2296 66
2295 21
2294 75
2293 93
2292 81
2291 97
2290 71
2289 86
2288 34
2287 30
2286 78
2285 62
2284 79
2283 95
2282 18
2281 15
2280 80
2279 62
2278 25
2277 35
2276 52
2275 71
2274 13
2273 80
2272 7
2271 40
2270 74
2269 42
2268 97
2267 91
2266 36
2265 39
2264 88
2263 50
2262 29
2261 28
2260 56
2259 54
2258 91
2257 66
2256 32
2255 77
2254 85
2253 26
2252 15
2251 39
2250 59
2249 3
2248 51
2247 60
2246 79
2245 51
2244 38
2243 98
2242 46
2241 41
2240 50
2239 26
2238 88
2237 91
2236 23
2235 95
2234 20
2233 16
2232 73
2231 44
2230 74
2229 71
2228 11
2227 95
2226 84
2225 89
2224 8
2223 37
2222 1
2221 90
2220 5
2219 61
2218 47
2217 4
2216 60
2215 77
2214 22
2213 72
2212 3
2211 41
2210 77
2209 45
2208 70
2207 81
2206 47
2205 60
2204 48
2203 33
2202 60
2201 58
2200 4
2199 9
2198 36
2197 49
2196 71
2195 76
2194 16
2193 95
2192 81
2191 3
2190 9
2189 46
2188 21
2187 56
2186 88
2185 36
2184 11
2183 29
2182 96
2181 47
2180 8
2179 98
2178 15
2177 53
2176 30
2175 17
2174 0
2173 79
2172 17
2171 91
2170 56
2169 67
2168 70
2167 27
2166 13
2165 49
2164 82
2163 83
2162 50
2161 44
2160 10
2159 45
2158 8
2157 72
2156 41
2155 69
2154 70
2153 26
2152 82
2151 81
2150 34
2149 32
2148 54
2147 95
2146 70
2145 82
2144 4
2143 38
2142 5
2141 15
2140 82
2139 14
2138 20
2137 57
2136 4
2135 81
2134 91
2133 73
2132 84
2131 55
2130 64
2129 18
2128 77
2127 72
2126 99
2125 95
2124 23
2123 40
2122 68
2121 98
2120 17
2119 60
2118 62
2117 9
2116 23
2115 81
2114 19
2113 9
2112 82
2111 95
2110 87
2109 47
2108 26
2107 56
2106 36
2105 17
2104 8
2103 36
2102 87
2101 31
2100 48
2099 90
2098 29
2097 86
2096 32
2095 46
2094 94
2093 2
2092 16
2091 64
2090 98
2089 71
2088 98
2087 87
2086 100
2085 48
2084 15
2083 78
2082 92
2081 93
2080 65
2079 66
2078 51
2077 58
2076 26
2075 45
2074 93
2073 89
2072 68
2071 94
2070 0
2069 87
2068 37
2067 88
2066 6
2065 39
2064 42
2063 96
2062 87
2061 54
2060 6
2059 46
2058 11
2057 51
2056 48
2055 29
2054 63
2053 92
2052 57
2051 9
2050 29
2049 99
2048 57
2047 87
2046 11
2045 71
2044 84
2043 63
2042 13
2041 13
2040 80
2039 34
2038 13
2037 64
2036 65
2035 85
2034 14
2033 84
2032 44
2031 51
2030 11
2029 92
2028 8
2027 82
2026 78
2025 69
2024 97
2023 71
2022 8
2021 54
2020 8
2019 34
2018 78
2017 60
2016 42
2015 64
2014 74
2013 99
2012 7
2011 82
2010 45
2009 39
2008 16
2007 23
2006 88
2005 5
2004 5
2003 16
2002 100
2001 48
2000 22
1999 2
1998 24
1997 100
1996 100
1995 57
1994 41
1993 35
1992 84
1991 22
1990 75
1989 2
1988 13
1987 8
1986 44
1985 28
1984 60
1983 2
1982 17
1981 34
1980 47
1979 30
1978 56
1977 18
1976 93
1975 56
1974 31
1973 71
1972 21
1971 1
1970 45
1969 48
1968 65
1967 90
1966 48
1965 18
1964 50
1963 75
1962 99
1961 56
1960 11
1959 54
1958 5
1957 22
1956 11
1955 87
1954 5
1953 56
1952 34
1951 25
1950 49
1949 98
1948 3
1947 70
1946 6
1945 97
1944 72
1943 53
1942 19
1941 73
1940 83
1939 7
1938 74
1937 88
1936 37
1935 17
1934 100
1933 83
1932 73
1931 42
1930 48
1929 57
1928 76
1927 22
1926 93
1925 67
1924 20
1923 31
1922 46
1921 17
1920 65
1919 34
1918 24
1917 78
1916 26
1915 56
1914 61
1913 6
1912 43
1911 0
1910 81
1909 89
1908 50
1907 13
1906 24
1905 21
1904 12
1903 26
1902 16
1901 77
1900 69
1899 2
1898 97
1897 66
1896 39
1895 14
1894 73
1893 91
1892 64
1891 52
1890 28
1889 53
1888 76
1887 99
1886 54
1885 6
1884 20
1883 77
1882 95
1881 38
1880 3
1879 38
1878 9
1877 87
1876 25
1875 33
1874 92
1873 42
1872 44
1871 56
1870 37
1869 8
1868 52
1867 42
1866 71
1865 79
1864 96
1863 47
1862 81
1861 92
1860 84
1859 84
1858 41
1857 50
1856 91
1855 21
1854 65
1853 65
1852 7
1851 83
1850 60
1849 18
1848 43
1847 56
1846 9
1845 85
1844 47
1843 39
1842 9
1841 23
1840 58
1839 6
1838 39
1837 80
1836 80
1835 71
1834 85
1833 11
1832 66
1831 92
1830 50
1829 17
1828 39
1827 1
1826 65
1825 50
1824 61
1823 22
1822 73
1821 7
1820 29
1819 53
1818 66
1817 9
1816 3
1815 50
1814 65
1813 88
1812 31
1811 35
1810 25
1809 15
1808 67
1807 55
1806 67
1805 32
1804 24
1803 40
1802 77
1801 66
1800 53
1799 81
1798 45
1797 6
1796 62
1795 70
1794 66
1793 89
1792 98
1791 8
1790 36
1789 58
1788 34
1787 21
1786 21
1785 35
1784 41
1783 43
1782 74
1781 4
1780 23
1779 6
1778 82
1777 68
1776 95
1775 29
1774 25
1773 58
1772 45
1771 4
1770 6
1769 59
1768 100
1767 78
1766 30
1765 25
1764 60
1763 67
1762 83
1761 72
1760 51
1759 66
1758 33
1757 33
1756 55
1755 12
1754 95
1753 68
1752 21
1751 94
1750 5
1749 31
1748 62
1747 15
1746 64
1745 37
1744 18
1743 12
1742 14
1741 22
1740 43
1739 60
1738 22
1737 22
1736 67
1735 63
1734 76
1733 11
1732 75
1731 34
1730 44
1729 74
1728 54
1727 58
1726 10
1725 29
1724 14
1723 96
1722 66
1721 46
1720 31
1719 19
1718 95
1717 14
1716 84
1715 72
1714 20
1713 58
1712 37
1711 72
1710 10
1709 80
1708 49
1707 44
1706 13
1705 99
1704 19
1703 8
1702 70
1701 74
1700 22
1699 11
1698 35
1697 74
1696 54
1695 51
1694 62
1693 29
1692 69
1691 82
1690 36
1689 44
1688 83
1687 31
1686 92
1685 23
1684 5
1683 19
1682 75
1681 26
1680 41
1679 44
1678 47
1677 5
1676 51
1675 61
1674 12
1673 18
1672 29
1671 40
1670 32
1669 37
1668 93
1667 91
1666 41
1665 87
1664 10
1663 54
1662 75
1661 19
1660 47
1659 47
1658 86
1657 78
1656 29
1655 46
1654 7
1653 26
1652 24
1651 31
1650 85
1649 15
1648 47
1647 15
1646 44
1645 59
1644 34
1643 28
1642 72
1641 97
1640 52
1639 65
1638 97
1637 81
1636 61
1635 90
1634 63
1633 60
1632 12
1631 77
1630 4
1629 89
1628 91
1627 61
1626 61
1625 64
1624 46
1623 84
1622 58
1621 48
1620 16
1619 47
1618 91
1617 9
1616 74
1615 61
1614 11
1613 15
1612 25
1611 82
1610 88
1609 48
1608 94
1607 70
1606 99
1605 75
1604 92
1603 79
1602 12
1601 69
1600 85
1599 2
1598 26
1597 2
1596 19
1595 1
1594 48
1593 11
1592 27
1591 72
1590 68
1589 93
1588 60
1587 62
1586 11
1585 95
1584 77
1583 49
1582 15
1581 35
1580 35
1579 74
1578 18
1577 17
1576 7
1575 21
1574 35
1573 87
1572 54
1571 30
1570 84
1569 38
1568 63
1567 19
1566 34
1565 27
1564 100
1563 53
1562 67
1561 32
1560 71
1559 41
1558 67
1557 52
1556 57
1555 84
1554 94
1553 73
1552 53
1551 54
1550 3
1549 49
1548 93
1547 86
1546 27
1545 71
1544 23
1543 85
1542 58
1541 20
1540 32
1539 13
1538 100
1537 0
1536 87
1535 89
1534 61
1533 58
1532 80
1531 20
1530 25
1529 92
1528 19
1527 83
1526 52
1525 80
1524 42
1523 80
1522 9
1521 96
1520 81
1519 84
1518 23
1517 95
1516 28
1515 80
1514 23
1513 27
1512 4
1511 96
1510 70
1509 22
1508 11
1507 18
1506 4
1505 17
1504 49
1503 81
1502 13
1501 74
1500 52
1499 85
1498 24
1497 2
1496 20
1495 76
1494 82
1493 85
1492 95
1491 58
1490 14
1489 62
1488 60
1487 48
1486 56
1485 39
1484 24
1483 90
1482 13
1481 52
1480 64
1479 20
1478 95
1477 17
1476 27
1475 90
1474 62
1473 0
1472 16
1471 17
1470 84
1469 21
1468 83
1467 17
1466 21
1465 64
1464 77
1463 70
1462 16
1461 14
1460 35
1459 65
1458 76
1457 62
1456 46
1455 3
1454 85
1453 97
1452 11
1451 88
1450 27
1449 97
1448 88
1447 7
1446 16
1445 51
1444 24
1443 58
1442 33
1441 86
1440 91
1439 100
1438 24
1437 25
1436 73
1435 7
1434 80
1433 44
1432 17
1431 73
1430 9
1429 36
1428 23
1427 27
1426 33
1425 16
1424 32
1423 70
1422 15
1421 58
1420 30
1419 21
1418 97
1417 56
1416 4
1415 93
1414 87
1413 91
1412 39
1411 13
1410 63
1409 92
1408 78
1407 25
1406 84
1405 34
1404 85
1403 96
1402 13
1401 36
1400 54
1399 28
1398 75
1397 74
1396 13
1395 71
1394 35
1393 40
1392 12
1391 27
1390 91
1389 15
1388 43
1387 33
1386 83
1385 21
1384 71
1383 23
1382 69
1381 31
1380 2
1379 5
1378 40
1377 89
1376 44
1375 85
1374 50
1373 21
1372 64
1371 72
1370 46
1369 63
1368 97
1367 94
1366 94
1365 64
1364 74
1363 50
1362 66
1361 20
1360 99
1359 57
1358 57
1357 68
1356 75
1355 38
1354 41
1353 0
1352 69
1351 74
1350 90
1349 69
1348 95
1347 60
1346 43
1345 84
1344 24
1343 76
1342 90
1341 20
1340 0
1339 9
1338 64
1337 23
1336 83
1335 78
1334 78
1333 80
1332 27
1331 62
1330 14
1329 30
1328 23
1327 17
1326 63
1325 16
1324 38
1323 94
1322 15
1321 44
1320 77
1319 87
1318 57
1317 100
1316 13
1315 50
1314 83
1313 53
1312 30
1311 75
1310 17
1309 16
1308 74
1307 87
1306 90
1305 14
1304 73
1303 85
1302 31
1301 5
1300 92
1299 23
1298 43
1297 17
1296 12
1295 72
1294 41
1293 84
1292 51
1291 63
1290 97
1289 71
1288 64
1287 56
1286 14
1285 100
1284 36
1283 19
1282 31
1281 53
1280 19
1279 15
1278 33
1277 79
1276 15
1275 57
1274 13
1273 65
1272 22
1271 42
1270 39
1269 75
1268 46
1267 12
1266 27
1265 97
1264 99
1263 84
1262 24
1261 82
1260 17
1259 25
1258 10
1257 60
1256 89
1255 17
1254 3
1253 52
1252 30
1251 92
1250 88
1249 21
1248 10
1247 27
1246 28
1245 4
1244 53
1243 0
1242 7
1241 47
1240 15
1239 99
1238 20
1237 94
1236 94
1235 69
1234 52
1233 51
1232 62
1231 29
1230 7
1229 1
1228 82
1227 22
1226 37
1225 20
1224 15
1223 75
1222 92
1221 26
1220 86
1219 70
1218 96
1217 45
1216 71
1215 86
1214 20
1213 44
1212 63
1211 91
1210 38
1209 92
1208 79
1207 87
1206 0
1205 65
1204 8
1203 57
1202 28
1201 69
1200 36
1199 78
1198 10
1197 30
1196 60
1195 52
1194 93
1193 15
1192 74
1191 64
1190 73
1189 10
1188 23
1187 46
1186 92
1185 56
1184 88
1183 89
1182 20
1181 73
1180 82
1179 44
1178 59
1177 29
1176 30
1175 14
1174 97
1173 91
1172 94
1171 20
1170 93
1169 92
1168 20
1167 22
1166 56
1165 78
1164 75
1163 96
1162 14
1161 3
1160 1
1159 59
1158 36
1157 18
1156 7
1155 11
1154 73
1153 33
1152 72
1151 68
1150 73
1149 67
1148 86
1147 55
1146 30
1145 84
1144 33
1143 16
1142 42
1141 80
1140 17
1139 4
1138 56
1137 30
1136 93
1135 81
1134 53
1133 69
1132 34
1131 58
1130 30
1129 0
1128 59
1127 79
1126 8
1125 22
1124 93
1123 69
1122 71
1121 57
1120 43
1119 35
1118 51
1117 9
1116 70
1115 2
1114 61
1113 6
1112 51
1111 7
1110 28
1109 75
1108 17
1107 64
1106 7
1105 24
1104 81
1103 7
1102 52
1101 43
1100 11
1099 41
1098 42
1097 57
1096 3
1095 70
1094 94
1093 30
1092 65
1091 17
1090 38
1089 76
1088 85
1087 70
1086 26
1085 18
1084 24
1083 54
1082 39
1081 57
1080 45
1079 96
1078 90
1077 33
1076 1
1075 43
1074 99
1073 38
1072 76
1071 49
1070 42
1069 92
1068 67
1067 99
1066 59
1065 97
1064 29
1063 22
1062 94
1061 80
1060 4
1059 74
1058 2
1057 85
1056 51
1055 96
1054 0
1053 44
1052 1
1051 2
1050 77
1049 84
1048 40
1047 26
1046 1
1045 69
1044 2
1043 72
1042 21
1041 100
1040 80
1039 77
1038 93
1037 30
1036 15
1035 93
1034 38
1033 54
1032 27
1031 98
1030 52
1029 50
1028 27
1027 55
1026 78
1025 57
1024 35
1023 29
1022 77
1021 25
1020 33
1019 69
1018 64
1017 38
1016 65
1015 60
1014 18
1013 61
1012 67
1011 34
1010 20
1009 2
1008 79
1007 53
1006 62
1005 44
1004 23
1003 31
1002 11
1001 22
1000 92
999 22
998 13
997 26
996 48
995 46
994 39
993 57
992 96
991 36
990 47
989 7
988 55
987 100
986 86
985 31
984 58
983 5
982 66
981 39
980 33
979 92
978 82
977 100
976 57
975 90
974 25
973 70
972 23
971 33
970 90
969 65
968 3
967 55
966 9
965 5
964 38
963 87
962 17
961 59
960 40
959 13
958 1
957 24
956 54
955 39
954 83
953 37
952 51
951 25
950 4
949 72
948 71
947 69
946 46
945 81
944 9
943 66
942 30
941 12
940 24
939 83
938 20
937 28
936 25
935 95
934 27
933 65
932 17
931 8
930 92
929 92
928 39
927 74
926 17
925 78
924 24
923 54
922 56
921 79
920 19
919 97
918 39
917 38
916 57
915 68
914 59
913 6
912 24
911 33
910 71
909 74
908 7
907 80
906 12
905 61
904 85
903 23
902 68
901 67
900 83
899 68
898 73
897 54
896 92
895 68
894 26
893 75
892 11
891 70
890 63
889 39
888 38
887 79
886 78
885 67
884 26
883 11
882 100
881 6
880 22
879 92
878 93
877 71
876 49
875 1
874 60
873 93
872 22
871 89
870 48
869 89
868 82
867 50
866 86
865 89
864 55
863 6
862 42
861 99
860 98
859 99
858 3
857 41
856 10
855 97
854 31
853 58
852 71
851 79
850 27
849 54
848 9
847 40
846 53
845 76
844 95
843 71
842 63
841 29
840 69
839 27
838 46
837 66
836 3
835 42
834 98
833 93
832 32
831 12
830 89
829 4
828 38
827 29
826 65
825 18
824 67
823 4
822 95
821 70
820 21
819 37
818 45
817 9
816 90
815 39
814 39
813 79
812 30
811 33
810 8
809 34
808 91
807 88
806 0
805 92
804 58
803 44
802 24
801 17
800 80
799 44
798 28
797 12
796 20
795 62
794 11
793 35
792 98
791 96
790 70
789 54
788 57
787 4
786 51
785 75
784 78
783 21
782 6
781 31
780 72
779 2
778 53
777 90
776 83
775 32
774 97
773 52
772 9
771 48
770 13
769 12
768 52
767 24
766 57
765 1
764 21
763 97
762 10
761 20
760 33
759 27
758 5
757 0
756 11
755 98
754 38
753 50
752 49
751 61
750 17
749 85
748 77
747 24
746 100
745 21
744 82
743 36
742 79
741 25
740 27
739 24
738 34
737 19
736 58
735 90
734 60
733 19
732 29
731 58
730 36
729 45
728 54
727 88
726 74
725 17
724 43
723 87
722 50
721 37
720 87
719 75
718 92
717 78
716 86
715 64
714 77
713 94
712 82
711 0
710 36
709 24
708 19
707 66
706 45
705 77
704 88
703 25
702 78
701 74
700 40
699 85
698 3
697 65
696 74
695 16
694 40
693 88
692 56
691 70
690 82
689 98
688 31
687 81
686 30
685 46
684 48
683 53
682 37
681 74
680 74
679 26
678 27
677 59
676 23
675 89
674 39
673 45
672 86
671 17
670 58
669 65
668 0
667 90
666 49
665 59
664 60
663 35
662 59
661 8
660 28
659 79
658 70
657 79
656 97
655 7
654 13
653 51
652 72
651 93
650 71
649 26
648 19
647 6
646 70
645 40
644 15
643 44
642 67
641 2
640 31
639 19
638 84
637 30
636 35
635 74
634 44
633 64
632 29
631 87
630 32
629 59
628 21
627 8
626 32
625 14
624 86
623 46
622 70
621 2
620 31
619 80
618 64
617 50
616 14
615 44
614 76
613 81
612 68
611 59
610 26
609 40
608 66
607 8
606 62
605 81
604 25
603 21
602 55
601 92
600 44
599 98
598 32
597 22
596 95
595 50
594 96
593 26
592 74
591 12
590 95
589 58
588 32
587 24
586 66
585 50
584 97
583 48
582 12
581 65
580 33
579 22
578 15
577 78
576 47
575 21
574 82
573 90
572 59
571 43
570 34
569 19
568 11
567 47
566 17
565 36
564 73
563 75
562 69
561 43
560 26
559 9
558 30
557 54
556 98
555 91
554 21
553 35
552 91
551 69
550 42
549 47
548 72
547 65
546 3
545 95
544 1
543 77
542 70
541 92
540 80
539 2
538 53
537 29
536 61
535 16
534 11
533 66
532 80
531 23
530 73
529 7
528 84
527 84
526 37
525 82
524 12
523 65
522 25
521 30
520 15
519 3
518 97
517 24
516 74
515 83
514 31
513 40
512 98
511 81
510 47
509 72
508 96
507 58
506 43
505 21
504 87
503 52
502 40
501 75
500 27
499 43
498 85
497 47
496 8
495 33
494 88
493 55
492 60
491 72
490 10
489 79
488 88
487 37
486 17
485 66
484 93
483 58
482 43
481 20
480 75
479 85
478 79
477 42
476 56
475 17
474 4
473 2
472 27
471 50
470 4
469 75
468 5
467 67
466 39
465 91
464 42
463 81
462 84
461 68
460 38
459 26
458 76
457 60
456 83
455 62
454 40
453 83
452 72
451 20
450 8
449 46
448 7
447 61
446 34
445 61
444 96
443 16
442 26
441 24
440 89
439 70
438 5
437 79
436 26
435 44
434 4
433 15
432 88
431 44
430 1
429 67
428 17
427 100
426 62
425 27
424 37
423 60
422 45
421 95
420 49
419 42
418 30
417 44
416 16
415 92
414 34
413 75
412 39
411 65
410 6
409 55
408 3
407 82
406 43
405 40
404 68
403 5
402 23
401 13
400 30
399 84
398 26
397 47
396 0
395 83
394 38
393 30
392 3
391 0
390 40
389 100
388 91
387 6
386 25
385 68
384 79
383 81
382 44
381 20
380 42
379 57
378 46
377 37
376 23
375 79
374 31
373 55
372 73
371 51
370 92
369 16
368 85
367 28
366 43
365 72
364 26
363 30
362 12
361 53
360 68
359 66
358 27
357 71
356 29
355 72
354 88
353 69
352 67
351 50
350 19
349 54
348 59
347 21
346 85
345 23
344 53
343 77
342 16
341 10
340 50
339 37
338 34
337 73
336 58
335 44
334 86
333 6
332 78
331 82
330 40
329 80
328 40
327 60
326 56
325 95
324 40
323 15
322 15
321 42
320 0
319 12
318 95
317 92
316 43
315 22
314 37
313 77
312 60
311 58
310 87
309 76
308 90
307 51
306 53
305 20
304 26
303 7
302 12
301 78
300 62
299 43
298 31
297 67
296 65
295 41
294 93
293 0
292 19
291 35
290 35
289 21
288 2
287 37
286 96
285 21
284 17
283 6
282 75
281 97
280 10
279 64
278 50
277 68
276 58
275 92
274 39
273 39
272 97
271 95
270 71
269 89
268 72
267 58
266 89
265 77
264 95
263 9
262 20
261 96
260 26
259 35
258 7
257 19
256 45
255 97
254 65
253 34
252 72
251 8
250 41
249 44
248 57
247 98
246 95
245 55
244 35
243 0
242 94
241 38
240 55
239 74
238 85
237 14
236 40
235 43
234 7
233 93
232 69
231 87
230 45
229 33
228 0
227 97
226 73
225 23
224 80
223 33
222 69
221 32
220 23
219 25
218 38
217 81
216 85
215 12
214 59
213 8
212 90
211 27
210 2
209 56
208 27
207 12
206 3
205 90
204 48
203 96
202 75
201 19
200 76
199 38
198 72
197 44
196 48
195 75
194 47
193 96
192 35
191 68
190 52
189 12
188 83
187 52
186 62
185 57
184 71
183 71
182 86
181 90
180 13
179 19
178 2
177 56
176 95
175 20
174 7
173 86
172 61
171 22
170 63
169 37
168 58
167 4
166 48
165 69
164 58
163 2
162 52
161 61
160 69
159 73
158 15
157 71
156 40
155 21
154 27
153 99
152 11
151 65
150 11
149 13
148 17
147 79
146 84
145 8
144 55
143 77
142 1
141 2
140 86
139 52
138 94
137 70
136 67
135 66
134 81
133 96
132 95
131 31
130 25
129 8
128 50
127 16
126 66
125 9
124 100
123 0
122 47
121 48
120 24
119 98
118 81
117 88
116 12
115 2
114 62
113 30
112 39
111 60
110 69
109 52
108 83
107 82
106 89
105 78
104 93
103 45
102 60
101 84
100 24
99 5
98 77
97 39
96 24
95 5
94 96
93 96
92 62
91 34
90 9
89 78
88 9
87 31
86 93
85 66
84 4
83 67
82 21
81 11
80 75
79 89
78 49
77 96
76 2
75 7
74 29
73 66
72 81
71 53
70 5
69 42
68 69
67 8
66 14
65 25
64 12
63 26
62 97
61 33
60 47
59 3
58 59
57 80
56 3
55 100
54 2
53 61
52 57
51 55
50 14
49 35
48 2
47 40
46 76
45 33
44 48
43 8
42 71
41 47
40 50
39 38
38 70
37 83
36 12
35 82
34 56
33 29
32 32
31 26
30 35
29 41
28 16
27 32
26 91
25 35
24 15
23 40
22 60
21 13
20 43
19 30
18 49
17 50
16 70
15 42
14 97
13 47
12 89
11 4
10 96
9 12
8 71
7 35
6 95
5 31
4 25
3 69
2 41
1 51
0 79
