10000 4
9999 75
9998 35
9997 93
9996 79
9995 2
9994 30
9993 35
9992 9
9991 50
9990 85
9989 42
9988 87
9987 73
9986 24
9985 45
9984 83
9983 86
9982 21
9981 80
9980 42
9979 24
9978 12
9977 31
9976 50
9975 64
9974 67
9973 53
9972 58
9971 27
9970 22
9969 30
9968 21
9967 15
9966 99
9965 85
9964 63
9963 38
9962 85
9961 52
9960 19
9959 60
9958 70
9957 89
9956 90
9955 48
9954 53
9953 7
9952 35
9951 81
9950 76
9949 66
9948 94
9947 15
9946 84
9945 55
9944 40
9943 21
9942 10
9941 99
9940 5
9939 18
9938 61
9937 32
9936 68
9935 70
9934 20
9933 56
9932 77
9931 55
9930 44
9929 3
9928 75
9927 63
9926 15
9925 68
9924 24
9923 91
9922 2
9921 57
9920 13
9919 46
9918 76
9917 62
9916 34
9915 44
9914 23
9913 37
9912 44
9911 63
9910 83
9909 3
9908 34
9907 59
9906 90
9905 69
9904 86
9903 76
9902 68
9901 5
9900 87
9899 87
9898 78
9897 92
9896 41
9895 63
9894 21
9893 50
9892 29
9891 29
9890 1
9889 27
9888 47
9887 59
9886 42
9885 13
9884 73
9883 0
9882 72
9881 49
9880 3
9879 53
9878 55
9877 68
9876 34
9875 100
9874 12
9873 66
9872 49
9871 53
9870 58
9869 59
9868 95
9867 40
9866 12
9865 97
9864 64
9863 82
9862 99
9861 79
9860 35
9859 43
9858 60
9857 39
9856 9
9855 26
9854 50
9853 89
9852 75
9851 34
9850 51
9849 92
9848 68
9847 59
9846 70
9845 60
9844 28
9843 74
9842 35
9841 7
9840 9
9839 70
9838 87
9837 99
9836 13
9835 95
9834 80
9833 100
9832 30
9831 20
9830 91
9829 37
9828 58
9827 45
9826 56
9825 85
9824 8
9823 18
9822 35
9821 14
9820 10
9819 70
9818 53
9817 78
9816 62
9815 96
9814 31
9813 37
9812 35
9811 10
9810 49
9809 23
9808 30
9807 48
9806 95
9805 53
9804 39
9803 6
9802 15
9801 26
9800 92
9799 45
9798 64
9797 16
9796 20
9795 18
9794 71
9793 52
9792 97
9791 91
9790 42
9789 0
9788 13
9787 90
9786 82
9785 92
9784 99
9783 5
9782 68
9781 98
9780 33
9779 32
9778 63
9777 47
9776 66
9775 49
9774 80
9773 66
9772 47
9771 30
9770 98
9769 7
9768 8
9767 92
9766 98
9765 74
9764 93
9763 38
9762 19
9761 77
9760 17
9759 16
9758 73
9757 0
9756 0
9755 49
9754 13
9753 22
9752 86
9751 95
9750 72
9749 14
9748 9
9747 59
9746 57
9745 17
9744 93
9743 35
9742 19
9741 30
9740 70
9739 97
9738 8
9737 58
9736 31
9735 60
9734 83
9733 75
9732 47
9731 19
9730 76
9729 25
9728 87
9727 10
9726 28
9725 61
9724 21
9723 97
9722 25
9721 73
9720 46
9719 3
9718 27
9717 71
9716 14
9715 97
9714 78
9713 12
9712 96
9711 65
9710 52
9709 95
9708 44
9707 50
9706 35
9705 42
9704 82
9703 70
9702 89
9701 51
9700 0
9699 77
9698 60
9697 6
9696 0
9695 1
9694 84
9693 4
9692 9
9691 73
9690 96
9689 87
9688 74
9687 77
9686 37
9685 7
9684 62
9683 95
9682 34
9681 68
9680 65
9679 15
9678 25
9677 10
9676 34
9675 43
9674 89
9673 19
9672 16
9671 90
9670 33
9669 71
9668 50
9667 77
9666 10
9665 91
9664 64
9663 50
9662 74
9661 7
9660 66
9659 78
9658 76
9657 8
9656 93
9655 96
9654 69
9653 81
9652 13
9651 88
9650 96
9649 54
9648 47
9647 94
9646 87
9645 10
9644 25
9643 20
9642 4
9641 87
9640 0
9639 7
9638 89
9637 35
9636 80
9635 36
9634 59
9633 44
9632 15
9631 94
9630 60
9629 74
9628 100
9627 90
9626 36
9625 97
9624 16
9623 98
9622 83
9621 22
9620 24
9619 51
9618 55
9617 2
9616 75
9615 38
9614 85
9613 96
9612 27
9611 26
9610 53
9609 25
9608 36
9607 38
9606 60
9605 12
9604 32
9603 80
9602 23
9601 48
9600 8
9599 0
9598 78
9597 35
9596 9
9595 33
9594 19
9593 70
9592 29
9591 8
9590 61
9589 78
9588 54
9587 61
9586 62
9585 70
9584 58
9583 26
9582 42
9581 56
9580 13
9579 74
9578 34
9577 10
9576 28
9575 96
9574 34
9573 64
9572 64
9571 14
9570 36
9569 22
9568 81
9567 48
9566 44
9565 19
9564 63
9563 67
9562 26
9561 49
9560 10
9559 89
9558 60
9557 57
9556 35
9555 66
9554 23
9553 74
9552 77
9551 85
9550 63
9549 72
9548 73
9547 60
9546 50
9545 33
9544 64
9543 87
9542 27
9541 19
9540 47
9539 94
9538 54
9537 81
9536 65
9535 45
9534 97
9533 39
9532 64
9531 38
9530 47
9529 14
9528 91
9527 62
9526 31
9525 13
9524 33
9523 79
9522 76
9521 97
9520 40
9519 15
9518 34
9517 33
9516 61
9515 87
9514 93
9513 47
9512 46
9511 25
9510 41
9509 30
9508 95
9507 25
9506 10
9505 81
9504 31
9503 83
9502 2
9501 51
9500 100
9499 46
9498 62
9497 2
9496 29
9495 15
9494 62
9493 18
9492 9
9491 36
9490 19
9489 41
9488 51
9487 2
9486 75
9485 19
9484 66
9483 61
9482 82
9481 23
9480 31
9479 97
9478 56
9477 77
9476 41
9475 46
9474 72
9473 3
9472 16
9471 85
9470 65
9469 8
9468 6
9467 92
9466 46
9465 25
9464 71
9463 57
9462 27
9461 87
9460 0
9459 41
9458 24
9457 45
9456 90
9455 9
9454 85
9453 61
9452 6
9451 18
9450 45
9449 38
9448 82
9447 90
9446 24
9445 95
9444 3
9443 37
9442 80
9441 40
9440 26
9439 31
9438 61
9437 36
9436 41
9435 100
9434 52
9433 43
9432 98
9431 81
9430 9
9429 0
9428 37
9427 50
9426 71
9425 10
9424 55
9423 45
9422 47
9421 95
9420 74
9419 15
9418 78
9417 100
9416 37
9415 32
9414 0
9413 73
9412 97
9411 100
9410 64
9409 63
9408 6
9407 14
9406 46
9405 50
9404 83
9403 3
9402 92
9401 81
9400 33
9399 79
9398 14
9397 20
9396 9
9395 37
9394 27
9393 71
9392 45
9391 82
9390 21
9389 31
9388 15
9387 66
9386 96
9385 0
9384 90
9383 67
9382 46
9381 21
9380 1
9379 12
9378 96
9377 4
9376 63
9375 88
9374 60
9373 19
9372 32
9371 68
9370 26
9369 84
9368 5
9367 66
9366 48
9365 53
9364 40
9363 34
9362 52
9361 96
9360 33
9359 63
9358 97
9357 53
9356 91
9355 40
9354 47
9353 54
9352 10
9351 37
9350 66
9349 99
9348 20
9347 47
9346 60
9345 31
9344 55
9343 98
9342 64
9341 7
9340 9
9339 31
9338 62
9337 17
9336 20
9335 88
9334 87
9333 54
9332 77
9331 24
9330 81
9329 34
9328 16
9327 16
9326 2
9325 57
9324 92
9323 22
9322 62
9321 82
9320 27
9319 64
9318 88
9317 8
9316 81
9315 64
9314 95
9313 48
9312 97
9311 1
9310 8
9309 32
9308 14
9307 98
9306 21
9305 86
9304 34
9303 11
9302 45
9301 37
9300 82
9299 64
9298 32
9297 5
9296 88
9295 46
9294 72
9293 23
9292 22
9291 25
9290 97
9289 54
9288 68
9287 80
9286 32
9285 38
9284 99
9283 2
9282 78
9281 97
9280 0
9279 98
9278 3
9277 95
9276 59
9275 8
9274 76
9273 45
9272 8
9271 50
9270 39
9269 67
9268 13
9267 2
9266 60
9265 83
9264 95
9263 57
9262 5
9261 7
9260 32
9259 23
9258 36
9257 46
9256 62
9255 85
9254 44
9253 9
9252 50
9251 12
9250 23
9249 97
9248 68
9247 11
9246 54
9245 98
9244 89
9243 32
9242 2
9241 9
9240 55
9239 49
9238 77
9237 81
9236 6
9235 95
9234 30
9233 61
9232 72
9231 73
9230 83
9229 7
9228 32
9227 14
9226 73
9225 53
9224 89
9223 19
9222 27
9221 20
9220 42
9219 83
9218 87
9217 35
9216 5
9215 31
9214 62
9213 67
9212 10
9211 34
9210 25
9209 57
9208 66
9207 75
9206 41
9205 95
9204 73
9203 5
9202 77
9201 59
9200 66
9199 42
9198 39
9197 4
9196 53
9195 75
9194 36
9193 81
9192 94
9191 96
9190 51
9189 4
9188 90
9187 54
9186 15
9185 72
9184 12
9183 27
9182 90
9181 58
9180 79
9179 29
9178 43
9177 84
9176 68
9175 28
9174 41
9173 84
9172 4
9171 19
9170 46
9169 30
9168 6
9167 73
9166 26
9165 71
9164 34
9163 99
9162 27
9161 97
9160 29
9159 55
9158 96
9157 93
9156 56
9155 47
9154 73
9153 53
9152 41
9151 86
9150 98
9149 38
9148 20
9147 53
9146 27
9145 67
9144 63
9143 25
9142 51
9141 30
9140 63
9139 93
9138 94
9137 39
9136 67
9135 98
9134 6
9133 46
9132 99
9131 60
9130 85
9129 96
9128 70
9127 39
9126 93
9125 44
9124 2
9123 76
9122 73
9121 86
9120 1
9119 37
9118 72
9117 21
9116 83
9115 39
9114 54
9113 6
9112 23
9111 65
9110 55
9109 58
9108 0
9107 22
9106 61
9105 92
9104 30
9103 85
9102 30
9101 60
9100 88
9099 42
9098 9
9097 49
9096 10
9095 18
9094 55
9093 14
9092 68
9091 59
9090 93
9089 10
9088 9
9087 89
9086 63
9085 69
9084 89
9083 95
9082 11
9081 4
9080 76
9079 44
9078 5
9077 59
9076 42
9075 91
9074 73
9073 87
9072 85
9071 60
9070 5
9069 48
9068 81
9067 47
9066 52
9065 81
9064 70
9063 81
9062 12
9061 44
9060 53
9059 70
9058 24
9057 68
9056 69
9055 49
9054 76
9053 14
9052 49
9051 3
9050 14
9049 31
9048 39
9047 87
9046 92
9045 49
9044 96
9043 17
9042 91
9041 58
9040 29
9039 4
9038 62
9037 80
9036 47
9035 33
9034 45
9033 48
9032 83
9031 70
9030 54
9029 25
9028 77
9027 14
9026 11
9025 74
9024 81
9023 71
9022 73
9021 65
9020 13
9019 1
9018 86
9017 26
9016 49
9015 79
9014 57
9013 77
9012 17
9011 100
9010 39
9009 7
9008 98
9007 56
9006 74
9005 87
9004 41
9003 9
9002 77
9001 24
9000 32
8999 46
8998 39
8997 65
8996 31
8995 60
8994 85
8993 78
8992 33
8991 76
8990 68
8989 9
8988 46
8987 14
8986 52
8985 82
8984 75
8983 27
8982 93
8981 24
8980 81
8979 83
8978 32
8977 56
8976 100
8975 63
8974 96
8973 27
8972 4
8971 55
8970 17
8969 85
8968 65
8967 38
8966 43
8965 49
8964 39
8963 85
8962 82
8961 99
8960 33
8959 27
8958 22
8957 14
8956 40
8955 89
8954 3
8953 100
8952 15
8951 91
8950 41
8949 72
8948 26
8947 91
8946 38
8945 23
8944 17
8943 3
8942 6
8941 92
8940 38
8939 91
8938 58
8937 21
8936 17
8935 80
8934 10
8933 67
8932 48
8931 76
8930 38
8929 46
8928 46
8927 27
8926 74
8925 58
8924 23
8923 67
8922 27
8921 61
8920 28
8919 28
8918 15
8917 80
8916 57
8915 86
8914 3
8913 94
8912 37
8911 90
8910 30
8909 78
8908 86
8907 18
8906 95
8905 6
8904 89
8903 72
8902 8
8901 78
8900 30
8899 91
8898 28
8897 24
8896 8
8895 59
8894 32
8893 45
8892 67
8891 85
8890 54
8889 69
8888 71
8887 28
8886 31
8885 99
8884 44
8883 89
8882 90
8881 72
8880 56
8879 7
8878 22
8877 33
8876 56
8875 35
8874 98
8873 37
8872 60
8871 98
8870 54
8869 4
8868 45
8867 56
8866 76
8865 8
8864 92
8863 82
8862 2
8861 39
8860 25
8859 37
8858 63
8857 11
8856 100
8855 45
8854 40
8853 75
8852 0
8851 31
8850 35
8849 28
8848 77
8847 70
8846 7
8845 75
8844 81
8843 89
8842 90
8841 10
8840 60
8839 92
8838 3
8837 64
8836 9
8835 69
8834 9
8833 78
8832 60
8831 47
8830 87
8829 68
8828 41
8827 76
8826 7
8825 15
8824 86
8823 58
8822 93
8821 39
8820 20
8819 25
8818 61
8817 69
8816 80
8815 13
8814 54
8813 72
8812 83
8811 6
8810 74
8809 34
8808 77
8807 0
8806 25
8805 95
8804 38
8803 40
8802 63
8801 94
8800 19
8799 91
8798 65
8797 74
8796 8
8795 9
8794 70
8793 39
8792 32
8791 68
8790 59
8789 61
8788 68
8787 73
8786 66
8785 89
8784 27
8783 98
8782 52
8781 37
8780 88
8779 64
8778 78
8777 35
8776 16
8775 28
8774 94
8773 50
8772 42
8771 96
8770 20
8769 87
8768 30
8767 85
8766 65
8765 86
8764 49
8763 63
8762 22
8761 76
8760 59
8759 15
8758 83
8757 25
8756 38
8755 66
8754 70
8753 90
8752 59
8751 88
8750 72
8749 58
8748 66
8747 31
8746 70
8745 53
8744 37
8743 6
8742 36
8741 99
8740 16
8739 92
8738 29
8737 4
8736 35
8735 37
8734 12
8733 57
8732 38
8731 9
8730 69
8729 63
8728 95
8727 74
8726 64
8725 64
8724 71
8723 11
8722 15
8721 14
8720 37
8719 12
8718 65
8717 24
8716 24
8715 52
8714 69
8713 38
8712 71
8711 53
8710 36
8709 47
8708 73
8707 95
8706 1
8705 59
8704 55
8703 68
8702 93
8701 26
8700 35
8699 59
8698 77
8697 17
8696 75
8695 22
8694 59
8693 21
8692 64
8691 18
8690 41
8689 44
8688 8
8687 88
8686 60
8685 32
8684 68
8683 73
8682 23
8681 91
8680 51
8679 82
8678 15
8677 71
8676 64
8675 33
8674 81
8673 30
8672 40
8671 53
8670 72
8669 19
8668 17
8667 54
8666 32
8665 87
8664 75
8663 71
8662 95
8661 62
8660 76
8659 18
8658 92
8657 4
8656 79
8655 34
8654 86
8653 62
8652 97
8651 1
8650 42
8649 62
8648 90
8647 5
8646 81
8645 43
8644 96
8643 84
8642 63
8641 85
8640 81
8639 35
8638 56
8637 30
8636 0
8635 59
8634 87
8633 44
8632 15
8631 56
8630 27
8629 26
8628 91
8627 41
8626 26
8625 14
8624 15
8623 87
8622 16
8621 11
8620 83
8619 87
8618 8
8617 29
8616 62
8615 24
8614 82
8613 27
8612 78
8611 27
8610 12
8609 4
8608 41
8607 99
8606 41
8605 14
8604 38
8603 89
8602 53
8601 60
8600 40
8599 96
8598 74
8597 52
8596 18
8595 89
8594 24
8593 38
8592 22
8591 90
8590 5
8589 25
8588 86
8587 24
8586 2
8585 36
8584 15
8583 3
8582 62
8581 4
8580 18
8579 73
8578 5
8577 0
8576 22
8575 83
8574 40
8573 65
8572 5
8571 88
8570 95
8569 51
8568 63
8567 78
8566 64
8565 8
8564 39
8563 66
8562 8
8561 10
8560 69
8559 98
8558 82
8557 67
8556 68
8555 13
8554 8
8553 32
8552 13
8551 8
8550 90
8549 38
8548 75
8547 58
8546 34
8545 70
8544 11
8543 60
8542 32
8541 95
8540 94
8539 95
8538 70
8537 5
8536 87
8535 6
8534 31
8533 43
8532 92
8531 46
8530 14
8529 2
8528 74
8527 57
8526 36
8525 84
8524 98
8523 48
8522 100
8521 59
8520 31
8519 88
8518 85
8517 31
8516 49
8515 12
8514 99
8513 38
8512 65
8511 88
8510 21
8509 68
8508 59
8507 90
8506 100
8505 49
8504 28
8503 89
8502 20
8501 57
8500 48
8499 95
8498 43
8497 90
8496 35
8495 87
8494 93
8493 96
8492 7
8491 86
8490 39
8489 90
8488 94
8487 22
8486 21
8485 87
8484 52
8483 92
8482 65
8481 85
8480 43
8479 13
8478 51
8477 46
8476 43
8475 47
8474 20
8473 97
8472 79
8471 35
8470 99
8469 74
8468 14
8467 15
8466 13
8465 1
8464 6
8463 12
8462 80
8461 97
8460 9
8459 54
8458 63
8457 82
8456 34
8455 84
8454 30
8453 72
8452 68
8451 83
8450 80
8449 6
8448 38
8447 69
8446 94
8445 74
8444 62
8443 55
8442 97
8441 69
8440 39
8439 43
8438 56
8437 29
8436 29
8435 33
8434 43
8433 99
8432 69
8431 3
8430 54
8429 86
8428 36
8427 66
8426 74
8425 61
8424 88
8423 94
8422 43
8421 75
8420 53
8419 15
8418 46
8417 74
8416 31
8415 7
8414 30
8413 18
8412 44
8411 30
8410 52
8409 100
8408 51
8407 26
8406 12
8405 57
8404 58
8403 3
8402 34
8401 99
8400 39
8399 25
8398 49
8397 77
8396 68
8395 75
8394 44
8393 40
8392 44
8391 92
8390 30
8389 35
8388 39
8387 99
8386 21
8385 24
8384 71
8383 65
8382 9
8381 42
8380 54
8379 66
8378 59
8377 69
8376 48
8375 54
8374 31
8373 94
8372 6
8371 9
8370 100
8369 38
8368 76
8367 19
8366 82
8365 35
8364 84
8363 6
8362 17
8361 43
8360 32
8359 8
8358 88
8357 65
8356 8
8355 43
8354 83
8353 15
8352 9
8351 4
8350 54
8349 74
8348 97
8347 47
8346 52
8345 34
8344 96
8343 76
8342 56
8341 13
8340 73
8339 63
8338 43
8337 76
8336 19
8335 50
8334 84
8333 35
8332 75
8331 56
8330 32
8329 23
8328 33
8327 72
8326 53
8325 51
8324 31
8323 3
8322 11
8321 82
8320 40
8319 8
8318 87
8317 35
8316 70
8315 65
8314 24
8313 88
8312 42
8311 88
8310 16
8309 89
8308 50
8307 55
8306 92
8305 61
8304 2
8303 37
8302 23
8301 32
8300 42
8299 38
8298 49
8297 93
8296 59
8295 92
8294 92
8293 5
8292 81
8291 72
8290 7
8289 77
8288 11
8287 88
8286 72
8285 68
8284 63
8283 57
8282 82
8281 68
8280 12
8279 51
8278 86
8277 65
8276 66
8275 88
8274 13
8273 23
8272 91
8271 12
8270 21
8269 63
8268 13
8267 34
8266 76
8265 85
8264 51
8263 81
8262 58
8261 66
8260 7
8259 96
8258 67
8257 30
8256 15
8255 18
8254 71
8253 59
8252 37
8251 91
8250 95
8249 39
8248 99
8247 85
8246 76
8245 80
8244 5
8243 73
8242 85
8241 84
8240 88
8239 11
8238 83
8237 59
8236 98
8235 83
8234 48
8233 11
8232 59
8231 75
8230 56
8229 50
8228 61
8227 73
8226 74
8225 19
8224 93
8223 49
8222 47
8221 50
8220 61
8219 32
8218 55
8217 92
8216 55
8215 10
8214 52
8213 17
8212 40
8211 21
8210 77
8209 22
8208 17
8207 79
8206 64
8205 22
8204 14
8203 81
8202 21
8201 100
8200 99
8199 37
8198 39
8197 21
8196 69
8195 76
8194 2
8193 88
8192 61
8191 99
8190 56
8189 95
8188 83
8187 95
8186 6
8185 11
8184 8
8183 7
8182 91
8181 8
8180 7
8179 2
8178 25
8177 34
8176 29
8175 81
8174 24
8173 86
8172 54
8171 86
8170 46
8169 86
8168 83
8167 88
8166 42
8165 39
8164 28
8163 26
8162 66
8161 79
8160 12
8159 8
8158 83
8157 89
8156 63
8155 75
8154 85
8153 97
8152 23
8151 47
8150 9
8149 72
8148 58
8147 46
8146 23
8145 44
8144 77
8143 26
8142 68
8141 84
8140 95
8139 65
8138 82
8137 58
8136 42
8135 14
8134 24
8133 97
8132 58
8131 19
8130 94
8129 47
8128 90
8127 41
8126 30
8125 21
8124 10
8123 59
8122 85
8121 79
8120 21
8119 45
8118 56
8117 61
8116 92
8115 71
8114 90
8113 79
8112 24
8111 100
8110 47
8109 30
8108 39
8107 46
8106 7
8105 19
8104 84
8103 82
8102 43
8101 68
8100 29
8099 34
8098 76
8097 61
8096 35
8095 27
8094 53
8093 96
8092 79
8091 96
8090 50
8089 0
8088 24
8087 54
8086 89
8085 93
8084 95
8083 32
8082 100
8081 87
8080 96
8079 99
8078 21
8077 31
8076 46
8075 45
8074 60
8073 1
8072 70
8071 85
8070 69
8069 76
8068 21
8067 5
8066 25
8065 68
8064 85
8063 72
8062 13
8061 0
8060 31
8059 65
8058 53
8057 20
8056 14
8055 8
8054 60
8053 36
8052 95
8051 76
8050 58
8049 58
8048 16
8047 88
8046 42
8045 32
8044 12
8043 2
8042 1
8041 61
8040 68
8039 37
8038 98
8037 46
8036 55
8035 4
8034 71
8033 66
8032 96
8031 5
8030 49
8029 99
8028 0
8027 47
8026 92
8025 76
8024 89
8023 82
8022 55
8021 100
8020 55
8019 13
8018 31
8017 24
8016 26
8015 90
8014 24
8013 45
8012 19
8011 19
8010 96
8009 4
8008 87
8007 98
8006 40
8005 2
8004 24
8003 79
8002 40
8001 62
8000 69
7999 49
7998 89
7997 79
7996 85
7995 57
7994 13
7993 45
7992 23
7991 19
7990 26
7989 31
7988 81
7987 22
7986 88
7985 26
7984 54
7983 82
7982 48
7981 96
7980 95
7979 46
7978 28
7977 17
7976 57
7975 3
7974 80
7973 90
7972 34
7971 77
7970 11
7969 36
7968 85
7967 9
7966 22
7965 44
7964 70
7963 81
7962 61
7961 61
7960 75
7959 93
7958 63
7957 87
7956 39
7955 86
7954 1
7953 22
7952 69
7951 15
7950 46
7949 99
7948 67
7947 98
7946 12
7945 92
7944 57
7943 7
7942 28
7941 33
7940 2
7939 59
7938 7
7937 72
7936 46
7935 11
7934 85
7933 53
7932 23
7931 34
7930 3
7929 65
7928 23
7927 57
7926 79
7925 88
7924 90
7923 80
7922 65
7921 3
7920 88
7919 29
7918 22
7917 46
7916 17
7915 21
7914 40
7913 29
7912 85
7911 55
7910 93
7909 61
7908 32
7907 61
7906 3
7905 1
7904 99
7903 91
7902 52
7901 95
7900 7
7899 69
7898 63
7897 67
7896 8
7895 66
7894 4
7893 99
7892 48
7891 2
7890 57
7889 44
7888 93
7887 51
7886 86
7885 19
7884 7
7883 66
7882 79
7881 37
7880 45
7879 99
7878 8
7877 37
7876 93
7875 14
7874 80
7873 41
7872 89
7871 100
7870 59
7869 95
7868 11
7867 60
7866 56
7865 62
7864 50
7863 60
7862 0
7861 1
7860 82
7859 12
7858 94
7857 2
7856 40
7855 63
7854 17
7853 56
7852 76
7851 57
7850 19
7849 72
7848 80
7847 48
7846 79
7845 76
7844 92
7843 10
7842 72
7841 69
7840 73
7839 65
7838 0
7837 10
7836 93
7835 9
7834 29
7833 40
7832 31
7831 1
7830 6
7829 62
7828 29
7827 87
7826 68
7825 79
7824 13
7823 87
7822 19
7821 2
7820 51
7819 49
7818 68
7817 32
7816 13
7815 67
7814 77
7813 74
7812 28
7811 96
7810 84
7809 9
7808 88
7807 94
7806 3
7805 32
7804 0
7803 35
7802 46
7801 87
7800 94
7799 94
7798 79
7797 83
7796 41
7795 82
7794 69
7793 60
7792 64
7791 76
7790 34
7789 23
7788 58
7787 16
7786 51
7785 79
7784 77
7783 29
7782 29
7781 62
7780 43
7779 78
7778 24
7777 87
7776 80
7775 74
7774 68
7773 64
7772 15
7771 99
7770 37
7769 19
7768 26
7767 76
7766 29
7765 17
7764 30
7763 43
7762 89
7761 62
7760 96
7759 43
7758 6
7757 24
7756 48
7755 52
7754 41
7753 98
7752 10
7751 27
7750 92
7749 38
7748 64
7747 58
7746 99
7745 30
7744 96
7743 7
7742 3
7741 55
7740 41
7739 30
7738 64
7737 4
7736 69
7735 0
7734 52
7733 45
7732 63
7731 58
7730 79
7729 83
7728 50
7727 8
7726 82
7725 7
7724 82
7723 76
7722 85
7721 58
7720 83
7719 5
7718 74
7717 82
7716 72
7715 73
7714 74
7713 58
7712 87
7711 50
7710 32
7709 38
7708 3
7707 19
7706 71
7705 18
7704 84
7703 26
7702 86
7701 65
7700 33
7699 88
7698 63
7697 93
7696 14
7695 79
7694 21
7693 2
7692 70
7691 75
7690 56
7689 73
7688 86
7687 9
7686 55
7685 51
7684 80
7683 72
7682 53
7681 49
7680 60
7679 14
7678 60
7677 14
7676 3
7675 3
7674 8
7673 78
7672 62
7671 84
7670 2
7669 55
7668 41
7667 45
7666 28
7665 95
7664 42
7663 80
7662 13
7661 94
7660 76
7659 30
7658 51
7657 33
7656 40
7655 70
7654 12
7653 74
7652 5
7651 31
7650 92
7649 14
7648 64
7647 70
7646 80
7645 22
7644 54
7643 26
7642 55
7641 96
7640 39
7639 63
7638 20
7637 12
7636 88
7635 45
7634 4
7633 0
7632 37
7631 57
7630 40
7629 60
7628 33
7627 5
7626 30
7625 43
7624 24
7623 86
7622 13
7621 100
7620 56
7619 34
7618 92
7617 39
7616 86
7615 24
7614 37
7613 11
7612 85
7611 18
7610 84
7609 63
7608 79
7607 8
7606 18
7605 34
7604 44
7603 4
7602 94
7601 67
7600 99
7599 88
7598 68
7597 12
7596 95
7595 85
7594 78
7593 81
7592 73
7591 57
7590 19
7589 27
7588 99
7587 60
7586 75
7585 80
7584 24
7583 89
7582 100
7581 33
7580 51
7579 58
7578 97
7577 21
7576 96
7575 99
7574 42
7573 5
7572 97
7571 57
7570 18
7569 14
7568 41
7567 72
7566 28
7565 75
7564 64
7563 46
7562 70
7561 42
7560 19
7559 14
7558 49
7557 98
7556 96
7555 66
7554 94
7553 99
7552 9
7551 60
7550 62
7549 78
7548 68
7547 80
7546 5
7545 72
7544 15
7543 67
7542 40
7541 94
7540 79
7539 99
7538 24
7537 79
7536 12
7535 92
7534 94
7533 24
7532 23
7531 10
7530 61
7529 80
7528 100
7527 89
7526 56
7525 75
7524 38
7523 21
7522 85
7521 95
7520 20
7519 20
7518 2
7517 55
7516 42
7515 0
7514 8
7513 65
7512 74
7511 8
7510 59
7509 56
7508 99
7507 97
7506 61
7505 76
7504 9
7503 27
7502 74
7501 19
7500 46
7499 64
7498 16
7497 38
7496 52
7495 86
7494 67
7493 15
7492 86
7491 29
7490 79
7489 32
7488 19
7487 88
7486 61
7485 52
7484 13
7483 63
7482 47
7481 60
7480 87
7479 97
7478 70
7477 18
7476 57
7475 95
7474 19
7473 33
7472 98
7471 96
7470 70
7469 48
7468 73
7467 88
7466 90
7465 35
7464 71
7463 1
7462 97
7461 12
7460 8
7459 93
7458 98
7457 33
7456 97
7455 53
7454 24
7453 10
7452 74
7451 86
7450 63
7449 42
7448 20
7447 16
7446 92
7445 94
7444 69
7443 2
7442 52
7441 96
7440 62
7439 83
7438 55
7437 95
7436 64
7435 27
7434 53
7433 41
7432 77
7431 45
7430 99
7429 95
7428 100
7427 48
7426 18
7425 35
7424 81
7423 33
7422 6
7421 40
7420 77
7419 39
7418 98
7417 66
7416 76
7415 34
7414 35
7413 16
7412 37
7411 30
7410 11
7409 70
7408 60
7407 11
7406 46
7405 98
7404 97
7403 41
7402 36
7401 52
7400 90
7399 53
7398 85
7397 44
7396 18
7395 72
7394 57
7393 10
7392 72
7391 8
7390 98
7389 22
7388 53
7387 33
7386 98
7385 23
7384 2
7383 33
7382 21
7381 75
7380 90
7379 66
7378 9
7377 16
7376 40
7375 49
7374 30
7373 58
7372 97
7371 44
7370 77
7369 46
7368 60
7367 27
7366 12
7365 54
7364 7
7363 47
7362 21
7361 90
7360 0
7359 73
7358 70
7357 77
7356 12
7355 19
7354 89
7353 81
7352 53
7351 43
7350 15
7349 59
7348 9
7347 65
7346 22
7345 30
7344 29
7343 28
7342 51
7341 36
7340 44
7339 38
7338 65
7337 64
7336 33
7335 63
7334 48
7333 52
7332 79
7331 15
7330 12
7329 43
7328 43
7327 13
7326 71
7325 97
7324 29
7323 4
7322 24
7321 97
7320 74
7319 62
7318 28
7317 83
7316 31
7315 83
7314 85
7313 48
7312 18
7311 80
7310 86
7309 37
7308 86
7307 10
7306 16
7305 93
7304 76
7303 28
7302 64
7301 89
7300 99
7299 13
7298 95
7297 63
7296 4
7295 62
7294 53
7293 70
7292 1
7291 93
7290 6
7289 78
7288 72
7287 18
7286 19
7285 9
7284 56
7283 58
7282 37
7281 14
7280 50
7279 97
7278 80
7277 84
7276 57
7275 73
7274 41
7273 61
7272 29
7271 32
7270 36
7269 92
7268 80
7267 30
7266 53
7265 44
7264 79
7263 72
7262 100
7261 36
7260 73
7259 27
7258 48
7257 89
7256 49
7255 86
7254 83
7253 57
7252 36
7251 63
7250 49
7249 89
7248 39
7247 23
7246 7
7245 73
7244 43
7243 37
7242 19
7241 87
7240 63
7239 17
7238 52
7237 62
7236 71
7235 20
7234 14
7233 94
7232 18
7231 74
7230 54
7229 40
7228 82
7227 60
7226 65
7225 59
7224 4
7223 3
7222 34
7221 10
7220 13
7219 44
7218 72
7217 68
7216 61
7215 39
7214 85
7213 93
7212 38
7211 9
7210 23
7209 75
7208 23
7207 74
7206 49
7205 83
7204 21
7203 29
7202 94
7201 4
7200 10
7199 89
7198 13
7197 7
7196 81
7195 60
7194 56
7193 14
7192 84
7191 52
7190 99
7189 75
7188 91
7187 29
7186 2
7185 69
7184 41
7183 28
7182 81
7181 20
7180 63
7179 12
7178 92
7177 43
7176 73
7175 70
7174 95
7173 88
7172 41
7171 44
7170 32
7169 0
7168 31
7167 83
7166 55
7165 56
7164 21
7163 84
7162 71
7161 4
7160 22
7159 37
7158 49
7157 1
7156 91
7155 57
7154 65
7153 93
7152 72
7151 88
7150 82
7149 77
7148 100
7147 56
7146 15
7145 49
7144 70
7143 45
7142 64
7141 44
7140 4
7139 0
7138 63
7137 100
7136 77
7135 88
7134 58
7133 34
7132 98
7131 44
7130 29
7129 86
7128 37
7127 86
7126 82
7125 62
7124 19
7123 8
7122 84
7121 25
7120 76
7119 11
7118 13
7117 72
7116 88
7115 77
7114 65
7113 59
7112 36
7111 19
7110 28
7109 39
7108 48
7107 68
7106 35
7105 56
7104 93
7103 84
7102 100
7101 54
7100 63
7099 41
7098 9
7097 3
7096 79
7095 27
7094 84
7093 88
7092 10
7091 55
7090 96
7089 9
7088 56
7087 14
7086 55
7085 31
7084 79
7083 90
7082 13
7081 41
7080 90
7079 62
7078 43
7077 40
7076 46
7075 55
7074 36
7073 53
7072 62
7071 92
7070 11
7069 86
7068 3
7067 74
7066 73
7065 0
7064 99
7063 17
7062 98
7061 28
7060 10
7059 16
7058 31
7057 62
7056 23
7055 44
7054 80
7053 11
7052 3
7051 74
7050 88
7049 75
7048 70
7047 9
7046 2
7045 79
7044 48
7043 79
7042 66
7041 74
7040 88
7039 26
7038 0
7037 53
7036 19
7035 91
7034 98
7033 48
7032 78
7031 43
7030 39
7029 5
7028 44
7027 30
7026 59
7025 87
7024 81
7023 50
7022 16
7021 77
7020 42
7019 42
7018 13
7017 81
7016 72
7015 79
7014 8
7013 74
7012 88
7011 74
7010 42
7009 61
7008 25
7007 19
7006 7
7005 17
7004 59
7003 36
7002 14
7001 42
7000 68
6999 78
6998 64
6997 25
6996 57
6995 98
6994 38
6993 75
6992 56
6991 10
6990 68
6989 86
6988 12
6987 3
6986 72
6985 31
6984 57
6983 99
6982 97
6981 17
6980 64
6979 28
6978 33
6977 5
6976 20
6975 47
6974 29
6973 98
6972 98
6971 70
6970 17
6969 88
6968 68
6967 41
6966 35
6965 11
6964 69
6963 46
6962 100
6961 92
6960 50
6959 95
6958 26
6957 36
6956 45
6955 81
6954 100
6953 86
6952 81
6951 26
6950 76
6949 100
6948 56
6947 3
6946 12
6945 42
6944 91
6943 83
6942 74
6941 44
6940 38
6939 70
6938 15
6937 86
6936 32
6935 17
6934 43
6933 100
6932 2
6931 60
6930 65
6929 28
6928 70
6927 5
6926 3
6925 71
6924 20
6923 93
6922 6
6921 7
6920 31
6919 60
6918 98
6917 62
6916 37
6915 42
6914 46
6913 6
6912 44
6911 95
6910 45
6909 85
6908 13
6907 20
6906 84
6905 36
6904 31
6903 75
6902 41
6901 93
6900 57
6899 2
6898 2
6897 31
6896 80
6895 92
6894 99
6893 25
6892 91
6891 12
6890 71
6889 1
6888 81
6887 2
6886 35
6885 47
6884 28
6883 60
6882 0
6881 80
6880 54
6879 35
6878 0
6877 27
6876 55
6875 13
6874 24
6873 76
6872 65
6871 77
6870 14
6869 68
6868 29
6867 67
6866 79
6865 64
6864 34
6863 41
6862 9
6861 36
6860 96
6859 65
6858 85
6857 100
6856 16
6855 6
6854 30
6853 93
6852 89
6851 62
6850 80
6849 14
6848 20
6847 6
6846 35
6845 59
6844 94
6843 32
6842 99
6841 7
6840 29
6839 32
6838 72
6837 45
6836 11
6835 21
6834 83
6833 53
6832 63
6831 18
6830 45
6829 7
6828 34
6827 4
6826 13
6825 72
6824 87
6823 25
6822 39
6821 80
6820 6
6819 69
6818 22
6817 47
6816 29
6815 83
6814 65
6813 70
6812 87
6811 83
6810 68
6809 21
6808 79
6807 93
6806 80
6805 17
6804 90
6803 50
6802 16
6801 94
6800 38
6799 3
6798 55
6797 55
6796 27
6795 57
6794 32
6793 12
6792 22
6791 33
6790 88
6789 25
6788 21
6787 10
6786 56
6785 75
6784 69
6783 49
6782 19
6781 87
6780 14
6779 47
6778 33
6777 79
6776 35
6775 69
6774 1
6773 99
6772 73
6771 24
6770 20
6769 5
6768 60
6767 79
6766 60
6765 78
6764 98
6763 12
6762 45
6761 25
6760 42
6759 14
6758 0
6757 98
6756 96
6755 22
6754 17
6753 70
6752 70
6751 20
6750 82
6749 85
6748 9
6747 73
6746 20
6745 53
6744 84
6743 53
6742 93
6741 68
6740 10
6739 58
6738 2
6737 55
6736 92
6735 30
6734 60
6733 83
6732 47
6731 79
6730 89
6729 13
6728 34
6727 30
6726 16
6725 5
6724 68
6723 12
6722 57
6721 22
6720 43
6719 17
6718 83
6717 73
6716 50
6715 27
6714 66
6713 71
6712 66
6711 93
6710 34
6709 6
6708 8
6707 73
6706 100
6705 21
6704 79
6703 43
6702 13
6701 29
6700 89
6699 90
6698 6
6697 98
6696 19
6695 21
6694 30
6693 86
6692 0
6691 32
6690 79
6689 76
6688 97
6687 22
6686 42
6685 36
6684 9
6683 50
6682 48
6681 71
6680 53
6679 13
6678 10
6677 20
6676 36
6675 49
6674 69
6673 61
6672 19
6671 24
6670 28
6669 92
6668 98
6667 76
6666 83
6665 79
6664 94
6663 13
6662 20
6661 89
6660 70
6659 45
6658 97
6657 1
6656 65
6655 54
6654 60
6653 47
6652 58
6651 38
6650 81
6649 64
6648 4
6647 46
6646 6
6645 63
6644 98
6643 66
6642 97
6641 25
6640 17
6639 87
6638 22
6637 16
6636 94
6635 18
6634 47
6633 97
6632 13
6631 62
6630 56
6629 63
6628 85
6627 8
6626 64
6625 64
6624 5
6623 62
6622 87
6621 30
6620 35
6619 0
6618 23
6617 48
6616 94
6615 78
6614 73
6613 36
6612 25
6611 19
6610 53
6609 0
6608 49
6607 52
6606 100
6605 25
6604 70
6603 70
6602 98
6601 29
6600 68
6599 42
6598 68
6597 47
6596 16
6595 43
6594 79
6593 59
6592 82
6591 100
6590 83
6589 97
6588 17
6587 1
6586 54
6585 91
6584 72
6583 75
6582 46
6581 70
6580 7
6579 19
6578 35
6577 72
6576 58
6575 55
6574 90
6573 46
6572 22
6571 81
6570 5
6569 82
6568 91
6567 100
6566 33
6565 50
6564 51
6563 24
6562 68
6561 73
6560 8
6559 56
6558 23
6557 37
6556 20
6555 79
6554 58
6553 98
6552 36
6551 93
6550 39
6549 69
6548 72
6547 89
6546 65
6545 5
6544 17
6543 66
6542 38
6541 88
6540 60
6539 10
6538 97
6537 28
6536 87
6535 78
6534 48
6533 73
6532 0
6531 27
6530 81
6529 46
6528 86
6527 97
6526 50
6525 10
6524 61
6523 25
6522 74
6521 42
6520 71
6519 92
6518 50
6517 39
6516 96
6515 21
6514 27
6513 32
6512 93
6511 46
6510 64
6509 86
6508 45
6507 34
6506 83
6505 77
6504 37
6503 55
6502 20
6501 97
6500 17
6499 15
6498 56
6497 1
6496 63
6495 64
6494 15
6493 32
6492 26
6491 69
6490 30
6489 94
6488 86
6487 43
6486 46
6485 24
6484 49
6483 37
6482 41
6481 70
6480 42
6479 54
6478 100
6477 14
6476 18
6475 29
6474 6
6473 36
6472 24
6471 80
6470 21
6469 99
6468 79
6467 32
6466 71
6465 67
6464 53
6463 86
6462 93
6461 86
6460 63
6459 11
6458 5
6457 6
6456 40
6455 67
6454 95
6453 11
6452 97
6451 62
6450 3
6449 51
6448 75
6447 91
6446 25
6445 38
6444 20
6443 100
6442 32
6441 59
6440 89
6439 13
6438 77
6437 38
6436 10
6435 94
6434 24
6433 63
6432 22
6431 48
6430 22
6429 68
6428 45
6427 47
6426 71
6425 21
6424 91
6423 2
6422 1
6421 14
6420 21
6419 74
6418 57
6417 97
6416 19
6415 51
6414 96
6413 5
6412 61
6411 42
6410 21
6409 50
6408 17
6407 12
6406 66
6405 12
6404 42
6403 84
6402 75
6401 93
6400 47
6399 32
6398 23
6397 26
6396 21
6395 67
6394 29
6393 21
6392 50
6391 4
6390 35
6389 2
6388 49
6387 35
6386 76
6385 18
6384 87
6383 92
6382 26
6381 36
6380 52
6379 23
6378 51
6377 35
6376 25
6375 80
6374 48
6373 37
6372 31
6371 92
6370 42
6369 21
6368 90
6367 26
6366 32
6365 96
6364 56
6363 34
6362 72
6361 81
6360 51
6359 40
6358 55
6357 30
6356 33
6355 30
6354 0
6353 71
6352 36
6351 67
6350 58
6349 89
6348 29
6347 19
6346 9
6345 13
6344 36
6343 96
6342 6
6341 37
6340 93
6339 7
6338 33
6337 96
6336 74
6335 69
6334 86
6333 98
6332 98
6331 91
6330 24
6329 6
6328 76
6327 48
6326 60
6325 12
6324 96
6323 22
6322 22
6321 70
6320 74
6319 14
6318 67
6317 62
6316 97
6315 78
6314 21
6313 0
6312 23
6311 4
6310 15
6309 91
6308 29
6307 35
6306 97
6305 55
6304 13
6303 51
6302 55
6301 60
6300 17
6299 67
6298 19
6297 50
6296 33
6295 24
6294 39
6293 44
6292 34
6291 77
6290 30
6289 21
6288 53
6287 46
6286 43
6285 32
6284 58
6283 5
6282 64
6281 45
6280 49
6279 58
6278 82
6277 91
6276 65
6275 93
6274 95
6273 10
6272 36
6271 37
6270 94
6269 12
6268 79
6267 45
6266 53
6265 57
6264 100
6263 45
6262 78
6261 20
6260 55
6259 40
6258 59
6257 16
6256 35
6255 80
6254 47
6253 97
6252 7
6251 10
6250 52
6249 8
6248 65
6247 52
6246 65
6245 88
6244 47
6243 32
6242 54
6241 85
6240 26
6239 2
6238 5
6237 33
6236 35
6235 38
6234 27
6233 9
6232 95
6231 11
6230 97
6229 4
6228 97
6227 26
6226 4
6225 76
6224 68
6223 86
6222 43
6221 20
6220 47
6219 71
6218 56
6217 56
6216 77
6215 7
6214 87
6213 81
6212 50
6211 12
6210 53
6209 22
6208 39
6207 85
6206 56
6205 66
6204 68
6203 84
6202 29
6201 94
6200 76
6199 33
6198 19
6197 4
6196 84
6195 43
6194 9
6193 91
6192 72
6191 37
6190 95
6189 54
6188 57
6187 23
6186 73
6185 7
6184 73
6183 81
6182 55
6181 31
6180 85
6179 94
6178 21
6177 54
6176 24
6175 91
6174 76
6173 58
6172 7
6171 52
6170 13
6169 58
6168 51
6167 65
6166 100
6165 52
6164 12
6163 5
6162 86
6161 8
6160 17
6159 41
6158 52
6157 90
6156 15
6155 84
6154 43
6153 30
6152 42
6151 96
6150 21
6149 52
6148 72
6147 44
6146 21
6145 9
6144 92
6143 87
6142 34
6141 71
6140 36
6139 40
6138 21
6137 41
6136 50
6135 87
6134 43
6133 61
6132 21
6131 54
6130 99
6129 24
6128 23
6127 4
6126 33
6125 14
6124 61
6123 44
6122 18
6121 25
6120 68
6119 28
6118 71
6117 51
6116 91
6115 45
6114 60
6113 69
6112 52
6111 71
6110 7
6109 6
6108 10
6107 75
6106 49
6105 14
6104 80
6103 30
6102 29
6101 28
6100 97
6099 47
6098 54
6097 77
6096 58
6095 57
6094 54
6093 84
6092 22
6091 44
6090 67
6089 28
6088 71
6087 45
6086 57
6085 26
6084 23
6083 70
6082 25
6081 79
6080 100
6079 28
6078 54
6077 11
6076 89
6075 75
6074 72
6073 30
6072 37
6071 56
6070 87
6069 71
6068 68
6067 83
6066 98
6065 85
6064 5
6063 63
6062 92
6061 9
6060 58
6059 85
6058 76
6057 97
6056 25
6055 35
6054 34
6053 72
6052 43
6051 59
6050 89
6049 63
6048 4
6047 82
6046 11
6045 96
6044 19
6043 14
6042 92
6041 53
6040 76
6039 3
6038 42
6037 13
6036 70
6035 70
6034 97
6033 53
6032 7
6031 97
6030 35
6029 7
6028 67
6027 76
6026 47
6025 16
6024 62
6023 26
6022 61
6021 4
6020 97
6019 9
6018 89
6017 96
6016 13
6015 42
6014 74
6013 25
6012 32
6011 83
6010 42
6009 93
6008 59
6007 62
6006 18
6005 35
6004 55
6003 75
6002 41
6001 28
6000 28
5999 78
5998 27
5997 68
5996 44
5995 31
5994 91
5993 59
5992 11
5991 57
5990 79
5989 75
5988 26
5987 52
5986 54
5985 20
5984 92
5983 57
5982 20
5981 1
5980 88
5979 84
5978 79
5977 23
5976 36
5975 19
5974 4
5973 49
5972 46
5971 88
5970 32
5969 79
5968 56
5967 56
5966 29
5965 33
5964 36
5963 3
5962 25
5961 90
5960 3
5959 1
5958 18
5957 55
5956 30
5955 80
5954 76
5953 38
5952 40
5951 4
5950 54
5949 11
5948 0
5947 22
5946 25
5945 7
5944 72
5943 19
5942 45
5941 94
5940 35
5939 15
5938 53
5937 25
5936 11
5935 74
5934 47
5933 87
5932 38
5931 52
5930 92
5929 31
5928 93
5927 61
5926 15
5925 87
5924 90
5923 34
5922 17
5921 95
5920 59
5919 41
5918 31
5917 62
5916 81
5915 66
5914 80
5913 31
5912 100
5911 74
5910 39
5909 26
5908 28
5907 44
5906 59
5905 9
5904 84
5903 68
5902 9
5901 33
5900 8
5899 64
5898 48
5897 10
5896 25
5895 55
5894 34
5893 32
5892 96
5891 72
5890 100
5889 69
5888 9
5887 95
5886 69
5885 60
5884 95
5883 0
5882 36
5881 16
5880 21
5879 13
5878 45
5877 38
5876 65
5875 88
5874 12
5873 62
5872 63
5871 11
5870 47
5869 29
5868 1
5867 3
5866 14
5865 57
5864 88
5863 94
5862 83
5861 55
5860 14
5859 87
5858 38
5857 13
5856 99
5855 83
5854 3
5853 69
5852 100
5851 56
5850 70
5849 80
5848 43
5847 96
5846 73
5845 93
5844 82
5843 37
5842 54
5841 21
5840 87
5839 40
5838 49
5837 75
5836 28
5835 5
5834 59
5833 53
5832 33
5831 82
5830 10
5829 78
5828 24
5827 91
5826 78
5825 9
5824 95
5823 6
5822 28
5821 10
5820 31
5819 91
5818 4
5817 25
5816 84
5815 10
5814 54
5813 89
5812 19
5811 65
5810 66
5809 78
5808 3
5807 9
5806 55
5805 47
5804 13
5803 88
5802 8
5801 72
5800 90
5799 97
5798 66
5797 21
5796 87
5795 66
5794 48
5793 75
5792 24
5791 38
5790 20
5789 87
5788 6
5787 82
5786 4
5785 32
5784 81
5783 49
5782 77
5781 87
5780 13
5779 34
5778 11
5777 7
5776 18
5775 76
5774 68
5773 35
5772 93
5771 10
5770 94
5769 96
5768 10
5767 5
5766 98
5765 64
5764 78
5763 90
5762 54
5761 3
5760 4
5759 19
5758 41
5757 65
5756 69
5755 37
5754 22
5753 95
5752 43
5751 11
5750 22
5749 53
5748 53
5747 55
5746 38
5745 60
5744 61
5743 2
5742 53
5741 18
5740 83
5739 77
5738 15
5737 60
5736 10
5735 85
5734 28
5733 47
5732 9
5731 94
5730 13
5729 75
5728 96
5727 11
5726 100
5725 30
5724 27
5723 27
5722 38
5721 34
5720 37
5719 58
5718 88
5717 33
5716 92
5715 17
5714 88
5713 68
5712 26
5711 94
5710 71
5709 76
5708 66
5707 77
5706 28
5705 75
5704 3
5703 16
5702 85
5701 72
5700 94
5699 91
5698 7
5697 62
5696 85
5695 32
5694 15
5693 94
5692 30
5691 17
5690 16
5689 60
5688 79
5687 48
5686 81
5685 84
5684 97
5683 37
5682 67
5681 89
5680 15
5679 85
5678 28
5677 31
5676 35
5675 90
5674 93
5673 38
5672 76
5671 14
5670 84
5669 68
5668 1
5667 45
5666 63
5665 90
5664 13
5663 78
5662 78
5661 1
5660 95
5659 33
5658 17
5657 63
5656 27
5655 22
5654 67
5653 92
5652 81
5651 12
5650 91
5649 87
5648 77
5647 30
5646 50
5645 79
5644 59
5643 92
5642 21
5641 30
5640 5
5639 36
5638 38
5637 84
5636 0
5635 67
5634 25
5633 13
5632 89
5631 19
5630 44
5629 37
5628 85
5627 30
5626 9
5625 7
5624 24
5623 61
5622 13
5621 26
5620 40
5619 23
5618 95
5617 87
5616 44
5615 80
5614 87
5613 68
5612 6
5611 94
5610 32
5609 30
5608 95
5607 47
5606 80
5605 2
5604 52
5603 25
5602 30
5601 9
5600 91
5599 68
5598 67
5597 18
5596 34
5595 46
5594 51
5593 34
5592 57
5591 64
5590 39
5589 2
5588 40
5587 15
5586 43
5585 71
5584 46
5583 46
5582 34
5581 35
5580 60
5579 33
5578 13
5577 45
5576 56
5575 78
5574 39
5573 55
5572 20
5571 14
5570 27
5569 7
5568 1
5567 39
5566 87
5565 59
5564 88
5563 43
5562 48
5561 45
5560 43
5559 35
5558 76
5557 22
5556 77
5555 49
5554 83
5553 78
5552 13
5551 4
5550 88
5549 67
5548 86
5547 32
5546 43
5545 66
5544 0
5543 66
5542 45
5541 31
5540 4
5539 37
5538 35
5537 81
5536 63
5535 48
5534 90
5533 94
5532 88
5531 22
5530 48
5529 61
5528 74
5527 56
5526 38
5525 52
5524 45
5523 78
5522 84
5521 13
5520 24
5519 44
5518 78
5517 100
5516 26
5515 94
5514 16
5513 68
5512 47
5511 22
5510 75
5509 7
5508 95
5507 83
5506 20
5505 73
5504 24
5503 46
5502 71
5501 27
5500 45
5499 32
5498 10
5497 25
5496 0
5495 63
5494 47
5493 43
5492 32
5491 84
5490 61
5489 56
5488 8
5487 20
5486 38
5485 65
5484 53
5483 13
5482 22
5481 5
5480 70
5479 53
5478 62
5477 13
5476 32
5475 77
5474 42
5473 87
5472 17
5471 16
5470 54
5469 19
5468 90
5467 6
5466 44
5465 16
5464 91
5463 50
5462 58
5461 32
5460 67
5459 45
5458 88
5457 51
5456 93
5455 89
5454 94
5453 62
5452 35
5451 58
5450 34
5449 77
5448 4
5447 64
5446 21
5445 95
5444 40
5443 68
5442 77
5441 37
5440 16
5439 50
5438 21
5437 58
5436 35
5435 10
5434 19
5433 1
5432 23
5431 2
5430 71
5429 8
5428 66
5427 100
5426 53
5425 61
5424 43
5423 80
5422 9
5421 5
5420 8
5419 54
5418 80
5417 92
5416 17
5415 29
5414 29
5413 82
5412 30
5411 17
5410 53
5409 70
5408 42
5407 2
5406 100
5405 67
5404 66
5403 11
5402 54
5401 9
5400 55
5399 96
5398 82
5397 61
5396 9
5395 60
5394 79
5393 39
5392 9
5391 13
5390 58
5389 82
5388 57
5387 48
5386 97
5385 13
5384 71
5383 5
5382 92
5381 81
5380 94
5379 90
5378 99
5377 74
5376 96
5375 77
5374 52
5373 43
5372 25
5371 17
5370 33
5369 67
5368 23
5367 54
5366 19
5365 68
5364 11
5363 5
5362 43
5361 59
5360 1
5359 30
5358 52
5357 97
5356 94
5355 14
5354 62
5353 90
5352 58
5351 44
5350 23
5349 84
5348 83
5347 52
5346 57
5345 0
5344 14
5343 47
5342 98
5341 47
5340 99
5339 13
5338 78
5337 95
5336 86
5335 44
5334 20
5333 57
5332 44
5331 85
5330 2
5329 96
5328 34
5327 54
5326 94
5325 45
5324 91
5323 56
5322 1
5321 32
5320 49
5319 14
5318 64
5317 15
5316 44
5315 67
5314 54
5313 36
5312 61
5311 43
5310 73
5309 40
5308 73
5307 65
5306 5
5305 95
5304 37
5303 30
5302 53
5301 42
5300 29
5299 30
5298 54
5297 74
5296 71
5295 75
5294 24
5293 34
5292 36
5291 30
5290 94
5289 87
5288 25
5287 29
5286 0
5285 52
5284 69
5283 100
5282 35
5281 13
5280 63
5279 12
5278 76
5277 61
5276 42
5275 88
5274 42
5273 67
5272 58
5271 55
5270 18
5269 39
5268 92
5267 84
5266 89
5265 25
5264 3
5263 70
5262 21
5261 55
5260 84
5259 98
5258 31
5257 51
5256 22
5255 7
5254 80
5253 98
5252 31
5251 82
5250 54
5249 85
5248 15
5247 35
5246 98
5245 22
5244 98
5243 45
5242 98
5241 57
5240 70
5239 24
5238 99
5237 50
5236 33
5235 36
5234 25
5233 50
5232 97
5231 62
5230 61
5229 84
5228 54
5227 28
5226 53
5225 49
5224 81
5223 12
5222 79
5221 1
5220 9
5219 27
5218 27
5217 26
5216 72
5215 88
5214 99
5213 82
5212 33
5211 81
5210 88
5209 87
5208 60
5207 50
5206 15
5205 91
5204 41
5203 70
5202 37
5201 82
5200 0
5199 65
5198 67
5197 30
5196 23
5195 63
5194 6
5193 81
5192 54
5191 90
5190 24
5189 37
5188 64
5187 33
5186 39
5185 9
5184 69
5183 65
5182 38
5181 54
5180 96
5179 20
5178 18
5177 21
5176 84
5175 26
5174 64
5173 65
5172 53
5171 25
5170 81
5169 31
5168 31
5167 27
5166 19
5165 81
5164 83
5163 5
5162 66
5161 73
5160 83
5159 15
5158 66
5157 49
5156 29
5155 4
5154 55
5153 62
5152 29
5151 44
5150 48
5149 50
5148 92
5147 33
5146 90
5145 92
5144 61
5143 31
5142 32
5141 73
5140 18
5139 66
5138 100
5137 37
5136 50
5135 93
5134 89
5133 81
5132 3
5131 26
5130 94
5129 64
5128 96
5127 83
5126 38
5125 0
5124 65
5123 23
5122 75
5121 5
5120 41
5119 2
5118 27
5117 81
5116 62
5115 23
5114 90
5113 15
5112 56
5111 70
5110 28
5109 64
5108 52
5107 99
5106 88
5105 75
5104 75
5103 98
5102 59
5101 95
5100 35
5099 34
5098 89
5097 60
5096 78
5095 19
5094 43
5093 88
5092 16
5091 49
5090 1
5089 12
5088 9
5087 22
5086 52
5085 43
5084 53
5083 31
5082 37
5081 4
5080 14
5079 60
5078 83
5077 69
5076 51
5075 65
5074 88
5073 97
5072 100
5071 54
5070 5
5069 60
5068 62
5067 71
5066 70
5065 52
5064 61
5063 21
5062 17
5061 52
5060 6
5059 26
5058 82
5057 8
5056 54
5055 46
5054 63
5053 60
5052 91
5051 91
5050 98
5049 4
5048 55
5047 40
5046 6
5045 30
5044 69
5043 80
5042 71
5041 16
5040 71
5039 57
5038 9
5037 51
5036 7
5035 21
5034 24
5033 82
5032 53
5031 14
5030 87
5029 95
5028 35
5027 24
5026 90
5025 83
5024 78
5023 43
5022 11
5021 54
5020 80
5019 86
5018 30
5017 62
5016 81
5015 19
5014 11
5013 20
5012 22
5011 48
5010 63
5009 92
5008 72
5007 59
5006 76
5005 18
5004 72
5003 90
5002 84
5001 62
5000 88
4999 29
4998 41
4997 89
4996 40
4995 53
4994 91
4993 59
4992 48
4991 69
4990 46
4989 8
4988 76
4987 11
4986 47
4985 13
4984 79
4983 2
4982 95
4981 19
4980 53
4979 59
4978 27
4977 62
4976 34
4975 62
4974 66
4973 80
4972 53
4971 29
4970 95
4969 74
4968 11
4967 10
4966 33
4965 93
4964 37
4963 37
4962 9
4961 36
4960 18
4959 6
4958 53
4957 37
4956 77
4955 96
4954 43
4953 6
4952 44
4951 8
4950 17
4949 18
4948 87
4947 91
4946 62
4945 67
4944 59
4943 6
4942 35
4941 44
4940 57
4939 95
4938 100
4937 65
4936 28
4935 64
4934 89
4933 29
4932 82
4931 9
4930 49
4929 85
4928 58
4927 15
4926 11
4925 2
4924 64
4923 86
4922 95
4921 47
4920 16
4919 87
4918 45
4917 80
4916 87
4915 30
4914 20
4913 38
4912 94
4911 89
4910 6
4909 12
4908 42
4907 20
4906 29
4905 49
4904 10
4903 42
4902 13
4901 99
4900 87
4899 55
4898 10
4897 52
4896 25
4895 18
4894 32
4893 11
4892 22
4891 42
4890 39
4889 35
4888 17
4887 94
4886 14
4885 22
4884 37
4883 98
4882 9
4881 60
4880 54
4879 61
4878 98
4877 33
4876 1
4875 23
4874 45
4873 35
4872 33
4871 42
4870 80
4869 28
4868 21
4867 10
4866 96
4865 83
4864 80
4863 85
4862 12
4861 86
4860 7
4859 49
4858 15
4857 34
4856 65
4855 37
4854 32
4853 33
4852 76
4851 23
4850 79
4849 38
4848 2
4847 38
4846 37
4845 52
4844 20
4843 25
4842 60
4841 73
4840 50
4839 61
4838 39
4837 10
4836 26
4835 48
4834 83
4833 60
4832 9
4831 11
4830 71
4829 21
4828 100
4827 42
4826 53
4825 98
4824 80
4823 15
4822 36
4821 36
4820 73
4819 94
4818 23
4817 43
4816 37
4815 16
4814 10
4813 75
4812 46
4811 74
4810 6
4809 49
4808 50
4807 5
4806 81
4805 22
4804 27
4803 84
4802 49
4801 85
4800 94
4799 51
4798 68
4797 16
4796 67
4795 84
4794 59
4793 93
4792 14
4791 52
4790 78
4789 49
4788 53
4787 54
4786 7
4785 88
4784 36
4783 62
4782 24
4781 90
4780 85
4779 41
4778 58
4777 66
4776 26
4775 57
4774 18
4773 0
4772 86
4771 95
4770 31
4769 43
4768 11
4767 55
4766 12
4765 20
4764 13
4763 53
4762 86
4761 39
4760 31
4759 25
4758 9
4757 41
4756 54
4755 40
4754 7
4753 50
4752 84
4751 54
4750 69
4749 6
4748 52
4747 96
4746 54
4745 15
4744 26
4743 26
4742 26
4741 56
4740 44
4739 38
4738 67
4737 53
4736 20
4735 68
4734 3
4733 55
4732 41
4731 91
4730 63
4729 27
4728 44
4727 40
4726 95
4725 38
4724 81
4723 72
4722 68
4721 100
4720 81
4719 52
4718 95
4717 88
4716 20
4715 48
4714 80
4713 24
4712 9
4711 97
4710 60
4709 18
4708 58
4707 73
4706 41
4705 24
4704 56
4703 84
4702 42
4701 51
4700 31
4699 12
4698 72
4697 11
4696 7
4695 41
4694 82
4693 59
4692 45
4691 8
4690 80
4689 63
4688 3
4687 95
4686 23
4685 57
4684 11
4683 69
4682 26
4681 100
4680 61
4679 20
4678 72
4677 79
4676 40
4675 50
4674 51
4673 69
4672 90
4671 30
4670 75
4669 67
4668 61
4667 56
4666 59
4665 45
4664 58
4663 48
4662 70
4661 9
4660 11
4659 32
4658 76
4657 97
4656 17
4655 51
4654 80
4653 46
4652 63
4651 54
4650 91
4649 74
4648 7
4647 70
4646 4
4645 6
4644 32
4643 11
4642 0
4641 87
4640 11
4639 65
4638 62
4637 46
4636 22
4635 93
4634 91
4633 63
4632 90
4631 99
4630 75
4629 66
4628 57
4627 53
4626 12
4625 31
4624 100
4623 70
4622 76
4621 42
4620 28
4619 49
4618 2
4617 63
4616 21
4615 78
4614 6
4613 23
4612 55
4611 81
4610 53
4609 6
4608 11
4607 65
4606 60
4605 24
4604 66
4603 69
4602 38
4601 68
4600 32
4599 5
4598 21
4597 53
4596 4
4595 22
4594 62
4593 20
4592 57
4591 21
4590 66
4589 71
4588 57
4587 34
4586 52
4585 8
4584 31
4583 39
4582 9
4581 82
4580 50
4579 37
4578 14
4577 5
4576 70
4575 48
4574 19
4573 87
4572 82
4571 20
4570 81
4569 4
4568 70
4567 29
4566 96
4565 6
4564 7
4563 94
4562 5
4561 3
4560 51
4559 24
4558 73
4557 60
4556 12
4555 96
4554 72
4553 39
4552 16
4551 85
4550 48
4549 80
4548 36
4547 80
4546 2
4545 73
4544 33
4543 76
4542 0
4541 60
4540 45
4539 5
4538 36
4537 31
4536 97
4535 28
4534 61
4533 7
4532 68
4531 86
4530 23
4529 96
4528 12
4527 10
4526 61
4525 57
4524 62
4523 23
4522 67
4521 56
4520 43
4519 33
4518 70
4517 2
4516 87
4515 39
4514 49
4513 25
4512 83
4511 3
4510 37
4509 60
4508 87
4507 20
4506 40
4505 79
4504 76
4503 58
4502 4
4501 24
4500 46
4499 39
4498 53
4497 62
4496 65
4495 37
4494 48
4493 5
4492 8
4491 30
4490 21
4489 60
4488 89
4487 73
4486 5
4485 66
4484 31
4483 84
4482 24
4481 33
4480 58
4479 87
4478 12
4477 14
4476 70
4475 64
4474 20
4473 13
4472 38
4471 47
4470 75
4469 28
4468 27
4467 32
4466 94
4465 91
4464 47
4463 35
4462 87
4461 35
4460 60
4459 68
4458 20
4457 73
4456 32
4455 88
4454 49
4453 31
4452 62
4451 67
4450 93
4449 71
4448 88
4447 32
4446 96
4445 99
4444 99
4443 14
4442 20
4441 47
4440 18
4439 28
4438 15
4437 56
4436 29
4435 94
4434 94
4433 76
4432 71
4431 7
4430 32
4429 81
4428 44
4427 88
4426 89
4425 7
4424 6
4423 57
4422 65
4421 13
4420 77
4419 75
4418 86
4417 64
4416 18
4415 4
4414 44
4413 80
4412 48
4411 29
4410 56
4409 53
4408 63
4407 100
4406 64
4405 40
4404 51
4403 41
4402 19
4401 69
4400 32
4399 94
4398 34
4397 80
4396 85
4395 40
4394 3
4393 91
4392 85
4391 84
4390 14
4389 23
4388 65
4387 46
4386 14
4385 73
4384 36
4383 16
4382 74
4381 50
4380 40
4379 83
4378 77
4377 69
4376 70
4375 56
4374 42
4373 85
4372 66
4371 20
4370 23
4369 79
4368 17
4367 59
4366 87
4365 64
4364 36
4363 88
4362 99
4361 99
4360 14
4359 72
4358 65
4357 84
4356 44
4355 24
4354 28
4353 32
4352 12
4351 2
4350 62
4349 26
4348 73
4347 64
4346 6
4345 94
4344 46
4343 40
4342 78
4341 51
4340 100
4339 27
4338 77
4337 31
4336 11
4335 4
4334 72
4333 34
4332 39
4331 8
4330 71
4329 58
4328 8
4327 38
4326 24
4325 34
4324 54
4323 55
4322 80
4321 1
4320 71
4319 12
4318 83
4317 41
4316 86
4315 13
4314 14
4313 45
4312 90
4311 68
4310 50
4309 81
4308 39
4307 38
4306 38
4305 12
4304 64
4303 43
4302 21
4301 95
4300 63
4299 100
4298 3
4297 16
4296 32
4295 26
4294 27
4293 13
4292 37
4291 71
4290 68
4289 98
4288 91
4287 79
4286 37
4285 64
4284 93
4283 18
4282 93
4281 49
4280 17
4279 77
4278 37
4277 94
4276 70
4275 58
4274 95
4273 81
4272 71
4271 32
4270 46
4269 100
4268 13
4267 94
4266 48
4265 9
4264 87
4263 95
4262 75
4261 28
4260 98
4259 98
4258 23
4257 3
4256 58
4255 21
4254 92
4253 24
4252 77
4251 46
4250 18
4249 46
4248 91
4247 72
4246 54
4245 35
4244 2
4243 70
4242 95
4241 18
4240 46
4239 97
4238 79
4237 97
4236 17
4235 37
4234 33
4233 75
4232 91
4231 15
4230 91
4229 75
4228 91
4227 80
4226 75
4225 4
4224 81
4223 83
4222 42
4221 20
4220 15
4219 70
4218 68
4217 68
4216 56
4215 72
4214 85
4213 19
4212 65
4211 37
4210 61
4209 53
4208 62
4207 12
4206 82
4205 16
4204 48
4203 26
4202 41
4201 88
4200 18
4199 30
4198 4
4197 3
4196 52
4195 25
4194 82
4193 54
4192 59
4191 28
4190 11
4189 28
4188 5
4187 37
4186 87
4185 34
4184 48
4183 47
4182 82
4181 23
4180 88
4179 13
4178 95
4177 95
4176 22
4175 85
4174 75
4173 52
4172 57
4171 35
4170 83
4169 7
4168 83
4167 64
4166 53
4165 71
4164 91
4163 35
4162 56
4161 6
4160 22
4159 22
4158 84
4157 46
4156 23
4155 21
4154 24
4153 14
4152 62
4151 25
4150 56
4149 54
4148 14
4147 34
4146 57
4145 98
4144 46
4143 55
4142 59
4141 66
4140 38
4139 94
4138 63
4137 92
4136 89
4135 60
4134 95
4133 44
4132 59
4131 92
4130 48
4129 78
4128 45
4127 60
4126 33
4125 89
4124 9
4123 90
4122 9
4121 13
4120 9
4119 60
4118 96
4117 53
4116 78
4115 47
4114 6
4113 9
4112 30
4111 53
4110 93
4109 0
4108 48
4107 29
4106 86
4105 76
4104 15
4103 27
4102 21
4101 15
4100 16
4099 89
4098 55
4097 74
4096 38
4095 13
4094 23
4093 52
4092 93
4091 21
4090 28
4089 83
4088 67
4087 93
4086 81
4085 81
4084 63
4083 92
4082 85
4081 85
4080 40
4079 60
4078 97
4077 34
4076 80
4075 34
4074 51
4073 90
4072 95
4071 29
4070 85
4069 70
4068 3
4067 30
4066 58
4065 82
4064 80
4063 35
4062 0
4061 76
4060 37
4059 37
4058 49
4057 100
4056 64
4055 78
4054 100
4053 74
4052 40
4051 53
4050 95
4049 73
4048 73
4047 83
4046 10
4045 98
4044 30
4043 50
4042 47
4041 78
4040 47
4039 5
4038 9
4037 6
4036 45
4035 31
4034 82
4033 29
4032 58
4031 32
4030 91
4029 60
4028 31
4027 46
4026 74
4025 96
4024 18
4023 15
4022 9
4021 76
4020 46
4019 0
4018 49
4017 11
4016 79
4015 33
4014 52
4013 34
4012 87
4011 10
4010 16
4009 16
4008 60
4007 69
4006 94
4005 35
4004 96
4003 21
4002 57
4001 97
4000 55
3999 78
3998 63
3997 50
3996 98
3995 47
3994 41
3993 54
3992 96
3991 98
3990 48
3989 14
3988 76
3987 29
3986 88
3985 31
3984 62
3983 22
3982 15
3981 31
3980 42
3979 82
3978 69
3977 6
3976 81
3975 4
3974 31
3973 96
3972 80
3971 56
3970 30
3969 79
3968 70
3967 84
3966 87
3965 52
3964 10
3963 36
3962 60
3961 98
3960 15
3959 28
3958 90
3957 76
3956 53
3955 88
3954 31
3953 23
3952 1
3951 18
3950 15
3949 83
3948 60
3947 85
3946 11
3945 28
3944 85
3943 6
3942 53
3941 25
3940 45
3939 20
3938 41
3937 92
3936 56
3935 48
3934 62
3933 3
3932 71
3931 32
3930 54
3929 37
3928 65
3927 39
3926 38
3925 5
3924 72
3923 7
3922 99
3921 92
3920 53
3919 67
3918 5
3917 66
3916 37
3915 80
3914 29
3913 37
3912 94
3911 64
3910 87
3909 75
3908 36
3907 51
3906 57
3905 28
3904 95
3903 66
3902 44
3901 80
3900 20
3899 59
3898 37
3897 10
3896 71
3895 69
3894 12
3893 29
3892 60
3891 19
3890 29
3889 67
3888 73
3887 100
3886 96
3885 41
3884 84
3883 5
3882 98
3881 57
3880 74
3879 32
3878 39
3877 45
3876 90
3875 43
3874 4
3873 29
3872 49
3871 6
3870 72
3869 28
3868 78
3867 32
3866 7
3865 23
3864 89
3863 66
3862 61
3861 68
3860 71
3859 9
3858 38
3857 69
3856 45
3855 35
3854 26
3853 7
3852 26
3851 43
3850 97
3849 10
3848 78
3847 65
3846 67
3845 63
3844 50
3843 12
3842 51
3841 64
3840 54
3839 29
3838 21
3837 27
3836 51
3835 1
3834 98
3833 73
3832 61
3831 65
3830 39
3829 12
3828 40
3827 24
3826 10
3825 32
3824 85
3823 44
3822 30
3821 76
3820 10
3819 37
3818 22
3817 51
3816 0
3815 96
3814 29
3813 60
3812 93
3811 41
3810 60
3809 1
3808 57
3807 96
3806 0
3805 46
3804 5
3803 6
3802 48
3801 41
3800 3
3799 21
3798 15
3797 19
3796 33
3795 12
3794 87
3793 85
3792 59
3791 100
3790 91
3789 63
3788 10
3787 44
3786 57
3785 31
3784 15
3783 13
3782 63
3781 77
3780 85
3779 49
3778 26
3777 53
3776 93
3775 87
3774 41
3773 32
3772 67
3771 81
3770 35
3769 9
3768 10
3767 73
3766 32
3765 1
3764 81
3763 54
3762 31
3761 84
3760 58
3759 62
3758 86
3757 79
3756 11
3755 27
3754 74
3753 38
3752 56
3751 23
3750 13
3749 38
3748 84
3747 74
3746 45
3745 33
3744 37
3743 83
3742 48
3741 92
3740 92
3739 72
3738 88
3737 2
3736 19
3735 1
3734 11
3733 9
3732 93
3731 95
3730 54
3729 4
3728 18
3727 45
3726 28
3725 56
3724 36
3723 58
3722 7
3721 99
3720 9
3719 94
3718 17
3717 31
3716 93
3715 84
3714 75
3713 4
3712 34
3711 87
3710 66
3709 37
3708 68
3707 81
3706 25
3705 60
3704 91
3703 99
3702 100
3701 3
3700 9
3699 94
3698 13
3697 25
3696 29
3695 25
3694 57
3693 50
3692 41
3691 23
3690 47
3689 19
3688 93
3687 99
3686 68
3685 40
3684 5
3683 99
3682 55
3681 0
3680 38
3679 65
3678 22
3677 93
3676 39
3675 6
3674 24
3673 96
3672 43
3671 11
3670 31
3669 82
3668 4
3667 48
3666 40
3665 24
3664 88
3663 20
3662 25
3661 5
3660 52
3659 40
3658 40
3657 97
3656 39
3655 39
3654 46
3653 63
3652 98
3651 39
3650 15
3649 59
3648 52
3647 46
3646 60
3645 64
3644 80
3643 20
3642 65
3641 28
3640 49
3639 99
3638 68
3637 8
3636 25
3635 99
3634 10
3633 12
3632 35
3631 84
3630 80
3629 99
3628 6
3627 15
3626 75
3625 21
3624 95
3623 62
3622 19
3621 75
3620 76
3619 91
3618 94
3617 15
3616 90
3615 26
3614 47
3613 36
3612 46
3611 41
3610 68
3609 95
3608 46
3607 80
3606 49
3605 88
3604 83
3603 75
3602 8
3601 44
3600 93
3599 76
3598 89
3597 18
3596 76
3595 36
3594 48
3593 34
3592 71
3591 29
3590 48
3589 81
3588 8
3587 22
3586 56
3585 61
3584 3
3583 36
3582 8
3581 72
3580 6
3579 38
3578 66
3577 29
3576 67
3575 81
3574 87
3573 8
3572 14
3571 57
3570 0
3569 29
3568 52
3567 100
3566 78
3565 76
3564 82
3563 45
3562 44
3561 32
3560 99
3559 74
3558 96
3557 45
3556 46
3555 90
3554 32
3553 0
3552 19
3551 21
3550 99
3549 63
3548 35
3547 76
3546 77
3545 1
3544 34
3543 40
3542 76
3541 67
3540 63
3539 11
3538 31
3537 17
3536 15
3535 98
3534 2
3533 59
3532 66
3531 80
3530 93
3529 55
3528 70
3527 17
3526 38
3525 41
3524 91
3523 62
3522 26
3521 68
3520 24
3519 34
3518 32
3517 54
3516 30
3515 8
3514 52
3513 17
3512 64
3511 17
3510 81
3509 31
3508 26
3507 77
3506 37
3505 59
3504 57
3503 40
3502 99
3501 23
3500 56
3499 61
3498 46
3497 37
3496 52
3495 33
3494 47
3493 83
3492 50
3491 97
3490 72
3489 86
3488 51
3487 90
3486 60
3485 55
3484 6
3483 59
3482 63
3481 43
3480 3
3479 60
3478 64
3477 12
3476 59
3475 84
3474 78
3473 70
3472 29
3471 67
3470 74
3469 89
3468 45
3467 15
3466 61
3465 62
3464 91
3463 41
3462 41
3461 42
3460 55
3459 40
3458 29
3457 6
3456 10
3455 58
3454 92
3453 85
3452 78
3451 11
3450 30
3449 90
3448 42
3447 36
3446 67
3445 42
3444 43
3443 33
3442 21
3441 71
3440 24
3439 69
3438 39
3437 28
3436 5
3435 42
3434 76
3433 12
3432 51
3431 86
3430 45
3429 44
3428 44
3427 5
3426 86
3425 100
3424 2
3423 87
3422 40
3421 78
3420 12
3419 86
3418 85
3417 60
3416 58
3415 67
3414 64
3413 98
3412 76
3411 9
3410 76
3409 63
3408 10
3407 76
3406 79
3405 48
3404 83
3403 51
3402 84
3401 71
3400 5
3399 33
3398 42
3397 86
3396 51
3395 49
3394 16
3393 94
3392 26
3391 64
3390 12
3389 88
3388 46
3387 29
3386 6
3385 61
3384 7
3383 12
3382 64
3381 62
3380 33
3379 6
3378 9
3377 43
3376 1
3375 90
3374 100
3373 85
3372 54
3371 76
3370 34
3369 37
3368 9
3367 99
3366 82
3365 31
3364 3
3363 19
3362 67
3361 51
3360 10
3359 10
3358 83
3357 15
3356 28
3355 91
3354 100
3353 58
3352 47
3351 35
3350 53
3349 62
3348 11
3347 2
3346 22
3345 67
3344 57
3343 65
3342 19
3341 88
3340 38
3339 28
3338 5
3337 27
3336 13
3335 84
3334 98
3333 60
3332 75
3331 72
3330 63
3329 81
3328 75
3327 6
3326 47
3325 73
3324 10
3323 4
3322 7
3321 14
3320 63
3319 46
3318 23
3317 15
3316 77
3315 75
3314 99
3313 36
3312 52
3311 50
3310 93
3309 63
3308 29
3307 92
3306 38
3305 70
3304 56
3303 16
3302 25
3301 69
3300 53
3299 61
3298 83
3297 2
3296 7
3295 89
3294 98
3293 67
3292 45
3291 34
3290 2
3289 72
3288 70
3287 58
3286 37
3285 52
3284 94
3283 96
3282 52
3281 5
3280 12
3279 93
3278 51
3277 28
3276 57
3275 21
3274 24
3273 5
3272 47
3271 30
3270 100
3269 11
3268 37
3267 56
3266 88
3265 24
3264 16
3263 82
3262 46
3261 24
3260 71
3259 51
3258 42
3257 1
3256 51
3255 99
3254 50
3253 5
3252 1
3251 71
3250 13
3249 91
3248 19
3247 1
3246 11
3245 97
3244 2
3243 91
3242 76
3241 84
3240 81
3239 49
3238 34
3237 74
3236 41
3235 43
3234 12
3233 3
3232 57
3231 22
3230 22
3229 98
3228 18
3227 76
3226 36
3225 41
3224 97
3223 84
3222 95
3221 23
3220 95
3219 23
3218 40
3217 48
3216 43
3215 28
3214 64
3213 7
3212 68
3211 99
3210 43
3209 72
3208 39
3207 75
3206 37
3205 77
3204 61
3203 78
3202 81
3201 81
3200 96
3199 67
3198 33
3197 15
3196 47
3195 25
3194 14
3193 34
3192 90
3191 27
3190 26
3189 7
3188 20
3187 59
3186 15
3185 93
3184 84
3183 55
3182 27
3181 91
3180 2
3179 33
3178 4
3177 87
3176 10
3175 50
3174 27
3173 52
3172 18
3171 27
3170 15
3169 12
3168 90
3167 49
3166 67
3165 14
3164 18
3163 79
3162 76
3161 22
3160 84
3159 74
3158 0
3157 69
3156 48
3155 100
3154 53
3153 98
3152 74
3151 28
3150 54
3149 95
3148 93
3147 99
3146 89
3145 75
3144 42
3143 56
3142 52
3141 78
3140 66
3139 64
3138 7
3137 24
3136 6
3135 19
3134 37
3133 80
3132 66
3131 26
3130 61
3129 3
3128 34
3127 68
3126 76
3125 58
3124 56
3123 42
3122 36
3121 18
3120 11
3119 93
3118 37
3117 98
3116 1
3115 17
3114 16
3113 78
3112 16
3111 17
3110 50
3109 19
3108 35
3107 76
3106 48
3105 79
3104 84
3103 7
3102 63
3101 37
3100 26
3099 66
3098 18
3097 43
3096 50
3095 17
3094 14
3093 67
3092 88
3091 48
3090 27
3089 41
3088 11
3087 16
3086 91
3085 16
3084 62
3083 77
3082 88
3081 19
3080 74
3079 13
3078 6
3077 33
3076 47
3075 39
3074 48
3073 58
3072 100
3071 98
3070 7
3069 80
3068 10
3067 47
3066 86
3065 23
3064 67
3063 85
3062 39
3061 5
3060 94
3059 55
3058 70
3057 83
3056 27
3055 6
3054 43
3053 12
3052 75
3051 46
3050 55
3049 79
3048 37
3047 56
3046 25
3045 8
3044 32
3043 30
3042 21
3041 53
3040 50
3039 23
3038 56
3037 92
3036 63
3035 37
3034 95
3033 38
3032 42
3031 12
3030 27
3029 59
3028 9
3027 95
3026 9
3025 51
3024 37
3023 83
3022 34
3021 88
3020 75
3019 34
3018 98
3017 8
3016 96
3015 80
3014 23
3013 0
3012 11
3011 36
3010 25
3009 50
3008 4
3007 77
3006 94
3005 95
3004 95
3003 59
3002 42
3001 66
3000 38
2999 7
2998 90
2997 44
2996 54
2995 54
2994 57
2993 31
2992 44
2991 21
2990 89
2989 93
2988 78
2987 23
2986 97
2985 46
2984 26
2983 63
2982 7
2981 76
2980 56
2979 45
2978 67
2977 80
2976 0
2975 45
2974 38
2973 29
2972 41
2971 84
2970 100
2969 17
2968 25
2967 27
2966 92
2965 18
2964 94
2963 19
2962 53
2961 84
2960 14
2959 72
2958 59
2957 62
2956 60
2955 6
2954 99
2953 70
2952 69
2951 94
2950 45
2949 44
2948 5
2947 91
2946 56
2945 31
2944 82
2943 52
2942 55
2941 32
2940 92
2939 77
2938 23
2937 92
2936 40
2935 94
2934 20
2933 15
2932 98
2931 27
2930 95
2929 44
2928 89
2927 21
2926 51
2925 70
2924 51
2923 39
2922 19
2921 17
2920 3
2919 37
2918 13
2917 65
2916 67
2915 84
2914 71
2913 95
2912 79
2911 23
2910 92
2909 70
2908 9
2907 49
2906 19
2905 50
2904 66
2903 98
2902 93
2901 75
2900 19
2899 28
2898 5
2897 0
2896 21
2895 67
2894 51
2893 70
2892 27
2891 18
2890 75
2889 75
2888 51
2887 8
2886 47
2885 56
2884 35
2883 30
2882 30
2881 43
2880 97
2879 37
2878 19
2877 76
2876 25
2875 66
2874 26
2873 93
2872 66
2871 15
2870 50
2869 27
2868 79
2867 32
2866 0
2865 42
2864 85
2863 26
2862 94
2861 91
2860 48
2859 52
2858 70
2857 68
2856 82
2855 18
2854 58
2853 56
2852 0
2851 68
2850 2
2849 68
2848 48
2847 59
2846 34
2845 40
2844 20
2843 95
2842 54
2841 49
2840 7
2839 37
2838 25
2837 35
2836 99
2835 57
2834 21
2833 12
2832 50
2831 99
2830 44
2829 54
2828 71
2827 86
2826 60
2825 21
2824 37
2823 56
2822 54
2821 40
2820 75
2819 91
2818 10
2817 87
2816 21
2815 21
2814 1
2813 7
2812 51
2811 53
2810 87
2809 10
2808 33
2807 76
2806 57
2805 34
2804 37
2803 95
2802 41
2801 71
2800 89
2799 27
2798 79
2797 10
2796 25
2795 86
2794 7
2793 86
2792 65
2791 78
2790 74
2789 46
2788 32
2787 56
2786 54
2785 12
2784 1
2783 64
2782 86
2781 61
2780 24
2779 12
2778 92
2777 77
2776 32
2775 22
2774 47
2773 56
2772 81
2771 90
2770 68
2769 89
2768 22
2767 44
2766 78
2765 29
2764 8
2763 16
2762 99
2761 1
2760 68
2759 2
2758 4
2757 54
2756 42
2755 87
2754 32
2753 22
2752 23
2751 14
2750 57
2749 72
2748 58
2747 47
2746 35
2745 71
2744 56
2743 12
2742 68
2741 13
2740 34
2739 59
2738 51
2737 96
2736 57
2735 17
2734 98
2733 81
2732 48
2731 64
2730 59
2729 98
2728 64
2727 74
2726 93
2725 51
2724 52
2723 12
2722 89
2721 18
2720 39
2719 32
2718 59
2717 77
2716 18
2715 71
2714 6
2713 8
2712 25
2711 16
2710 75
2709 13
2708 100
2707 18
2706 89
2705 51
2704 35
2703 49
2702 7
2701 31
2700 36
2699 1
2698 6
2697 63
2696 94
2695 67
2694 74
2693 73
2692 20
2691 13
2690 17
2689 31
2688 89
2687 22
2686 10
2685 53
2684 7
2683 76
2682 76
2681 36
2680 57
2679 58
2678 73
2677 57
2676 21
2675 1
2674 70
2673 100
2672 70
2671 9
2670 38
2669 31
2668 71
2667 92
2666 18
2665 72
2664 40
2663 61
2662 83
2661 71
2660 75
2659 0
2658 99
2657 7
2656 91
2655 11
2654 75
2653 22
2652 30
2651 80
2650 60
2649 88
2648 85
2647 69
2646 84
2645 98
2644 24
2643 41
2642 54
2641 95
2640 64
2639 14
2638 45
2637 91
2636 10
2635 63
2634 20
2633 33
2632 64
2631 91
2630 64
2629 49
2628 81
2627 31
2626 87
2625 4
2624 24
2623 38
2622 92
2621 82
2620 48
2619 83
2618 94
2617 36
2616 22
2615 31
2614 3
2613 29
2612 71
2611 71
2610 14
2609 28
2608 80
2607 50
2606 65
2605 38
2604 24
2603 0
2602 76
2601 89
2600 76
2599 60
2598 82
2597 71
2596 6
2595 100
2594 35
2593 14
2592 74
2591 94
2590 9
2589 98
2588 12
2587 52
2586 78
2585 43
2584 64
2583 95
2582 94
2581 60
2580 98
2579 1
2578 48
2577 3
2576 89
2575 69
2574 94
2573 70
2572 93
2571 63
2570 38
2569 95
2568 71
2567 37
2566 76
2565 93
2564 95
2563 52
2562 0
2561 16
2560 95
2559 41
2558 19
2557 34
2556 71
2555 13
2554 87
2553 32
2552 92
2551 81
2550 27
2549 83
2548 89
2547 46
2546 100
2545 4
2544 80
2543 25
2542 31
2541 88
2540 6
2539 56
2538 71
2537 59
2536 27
2535 50
2534 80
2533 100
2532 33
2531 20
2530 22
2529 98
2528 40
2527 0
2526 21
2525 97
2524 7
2523 89
2522 99
2521 23
2520 76
2519 20
2518 76
2517 95
2516 31
2515 47
2514 0
2513 87
2512 10
2511 100
2510 35
2509 52
2508 80
2507 33
2506 53
2505 92
2504 95
2503 17
2502 13
2501 79
2500 34
2499 42
2498 13
2497 66
2496 81
2495 0
2494 17
2493 89
2492 75
2491 65
2490 83
2489 28
2488 69
2487 25
2486 75
2485 59
2484 55
2483 95
2482 95
2481 92
2480 11
2479 83
2478 83
2477 99
2476 96
2475 13
2474 38
2473 16
2472 52
2471 58
2470 75
2469 86
2468 38
2467 67
2466 59
2465 33
2464 80
2463 62
2462 12
2461 19
2460 98
2459 86
2458 73
2457 34
2456 10
2455 47
2454 64
2453 2
2452 30
2451 9
2450 19
2449 45
2448 3
2447 48
2446 42
2445 94
2444 31
2443 67
2442 44
2441 23
2440 60
2439 69
2438 41
2437 84
2436 2
2435 86
2434 28
2433 30
2432 30
2431 21
2430 80
2429 41
2428 70
2427 90
2426 29
2425 26
2424 60
2423 14
2422 53
2421 24
2420 99
2419 83
2418 62
2417 54
2416 78
2415 91
2414 83
2413 99
2412 86
2411 42
2410 79
2409 14
2408 77
2407 69
2406 70
2405 74
2404 74
2403 3
2402 56
2401 77
2400 83
2399 14
2398 48
2397 56
2396 50
2395 2
2394 92
2393 22
2392 19
2391 14
2390 44
2389 84
2388 0
2387 82
2386 45
2385 18
2384 75
2383 88
2382 91
2381 64
2380 84
2379 69
2378 59
2377 65
2376 32
2375 29
2374 69
2373 38
2372 50
2371 12
2370 10
2369 28
2368 99
2367 38
2366 40
2365 43
2364 29
2363 29
2362 91
2361 80
2360 67
2359 20
2358 56
2357 21
2356 86
2355 45
2354 23
2353 7
2352 98
2351 84
2350 99
2349 32
2348 50
2347 0
2346 91
2345 72
2344 72
2343 58
2342 7
2341 69
2340 60
2339 2
2338 93
2337 8
2336 62
2335 98
2334 26
2333 53
2332 50
2331 54
2330 70
2329 91
2328 60
2327 9
2326 41
2325 60
2324 29
2323 15
2322 31
2321 77
2320 98
2319 70
2318 18
2317 12
2316 61
2315 61
2314 54
2313 48
2312 59
2311 36
2310 94
2309 10
2308 92
2307 40
2306 23
2305 20
2304 51
2303 74
2302 23
2301 34
2300 41
2299 62
2298 83
2297 71
2296 77
2295 46
2294 94
2293 83
2292 35
2291 51
2290 21
2289 96
2288 46
2287 94
2286 13
2285 21
2284 97
2283 40
2282 49
2281 82
2280 74
2279 21
2278 58
2277 55
2276 45
2275 55
2274 62
2273 73
2272 65
2271 37
2270 83
2269 75
2268 65
2267 31
2266 91
2265 7
2264 93
2263 20
2262 98
2261 13
2260 38
2259 17
2258 15
2257 14
2256 29
2255 19
2254 85
2253 30
2252 39
2251 84
2250 65
2249 64
2248 78
2247 19
2246 71
2245 50
2244 2
2243 52
2242 84
2241 19
2240 84
2239 50
2238 88
2237 64
2236 80
2235 90
2234 31
2233 76
2232 35
2231 66
2230 52
2229 40
2228 98
2227 21
2226 37
2225 26
2224 49
2223 53
2222 24
2221 19
2220 41
2219 1
2218 93
2217 14
2216 71
2215 30
2214 100
2213 30
2212 16
2211 8
2210 82
2209 15
2208 44
2207 19
2206 43
2205 54
2204 22
2203 6
2202 38
2201 0
2200 69
2199 25
2198 79
2197 88
2196 83
2195 27
2194 12
2193 19
2192 54
2191 94
2190 84
2189 97
2188 70
2187 13
2186 92
2185 56
2184 81
2183 75
2182 69
2181 87
2180 85
2179 92
2178 57
2177 84
2176 82
2175 63
2174 68
2173 43
2172 100
2171 75
2170 82
2169 97
2168 23
2167 90
2166 73
2165 18
2164 91
2163 11
2162 30
2161 23
2160 76
2159 8
2158 8
2157 25
2156 53
2155 100
2154 23
2153 3
2152 48
2151 72
2150 23
2149 0
2148 10
2147 26
2146 87
2145 1
2144 57
2143 65
2142 48
2141 2
2140 97
2139 72
2138 62
2137 82
2136 20
2135 26
2134 32
2133 18
2132 90
2131 98
2130 10
2129 95
2128 54
2127 67
2126 19
2125 55
2124 69
2123 56
2122 53
2121 12
2120 69
2119 46
2118 93
2117 15
2116 17
2115 87
2114 26
2113 64
2112 53
2111 45
2110 35
2109 46
2108 32
2107 36
2106 4
2105 75
2104 14
2103 80
2102 98
2101 56
2100 88
2099 76
2098 74
2097 18
2096 51
2095 3
2094 70
2093 20
2092 44
2091 0
2090 71
2089 34
2088 84
2087 52
2086 98
2085 66
2084 11
2083 70
2082 27
2081 67
2080 82
2079 50
2078 57
2077 50
2076 35
2075 62
2074 24
2073 27
2072 60
2071 28
2070 41
2069 13
2068 67
2067 56
2066 8
2065 36
2064 36
2063 1
2062 35
2061 83
2060 52
2059 8
2058 59
2057 74
2056 1
2055 53
2054 20
2053 53
2052 70
2051 29
2050 67
2049 25
2048 67
2047 22
2046 18
2045 47
2044 60
2043 4
2042 31
2041 73
2040 96
2039 71
2038 64
2037 92
2036 4
2035 40
2034 45
2033 57
2032 0
2031 46
2030 19
2029 66
2028 58
2027 95
2026 76
2025 81
2024 15
2023 26
2022 20
2021 35
2020 74
2019 15
2018 12
2017 59
2016 68
2015 60
2014 80
2013 3
2012 58
2011 72
2010 79
2009 17
2008 86
2007 17
2006 3
2005 64
2004 65
2003 68
2002 59
2001 4
2000 14
1999 18
1998 1
1997 45
1996 3
1995 67
1994 44
1993 40
1992 63
1991 15
1990 42
1989 41
1988 70
1987 51
1986 39
1985 5
1984 79
1983 25
1982 50
1981 5
1980 26
1979 0
1978 40
1977 71
1976 81
1975 34
1974 97
1973 96
1972 42
1971 45
1970 47
1969 32
1968 75
1967 40
1966 13
1965 55
1964 54
1963 89
1962 72
1961 41
1960 22
1959 82
1958 72
1957 60
1956 39
1955 83
1954 50
1953 100
1952 38
1951 33
1950 72
1949 29
1948 40
1947 36
1946 72
1945 31
1944 69
1943 59
1942 2
1941 46
1940 1
1939 80
1938 100
1937 22
1936 61
1935 51
1934 37
1933 50
1932 69
1931 45
1930 94
1929 98
1928 1
1927 33
1926 19
1925 82
1924 32
1923 54
1922 42
1921 84
1920 45
1919 99
1918 5
1917 15
1916 32
1915 12
1914 35
1913 97
1912 45
1911 79
1910 25
1909 6
1908 17
1907 33
1906 48
1905 43
1904 82
1903 36
1902 72
1901 27
1900 0
1899 92
1898 21
1897 61
1896 99
1895 50
1894 81
1893 62
1892 77
1891 34
1890 81
1889 79
1888 53
1887 96
1886 16
1885 67
1884 90
1883 27
1882 36
1881 74
1880 73
1879 61
1878 30
1877 49
1876 2
1875 71
1874 70
1873 97
1872 36
1871 96
1870 74
1869 54
1868 2
1867 61
1866 88
1865 39
1864 78
1863 28
1862 31
1861 24
1860 80
1859 98
1858 88
1857 29
1856 35
1855 65
1854 60
1853 81
1852 94
1851 19
1850 57
1849 11
1848 23
1847 69
1846 22
1845 83
1844 29
1843 81
1842 79
1841 82
1840 59
1839 13
1838 6
1837 38
1836 81
1835 62
1834 81
1833 84
1832 58
1831 77
1830 58
1829 58
1828 79
1827 57
1826 67
1825 34
1824 99
1823 51
1822 66
1821 33
1820 50
1819 13
1818 9
1817 91
1816 90
1815 49
1814 49
1813 88
1812 48
1811 9
1810 28
1809 29
1808 83
1807 87
1806 62
1805 95
1804 46
1803 39
1802 17
1801 79
1800 48
1799 9
1798 25
1797 86
1796 83
1795 49
1794 42
1793 50
1792 97
1791 42
1790 52
1789 10
1788 88
1787 19
1786 42
1785 17
1784 95
1783 40
1782 72
1781 50
1780 68
1779 66
1778 100
1777 73
1776 87
1775 44
1774 94
1773 57
1772 42
1771 45
1770 13
1769 61
1768 60
1767 15
1766 84
1765 99
1764 91
1763 40
1762 8
1761 24
1760 63
1759 71
1758 77
1757 80
1756 23
1755 13
1754 75
1753 66
1752 45
1751 20
1750 62
1749 83
1748 29
1747 18
1746 19
1745 26
1744 51
1743 62
1742 21
1741 53
1740 55
1739 49
1738 78
1737 86
1736 37
1735 28
1734 10
1733 55
1732 36
1731 88
1730 17
1729 92
1728 78
1727 97
1726 88
1725 44
1724 57
1723 71
1722 82
1721 94
1720 26
1719 72
1718 58
1717 43
1716 99
1715 17
1714 43
1713 41
1712 50
1711 98
1710 10
1709 88
1708 10
1707 95
1706 9
1705 48
1704 27
1703 78
1702 22
1701 44
1700 19
1699 12
1698 83
1697 64
1696 13
1695 36
1694 66
1693 45
1692 63
1691 39
1690 1
1689 65
1688 86
1687 100
1686 53
1685 99
1684 72
1683 20
1682 9
1681 91
1680 2
1679 56
1678 59
1677 0
1676 32
1675 54
1674 61
1673 85
1672 1
1671 29
1670 57
1669 60
1668 15
1667 38
1666 22
1665 65
1664 85
1663 13
1662 47
1661 66
1660 47
1659 36
1658 68
1657 92
1656 45
1655 79
1654 79
1653 32
1652 56
1651 31
1650 27
1649 73
1648 63
1647 85
1646 95
1645 81
1644 91
1643 66
1642 19
1641 99
1640 55
1639 16
1638 95
1637 22
1636 80
1635 0
1634 43
1633 44
1632 86
1631 34
1630 29
1629 33
1628 7
1627 24
1626 31
1625 12
1624 95
1623 5
1622 15
1621 26
1620 87
1619 17
1618 1
1617 44
1616 47
1615 47
1614 7
1613 41
1612 2
1611 37
1610 7
1609 68
1608 51
1607 88
1606 9
1605 57
1604 64
1603 92
1602 77
1601 3
1600 17
1599 94
1598 53
1597 42
1596 55
1595 72
1594 0
1593 17
1592 3
1591 2
1590 61
1589 47
1588 40
1587 72
1586 55
1585 65
1584 16
1583 43
1582 64
1581 4
1580 65
1579 94
1578 51
1577 10
1576 13
1575 21
1574 3
1573 82
1572 90
1571 47
1570 10
1569 48
1568 10
1567 91
1566 14
1565 16
1564 60
1563 23
1562 3
1561 15
1560 68
1559 64
1558 3
1557 11
1556 69
1555 87
1554 22
1553 77
1552 75
1551 99
1550 89
1549 48
1548 96
1547 32
1546 45
1545 19
1544 65
1543 10
1542 97
1541 16
1540 38
1539 56
1538 12
1537 2
1536 72
1535 42
1534 81
1533 24
1532 82
1531 93
1530 15
1529 10
1528 59
1527 90
1526 15
1525 92
1524 34
1523 70
1522 8
1521 32
1520 53
1519 37
1518 26
1517 73
1516 15
1515 54
1514 19
1513 39
1512 41
1511 53
1510 98
1509 73
1508 96
1507 58
1506 84
1505 61
1504 23
1503 21
1502 25
1501 97
1500 5
1499 28
1498 26
1497 29
1496 46
1495 19
1494 13
1493 26
1492 66
1491 40
1490 53
1489 14
1488 4
1487 58
1486 41
1485 17
1484 39
1483 28
1482 23
1481 6
1480 26
1479 21
1478 2
1477 96
1476 45
1475 59
1474 68
1473 61
1472 33
1471 49
1470 47
1469 68
1468 3
1467 76
1466 79
1465 12
1464 23
1463 31
1462 4
1461 81
1460 45
1459 6
1458 27
1457 80
1456 61
1455 89
1454 18
1453 3
1452 66
1451 72
1450 63
1449 26
1448 59
1447 92
1446 9
1445 50
1444 20
1443 100
1442 88
1441 31
1440 4
1439 68
1438 41
1437 19
1436 1
1435 40
1434 48
1433 95
1432 5
1431 66
1430 14
1429 4
1428 61
1427 10
1426 98
1425 87
1424 28
1423 51
1422 27
1421 90
1420 87
1419 61
1418 71
1417 18
1416 25
1415 18
1414 22
1413 68
1412 69
1411 81
1410 75
1409 0
1408 25
1407 64
1406 43
1405 14
1404 36
1403 74
1402 61
1401 23
1400 66
1399 91
1398 84
1397 73
1396 74
1395 98
1394 59
1393 90
1392 3
1391 29
1390 96
1389 27
1388 55
1387 28
1386 11
1385 27
1384 88
1383 81
1382 69
1381 31
1380 39
1379 31
1378 98
1377 32
1376 74
1375 78
1374 38
1373 93
1372 87
1371 7
1370 16
1369 89
1368 7
1367 44
1366 18
1365 100
1364 94
1363 54
1362 35
1361 78
1360 13
1359 60
1358 83
1357 89
1356 69
1355 89
1354 79
1353 46
1352 9
1351 2
1350 83
1349 85
1348 21
1347 11
1346 36
1345 64
1344 19
1343 26
1342 66
1341 68
1340 59
1339 72
1338 83
1337 93
1336 43
1335 27
1334 13
1333 57
1332 2
1331 62
1330 51
1329 77
1328 29
1327 81
1326 83
1325 28
1324 28
1323 13
1322 54
1321 59
1320 7
1319 0
1318 26
1317 21
1316 73
1315 52
1314 33
1313 6
1312 79
1311 86
1310 29
1309 81
1308 17
1307 87
1306 98
1305 40
1304 6
1303 49
1302 24
1301 5
1300 56
1299 57
1298 0
1297 40
1296 0
1295 70
1294 38
1293 56
1292 97
1291 5
1290 39
1289 34
1288 34
1287 86
1286 48
1285 91
1284 26
1283 63
1282 92
1281 81
1280 1
1279 49
1278 2
1277 88
1276 27
1275 49
1274 7
1273 25
1272 13
1271 40
1270 54
1269 100
1268 88
1267 47
1266 52
1265 95
1264 80
1263 54
1262 57
1261 38
1260 65
1259 25
1258 81
1257 75
1256 57
1255 90
1254 12
1253 56
1252 87
1251 81
1250 74
1249 7
1248 75
1247 41
1246 31
1245 4
1244 24
1243 89
1242 83
1241 73
1240 13
1239 52
1238 38
1237 99
1236 32
1235 22
1234 22
1233 3
1232 17
1231 97
1230 82
1229 43
1228 67
1227 40
1226 17
1225 80
1224 33
1223 42
1222 27
1221 96
1220 83
1219 45
1218 86
1217 10
1216 29
1215 42
1214 79
1213 18
1212 81
1211 53
1210 32
1209 84
1208 91
1207 40
1206 28
1205 19
1204 26
1203 24
1202 88
1201 35
1200 22
1199 52
1198 81
1197 23
1196 20
1195 68
1194 6
1193 100
1192 15
1191 38
1190 84
1189 69
1188 65
1187 58
1186 30
1185 67
1184 28
1183 44
1182 90
1181 23
1180 71
1179 24
1178 96
1177 30
1176 25
1175 89
1174 2
1173 36
1172 79
1171 20
1170 20
1169 33
1168 25
1167 80
1166 4
1165 29
1164 52
1163 76
1162 2
1161 32
1160 17
1159 93
1158 60
1157 8
1156 63
1155 28
1154 46
1153 38
1152 86
1151 8
1150 32
1149 29
1148 72
1147 7
1146 36
1145 84
1144 39
1143 82
1142 34
1141 81
1140 63
1139 26
1138 74
1137 93
1136 39
1135 15
1134 60
1133 0
1132 93
1131 69
1130 70
1129 51
1128 46
1127 90
1126 62
1125 24
1124 89
1123 39
1122 79
1121 16
1120 46
1119 53
1118 30
1117 82
1116 55
1115 73
1114 81
1113 69
1112 35
1111 26
1110 62
1109 21
1108 42
1107 67
1106 91
1105 86
1104 57
1103 0
1102 75
1101 26
1100 47
1099 36
1098 63
1097 41
1096 95
1095 77
1094 3
1093 96
1092 31
1091 66
1090 2
1089 20
1088 18
1087 15
1086 2
1085 98
1084 22
1083 44
1082 18
1081 9
1080 77
1079 47
1078 85
1077 85
1076 14
1075 24
1074 50
1073 10
1072 77
1071 7
1070 64
1069 38
1068 27
1067 22
1066 62
1065 60
1064 66
1063 20
1062 95
1061 3
1060 100
1059 79
1058 50
1057 1
1056 0
1055 7
1054 63
1053 43
1052 20
1051 5
1050 23
1049 5
1048 77
1047 42
1046 16
1045 50
1044 29
1043 53
1042 20
1041 60
1040 38
1039 86
1038 3
1037 84
1036 81
1035 56
1034 17
1033 10
1032 88
1031 84
1030 14
1029 95
1028 89
1027 41
1026 49
1025 2
1024 74
1023 12
1022 90
1021 97
1020 42
1019 20
1018 97
1017 95
1016 21
1015 30
1014 74
1013 50
1012 19
1011 86
1010 73
1009 90
1008 82
1007 79
1006 74
1005 90
1004 63
1003 30
1002 13
1001 75
1000 34
999 58
998 16
997 45
996 25
995 44
994 42
993 60
992 37
991 12
990 56
989 83
988 8
987 4
986 28
985 55
984 25
983 71
982 62
981 88
980 38
979 4
978 97
977 62
976 48
975 13
974 62
973 77
972 14
971 50
970 36
969 26
968 67
967 12
966 7
965 56
964 76
963 78
962 9
961 54
960 90
959 48
958 67
957 93
956 96
955 4
954 60
953 87
952 40
951 38
950 5
949 83
948 82
947 66
946 28
945 60
944 39
943 69
942 44
941 6
940 81
939 60
938 6
937 29
936 44
935 39
934 89
933 19
932 27
931 12
930 67
929 14
928 15
927 52
926 20
925 11
924 82
923 6
922 86
921 30
920 84
919 66
918 100
917 5
916 46
915 100
914 62
913 7
912 55
911 27
910 72
909 28
908 34
907 37
906 33
905 26
904 55
903 15
902 85
901 78
900 1
899 1
898 53
897 27
896 80
895 75
894 13
893 92
892 3
891 77
890 55
889 8
888 52
887 20
886 1
885 9
884 72
883 52
882 48
881 35
880 89
879 88
878 70
877 30
876 8
875 32
874 45
873 2
872 93
871 21
870 12
869 90
868 41
867 71
866 41
865 69
864 4
863 87
862 31
861 81
860 33
859 35
858 96
857 29
856 0
855 98
854 96
853 42
852 57
851 8
850 7
849 7
848 27
847 65
846 36
845 7
844 33
843 17
842 78
841 83
840 9
839 77
838 24
837 94
836 62
835 96
834 10
833 45
832 40
831 77
830 18
829 10
828 99
827 60
826 87
825 45
824 57
823 27
822 14
821 31
820 19
819 31
818 36
817 0
816 47
815 29
814 31
813 50
812 16
811 66
810 22
809 99
808 17
807 12
806 86
805 65
804 76
803 29
802 83
801 86
800 69
799 50
798 68
797 88
796 21
795 95
794 59
793 49
792 46
791 65
790 97
789 47
788 36
787 64
786 86
785 47
784 87
783 89
782 79
781 44
780 87
779 85
778 77
777 85
776 6
775 7
774 53
773 55
772 50
771 17
770 7
769 79
768 19
767 65
766 26
765 42
764 70
763 45
762 18
761 18
760 19
759 87
758 59
757 2
756 28
755 25
754 69
753 86
752 74
751 77
750 79
749 7
748 0
747 80
746 29
745 56
744 27
743 72
742 95
741 77
740 70
739 100
738 55
737 28
736 86
735 65
734 81
733 3
732 95
731 55
730 17
729 28
728 79
727 75
726 13
725 99
724 13
723 11
722 14
721 92
720 65
719 23
718 60
717 5
716 87
715 92
714 66
713 71
712 46
711 68
710 11
709 42
708 63
707 68
706 22
705 17
704 38
703 86
702 59
701 80
700 74
699 67
698 94
697 55
696 86
695 74
694 66
693 41
692 54
691 74
690 4
689 100
688 7
687 29
686 100
685 51
684 36
683 20
682 45
681 15
680 48
679 61
678 95
677 17
676 41
675 67
674 43
673 60
672 81
671 86
670 85
669 56
668 83
667 93
666 19
665 74
664 30
663 39
662 55
661 69
660 99
659 38
658 3
657 50
656 47
655 50
654 96
653 61
652 29
651 4
650 40
649 64
648 15
647 88
646 87
645 59
644 25
643 62
642 12
641 28
6