8000 42
7999 87
7998 24
7997 30
7996 73
7995 25
7994 83
7993 26
7992 71
7991 15
7990 51
7989 31
7988 9
7987 39
7986 98
7985 36
7984 73
7983 85
7982 10
7981 94
7980 13
7979 52
7978 58
7977 61
7976 31
7975 13
7974 55
7973 74
7972 1
7971 46
7970 72
7969 41
7968 10
7967 72
7966 55
7965 43
7964 85
7963 84
7962 57
7961 31
7960 51
7959 39
7958 77
7957 98
7956 71
7955 93
7954 47
7953 31
7952 19
7951 46
7950 55
7949 100
7948 5
7947 65
7946 89
7945 85
7944 18
7943 13
7942 28
7941 75
7940 52
7939 0
7938 100
7937 65
7936 59
7935 76
7934 55
7933 81
7932 9
7931 54
7930 31
7929 71
7928 35
7927 29
7926 22
7925 3
7924 22
7923 54
7922 89
7921 71
7920 77
7919 33
7918 19
7917 63
7916 96
7915 93
7914 99
7913 75
7912 92
7911 3
7910 62
7909 18
7908 83
7907 13
7906 100
7905 0
7904 64
7903 55
7902 0
7901 99
7900 22
7899 55
7898 14
7897 92
7896 70
7895 69
7894 23
7893 39
7892 82
7891 6
7890 90
7889 70
7888 24
7887 73
7886 42
7885 0
7884 12
7883 80
7882 9
7881 99
7880 26
7879 93
7878 4
7877 41
7876 72
7875 80
7874 36
7873 46
7872 3
7871 16
7870 31
7869 81
7868 53
7867 50
7866 12
7865 34
7864 76
7863 43
7862 84
7861 98
7860 59
7859 54
7858 99
7857 22
7856 14
7855 56
7854 63
7853 6
7852 27
7851 34
7850 60
7849 15
7848 15
7847 74
7846 44
7845 50
7844 97
7843 46
7842 16
7841 40
7840 12
7839 83
7838 11
7837 18
7836 60
7835 47
7834 61
7833 18
7832 55
7831 78
7830 52
7829 84
7828 40
7827 63
7826 24
7825 33
7824 71
7823 91
7822 43
7821 83
7820 24
7819 92
7818 41
7817 47
7816 14
7815 18
7814 32
7813 9
7812 46
7811 62
7810 61
7809 43
7808 79
7807 52
7806 40
7805 41
7804 66
7803 46
7802 30
7801 62
7800 2
7799 43
7798 12
7797 35
7796 56
7795 12
7794 51
7793 1
7792 18
7791 8
7790 91
7789 18
7788 61
7787 28
7786 99
7785 53
7784 22
7783 73
7782 98
7781 37
7780 84
7779 65
7778 62
7777 99
7776 4
7775 100
7774 19
7773 27
7772 31
7771 93
7770 51
7769 53
7768 88
7767 17
7766 25
7765 33
7764 62
7763 85
7762 79
7761 66
7760 6
7759 15
7758 29
7757 82
7756 92
7755 31
7754 47
7753 75
7752 44
7751 3
7750 10
7749 76
7748 72
7747 62
7746 55
7745 6
7744 82
7743 11
7742 60
7741 48
7740 32
7739 42
7738 18
7737 19
7736 30
7735 64
7734 1
7733 48
7732 42
7731 52
7730 18
7729 62
7728 28
7727 51
7726 7
7725 56
7724 56
7723 10
7722 56
7721 83
7720 61
7719 46
7718 4
7717 36
7716 13
7715 35
7714 51
7713 41
7712 95
7711 29
7710 14
7709 14
7708 8
7707 100
7706 78
7705 15
7704 12
7703 58
7702 8
7701 19
7700 15
7699 19
7698 58
7697 40
7696 74
7695 62
7694 89
7693 11
7692 52
7691 38
7690 72
7689 47
7688 73
7687 61
7686 80
7685 10
7684 92
7683 57
7682 13
7681 56
7680 7
7679 20
7678 88
7677 87
7676 10
7675 9
7674 27
7673 41
7672 1
7671 22
7670 65
7669 99
7668 39
7667 86
7666 43
7665 0
7664 76
7663 56
7662 3
7661 71
7660 52
7659 32
7658 50
7657 17
7656 89
7655 30
7654 69
7653 29
7652 92
7651 23
7650 93
7649 92
7648 10
7647 1
7646 31
7645 68
7644 91
7643 7
7642 61
7641 18
7640 92
7639 27
7638 6
7637 15
7636 46
7635 26
7634 93
7633 23
7632 22
7631 30
7630 87
7629 65
7628 96
7627 67
7626 92
7625 5
7624 26
7623 0
7622 82
7621 59
7620 91
7619 62
7618 2
7617 2
7616 14
7615 47
7614 21
7613 48
7612 18
7611 32
7610 0
7609 24
7608 21
7607 27
7606 39
7605 63
7604 46
7603 9
7602 11
7601 41
7600 99
7599 12
7598 57
7597 90
7596 95
7595 88
7594 83
7593 89
7592 10
7591 23
7590 79
7589 70
7588 27
7587 58
7586 64
7585 96
7584 47
7583 49
7582 56
7581 99
7580 47
7579 100
7578 77
7577 51
7576 26
7575 50
7574 93
7573 54
7572 26
7571 49
7570 46
7569 14
7568 21
7567 50
7566 66
7565 82
7564 54
7563 29
7562 15
7561 28
7560 66
7559 51
7558 23
7557 46
7556 69
7555 94
7554 52
7553 15
7552 50
7551 70
7550 64
7549 98
7548 69
7547 99
7546 80
7545 24
7544 25
7543 3
7542 2
7541 71
7540 54
7539 31
7538 25
7537 80
7536 12
7535 77
7534 87
7533 93
7532 93
7531 66
7530 71
7529 10
7528 34
7527 57
7526 97
7525 34
7524 31
7523 36
7522 8
7521 71
7520 55
7519 44
7518 35
7517 89
7516 85
7515 50
7514 71
7513 48
7512 68
7511 67
7510 89
7509 18
7508 1
7507 86
7506 74
7505 67
7504 90
7503 19
7502 54
7501 98
7500 90
7499 25
7498 17
7497 66
7496 46
7495 12
7494 59
7493 67
7492 62
7491 99
7490 93
7489 86
7488 96
7487 37
7486 96
7485 76
7484 70
7483 56
7482 30
7481 72
7480 93
7479 90
7478 25
7477 70
7476 85
7475 15
7474 29
7473 23
7472 5
7471 25
7470 2
7469 81
7468 28
7467 20
7466 41
7465 41
7464 64
7463 90
7462 72
7461 23
7460 36
7459 96
7458 30
7457 81
7456 18
7455 47
7454 3
7453 97
7452 78
7451 15
7450 34
7449 54
7448 48
7447 55
7446 47
7445 18
7444 55
7443 83
7442 84
7441 39
7440 93
7439 95
7438 87
7437 99
7436 99
7435 26
7434 57
7433 85
7432 67
7431 56
7430 32
7429 35
7428 25
7427 30
7426 4
7425 50
7424 44
7423 15
7422 91
7421 47
7420 14
7419 20
7418 28
7417 14
7416 11
7415 37
7414 77
7413 13
7412 58
7411 53
7410 24
7409 84
7408 64
7407 28
7406 71
7405 64
7404 95
7403 79
7402 49
7401 59
7400 44
7399 92
7398 74
7397 25
7396 39
7395 44
7394 7
7393 73
7392 88
7391 29
7390 31
7389 61
7388 16
7387 95
7386 97
7385 78
7384 45
7383 68
7382 19
7381 88
7380 67
7379 53
7378 52
7377 35
7376 54
7375 17
7374 62
7373 21
7372 11
7371 26
7370 94
7369 55
7368 41
7367 63
7366 74
7365 28
7364 6
7363 64
7362 100
7361 40
7360 62
7359 3
7358 8
7357 76
7356 94
7355 10
7354 71
7353 48
7352 60
7351 95
7350 89
7349 45
7348 71
7347 29
7346 82
7345 63
7344 12
7343 16
7342 21
7341 87
7340 94
7339 61
7338 48
7337 40
7336 61
7335 58
7334 27
7333 71
7332 71
7331 46
7330 1
7329 36
7328 42
7327 31
7326 13
7325 51
7324 18
7323 45
7322 92
7321 2
7320 63
7319 71
7318 49
7317 18
7316 1
7315 84
7314 55
7313 34
7312 36
7311 20
7310 46
7309 16
7308 21
7307 76
7306 21
7305 6
7304 67
7303 74
7302 65
7301 13
7300 79
7299 57
7298 22
7297 17
7296 46
7295 99
7294 90
7293 69
7292 71
7291 82
7290 47
7289 14
7288 27
7287 22
7286 10
7285 65
7284 20
7283 78
7282 47
7281 69
7280 56
7279 33
7278 92
7277 97
7276 54
7275 66
7274 100
7273 20
7272 39
7271 38
7270 99
7269 41
7268 94
7267 69
7266 24
7265 88
7264 75
7263 45
7262 61
7261 90
7260 0
7259 88
7258 63
7257 29
7256 43
7255 98
7254 57
7253 42
7252 13
7251 76
7250 7
7249 21
7248 35
7247 32
7246 77
7245 37
7244 33
7243 17
7242 37
7241 4
7240 86
7239 7
7238 83
7237 82
7236 31
7235 9
7234 84
7233 73
7232 38
7231 19
7230 69
7229 30
7228 46
7227 38
7226 0
7225 77
7224 18
7223 32
7222 28
7221 36
7220 4
7219 96
7218 25
7217 81
7216 76
7215 25
7214 86
7213 82
7212 14
7211 81
7210 59
7209 54
7208 27
7207 4
7206 3
7205 45
7204 19
7203 52
7202 61
7201 81
7200 39
7199 81
7198 5
7197 87
7196 69
7195 73
7194 15
7193 33
7192 35
7191 68
7190 18
7189 72
7188 85
7187 99
7186 16
7185 98
7184 12
7183 40
7182 91
7181 55
7180 100
7179 66
7178 27
7177 87
7176 25
7175 67
7174 11
7173 91
7172 16
7171 16
7170 39
7169 46
7168 71
7167 94
7166 53
7165 18
7164 77
7163 47
7162 78
7161 72
7160 16
7159 12
7158 2
7157 32
7156 20
7155 15
7154 44
7153 16
7152 83
7151 8
7150 1
7149 63
7148 54
7147 48
7146 28
7145 27
7144 46
7143 31
7142 52
7141 43
7140 18
7139 0
7138 89
7137 40
7136 83
7135 69
7134 46
7133 42
7132 3
7131 38
7130 32
7129 55
7128 53
7127 27
7126 67
7125 5
7124 15
7123 13
7122 61
7121 89
7120 43
7119 9
7118 38
7117 62
7116 62
7115 31
7114 79
7113 92
7112 14
7111 0
7110 9
7109 74
7108 59
7107 37
7106 80
7105 45
7104 90
7103 1
7102 45
7101 55
7100 63
7099 79
7098 77
7097 34
7096 38
7095 85
7094 97
7093 94
7092 84
7091 36
7090 53
7089 80
7088 99
7087 75
7086 3
7085 79
7084 65
7083 58
7082 64
7081 34
7080 58
7079 41
7078 74
7077 2
7076 61
7075 12
7074 84
7073 57
7072 9
7071 14
7070 100
7069 68
7068 40
7067 54
7066 84
7065 16
7064 95
7063 52
7062 22
7061 23
7060 7
7059 46
7058 65
7057 50
7056 20
7055 95
7054 98
7053 2
7052 73
7051 13
7050 19
7049 39
7048 46
7047 65
7046 32
7045 46
7044 88
7043 29
7042 58
7041 14
7040 85
7039 7
7038 51
7037 64
7036 84
7035 58
7034 46
7033 60
7032 82
7031 84
7030 37
7029 92
7028 11
7027 44
7026 33
7025 77
7024 93
7023 76
7022 72
7021 26
7020 62
7019 99
7018 13
7017 35
7016 25
7015 41
7014 40
7013 11
7012 75
7011 82
7010 85
7009 34
7008 31
7007 41
7006 100
7005 38
7004 34
7003 1
7002 90
7001 53
7000 19
6999 35
6998 38
6997 67
6996 78
6995 57
6994 30
6993 14
6992 28
6991 7
6990 69
6989 27
6988 74
6987 5
6986 46
6985 16
6984 69
6983 99
6982 19
6981 20
6980 95
6979 77
6978 58
6977 65
6976 35
6975 89
6974 74
6973 64
6972 95
6971 93
6970 17
6969 90
6968 33
6967 91
6966 97
6965 32
6964 25
6963 31
6962 52
6961 52
6960 78
6959 76
6958 90
6957 97
6956 36
6955 97
6954 5
6953 23
6952 68
6951 49
6950 42
6949 14
6948 0
6947 42
6946 57
6945 73
6944 11
6943 99
6942 60
6941 30
6940 92
6939 67
6938 80
6937 77
6936 82
6935 40
6934 20
6933 53
6932 54
6931 35
6930 54
6929 16
6928 100
6927 17
6926 10
6925 8
6924 15
6923 80
6922 48
6921 38
6920 1
6919 36
6918 0
6917 63
6916 12
6915 71
6914 44
6913 64
6912 82
6911 85
6910 8
6909 53
6908 21
6907 47
6906 20
6905 51
6904 66
6903 3
6902 60
6901 78
6900 19
6899 29
6898 53
6897 80
6896 0
6895 25
6894 72
6893 68
6892 93
6891 90
6890 2
6889 63
6888 75
6887 45
6886 31
6885 8
6884 68
6883 26
6882 71
6881 63
6880 3
6879 95
6878 29
6877 85
6876 17
6875 0
6874 39
6873 70
6872 93
6871 8
6870 20
6869 6
6868 40
6867 47
6866 17
6865 63
6864 31
6863 97
6862 13
6861 6
6860 10
6859 67
6858 56
6857 81
6856 78
6855 33
6854 96
6853 31
6852 59
6851 15
6850 44
6849 52
6848 28
6847 42
6846 26
6845 59
6844 36
6843 80
6842 98
6841 89
6840 55
6839 15
6838 28
6837 91
6836 7
6835 77
6834 96
6833 57
6832 19
6831 93
6830 8
6829 87
6828 38
6827 12
6826 75
6825 36
6824 40
6823 85
6822 79
6821 32
6820 0
6819 54
6818 76
6817 84
6816 77
6815 47
6814 33
6813 72
6812 61
6811 66
6810 83
6809 60
6808 33
6807 93
6806 70
6805 24
6804 92
6803 50
6802 19
6801 1
6800 60
6799 41
6798 84
6797 42
6796 2
6795 62
6794 5
6793 98
6792 76
6791 59
6790 75
6789 12
6788 37
6787 32
6786 15
6785 43
6784 99
6783 46
6782 78
6781 36
6780 66
6779 67
6778 72
6777 63
6776 36
6775 36
6774 43
6773 13
6772 44
6771 75
6770 58
6769 79
6768 41
6767 23
6766 5
6765 80
6764 78
6763 85
6762 1
6761 38
6760 91
6759 96
6758 99
6757 6
6756 7
6755 43
6754 38
6753 86
6752 0
6751 33
6750 14
6749 31
6748 19
6747 11
6746 90
6745 90
6744 6
6743 83
6742 28
6741 25
6740 3
6739 61
6738 75
6737 73
6736 97
6735 99
6734 11
6733 76
6732 77
6731 54
6730 7
6729 99
6728 9
6727 10
6726 42
6725 41
6724 55
6723 12
6722 46
6721 59
6720 80
6719 47
6718 61
6717 96
6716 92
6715 63
6714 6
6713 26
6712 0
6711 23
6710 29
6709 59
6708 27
6707 0
6706 32
6705 40
6704 54
6703 17
6702 47
6701 23
6700 57
6699 52
6698 65
6697 35
6696 74
6695 80
6694 27
6693 12
6692 41
6691 15
6690 28
6689 0
6688 93
6687 92
6686 58
6685 52
6684 29
6683 4
6682 57
6681 18
6680 29
6679 86
6678 98
6677 25
6676 100
6675 10
6674 72
6673 68
6672 51
6671 1
6670 22
6669 93
6668 72
6667 79
6666 37
6665 51
6664 14
6663 53
6662 41
6661 23
6660 10
6659 71
6658 0
6657 18
6656 0
6655 17
6654 78
6653 62
6652 35
6651 70
6650 62
6649 72
6648 67
6647 13
6646 4
6645 6
6644 92
6643 13
6642 39
6641 99
6640 13
6639 11
6638 21
6637 30
6636 99
6635 87
6634 99
6633 12
6632 38
6631 57
6630 94
6629 13
6628 73
6627 54
6626 71
6625 44
6624 51
6623 58
6622 12
6621 34
6620 52
6619 51
6618 49
6617 38
6616 31
6615 41
6614 88
6613 74
6612 33
6611 34
6610 86
6609 28
6608 54
6607 20
6606 74
6605 40
6604 78
6603 33
6602 72
6601 76
6600 52
6599 50
6598 26
6597 72
6596 97
6595 85
6594 76
6593 79
6592 30
6591 86
6590 85
6589 45
6588 77
6587 12
6586 1
6585 96
6584 98
6583 44
6582 11
6581 10
6580 4
6579 18
6578 43
6577 32
6576 54
6575 3
6574 59
6573 5
6572 31
6571 47
6570 30
6569 11
6568 33
6567 48
6566 82
6565 47
6564 96
6563 31
6562 21
6561 4
6560 52
6559 50
6558 36
6557 15
6556 87
6555 84
6554 7
6553 55
6552 6
6551 46
6550 78
6549 85
6548 70
6547 13
6546 85
6545 83
6544 56
6543 71
6542 88
6541 24
6540 60
6539 84
6538 75
6537 29
6536 9
6535 55
6534 17
6533 8
6532 71
6531 28
6530 28
6529 51
6528 96
6527 77
6526 0
6525 11
6524 25
6523 29
6522 34
6521 57
6520 18
6519 32
6518 40
6517 77
6516 71
6515 58
6514 84
6513 11
6512 64
6511 81
6510 17
6509 88
6508 14
6507 95
6506 86
6505 34
6504 8
6503 7
6502 53
6501 35
6500 52
6499 80
6498 66
6497 1
6496 100
6495 14
6494 32
6493 85
6492 1
6491 28
6490 79
6489 95
6488 21
6487 55
6486 4
6485 82
6484 25
6483 44
6482 95
6481 4
6480 37
6479 57
6478 24
6477 99
6476 80
6475 90
6474 47
6473 53
6472 27
6471 56
6470 20
6469 23
6468 10
6467 64
6466 8
6465 54
6464 5
6463 3
6462 71
6461 15
6460 50
6459 62
6458 36
6457 64
6456 87
6455 80
6454 7
6453 93
6452 46
6451 21
6450 69
6449 74
6448 47
6447 1
6446 33
6445 47
6444 43
6443 70
6442 76
6441 94
6440 98
6439 18
6438 91
6437 56
6436 88
6435 34
6434 76
6433 89
6432 3
6431 99
6430 43
6429 91
6428 32
6427 42
6426 8
6425 98
6424 15
6423 90
6422 3
6421 44
6420 73
6419 29
6418 88
6417 94
6416 29
6415 96
6414 72
6413 44
6412 64
6411 62
6410 58
6409 71
6408 44
6407 50
6406 99
6405 23
6404 58
6403 88
6402 16
6401 45
6400 49
6399 49
6398 25
6397 50
6396 5
6395 61
6394 7
6393 10
6392 57
6391 65
6390 0
6389 16
6388 60
6387 87
6386 97
6385 15
6384 7
6383 70
6382 52
6381 17
6380 28
6379 91
6378 53
6377 31
6376 100
6375 10
6374 73
6373 5
6372 31
6371 92
6370 60
6369 24
6368 84
6367 52
6366 74
6365 4
6364 97
6363 100
6362 20
6361 75
6360 63
6359 18
6358 10
6357 79
6356 100
6355 99
6354 63
6353 15
6352 99
6351 68
6350 1
6349 38
6348 78
6347 42
6346 51
6345 86
6344 43
6343 46
6342 75
6341 6
6340 33
6339 11
6338 74
6337 94
6336 32
6335 81
6334 94
6333 22
6332 76
6331 28
6330 81
6329 83
6328 70
6327 71
6326 38
6325 25
6324 77
6323 55
6322 29
6321 82
6320 33
6319 66
6318 37
6317 39
6316 19
6315 13
6314 50
6313 59
6312 10
6311 40
6310 34
6309 86
6308 94
6307 33
6306 76
6305 69
6304 29
6303 8
6302 32
6301 82
6300 6
6299 8
6298 24
6297 83
6296 58
6295 21
6294 26
6293 43
6292 24
6291 18
6290 88
6289 72
6288 90
6287 34
6286 74
6285 24
6284 78
6283 42
6282 22
6281 32
6280 13
6279 12
6278 25
6277 31
6276 32
6275 22
6274 67
6273 91
6272 32
6271 79
6270 15
6269 96
6268 86
6267 7
6266 93
6265 82
6264 0
6263 91
6262 98
6261 19
6260 5
6259 66
6258 61
6257 11
6256 68
6255 6
6254 46
6253 43
6252 60
6251 53
6250 46
6249 54
6248 28
6247 86
6246 85
6245 13
6244 67
6243 1
6242 88
6241 96
6240 53
6239 71
6238 71
6237 73
6236 38
6235 86
6234 50
6233 69
6232 90
6231 84
6230 31
6229 100
6228 39
6227 90
6226 26
6225 56
6224 57
6223 2
6222 73
6221 94
6220 97
6219 69
6218 79
6217 53
6216 76
6215 65
6214 93
6213 2
6212 81
6211 9
6210 75
6209 79
6208 49
6207 2
6206 2
6205 78
6204 61
6203 70
6202 13
6201 5
6200 61
6199 2
6198 26
6197 58
6196 8
6195 16
6194 48
6193 71
6192 35
6191 56
6190 57
6189 12
6188 100
6187 52
6186 65
6185 51
6184 28
6183 51
6182 61
6181 31
6180 8
6179 5
6178 99
6177 2
6176 33
6175 80
6174 11
6173 66
6172 23
6171 20
6170 1
6169 28
6168 79
6167 8
6166 100
6165 90
6164 47
6163 15
6162 29
6161 32
6160 26
6159 24
6158 70
6157 69
6156 20
6155 86
6154 61
6153 69
6152 1
6151 72
6150 63
6149 62
6148 19
6147 50
6146 54
6145 75
6144 7
6143 1
6142 33
6141 79
6140 51
6139 60
6138 93
6137 25
6136 1
6135 99
6134 15
6133 9
6132 91
6131 33
6130 24
6129 51
6128 32
6127 6
6126 29
6125 43
6124 34
6123 20
6122 53
6121 87
6120 17
6119 76
6118 25
6117 97
6116 51
6115 13
6114 65
6113 17
6112 18
6111 81
6110 100
6109 19
6108 68
6107 29
6106 39
6105 60
6104 35
6103 65
6102 66
6101 72
6100 52
6099 78
6098 49
6097 15
6096 12
6095 12
6094 2
6093 8
6092 19
6091 88
6090 58
6089 5
6088 82
6087 48
6086 34
6085 23
6084 76
6083 80
6082 53
6081 80
6080 61
6079 29
6078 100
6077 19
6076 48
6075 99
6074 13
6073 56
6072 64
6071 38
6070 99
6069 2
6068 67
6067 100
6066 13
6065 22
6064 75
6063 72
6062 41
6061 30
6060 98
6059 89
6058 58
6057 46
6056 33
6055 84
6054 32
6053 5
6052 77
6051 78
6050 37
6049 56
6048 52
6047 79
6046 14
6045 85
6044 100
6043 43
6042 56
6041 14
6040 10
6039 81
6038 52
6037 81
6036 42
6035 53
6034 48
6033 33
6032 23
6031 21
6030 24
6029 37
6028 73
6027 7
6026 77
6025 13
6024 67
6023 84
6022 4
6021 8
6020 65
6019 24
6018 47
6017 25
6016 76
6015 43
6014 13
6013 35
6012 56
6011 76
6010 19
6009 77
6008 30
6007 61
6006 42
6005 66
6004 97
6003 18
6002 28
6001 78
6000 0
5999 13
5998 8
5997 75
5996 20
5995 32
5994 96
5993 91
5992 41
5991 50
5990 14
5989 37
5988 6
5987 9
5986 91
5985 1
5984 96
5983 15
5982 79
5981 22
5980 31
5979 42
5978 74
5977 63
5976 43
5975 8
5974 90
5973 79
5972 70
5971 78
5970 22
5969 19
5968 65
5967 17
5966 30
5965 0
5964 88
5963 45
5962 75
5961 77
5960 51
5959 23
5958 27
5957 73
5956 82
5955 98
5954 3
5953 29
5952 84
5951 30
5950 9
5949 6
5948 88
5947 72
5946 83
5945 51
5944 61
5943 24
5942 61
5941 24
5940 64
5939 17
5938 66
5937 70
5936 64
5935 23
5934 36
5933 20
5932 38
5931 43
5930 45
5929 12
5928 53
5927 97
5926 96
5925 93
5924 25
5923 50
5922 22
5921 23
5920 72
5919 10
5918 11
5917 43
5916 59
5915 59
5914 35
5913 28
5912 22
5911 36
5910 94
5909 34
5908 49
5907 44
5906 66
5905 62
5904 100
5903 2
5902 61
5901 9
5900 38
5899 26
5898 79
5897 50
5896 60
5895 3
5894 15
5893 87
5892 42
5891 46
5890 2
5889 25
5888 89
5887 27
5886 33
5885 4
5884 59
5883 34
5882 53
5881 65
5880 58
5879 68
5878 89
5877 89
5876 2
5875 98
5874 60
5873 74
5872 63
5871 65
5870 14
5869 40
5868 30
5867 62
5866 26
5865 19
5864 76
5863 9
5862 94
5861 56
5860 23
5859 1
5858 29
5857 4
5856 97
5855 91
5854 54
5853 70
5852 45
5851 98
5850 51
5849 5
5848 20
5847 65
5846 99
5845 89
5844 49
5843 82
5842 79
5841 79
5840 28
5839 8
5838 9
5837 51
5836 1
5835 40
5834 31
5833 22
5832 87
5831 87
5830 42
5829 79
5828 36
5827 89
5826 9
5825 4
5824 63
5823 24
5822 23
5821 80
5820 66
5819 45
5818 37
5817 100
5816 90
5815 97
5814 44
5813 38
5812 23
5811 56
5810 90
5809 7
5808 47
5807 70
5806 96
5805 30
5804 51
5803 73
5802 49
5801 7
5800 42
5799 84
5798 53
5797 49
5796 65
5795 79
5794 50
5793 71
5792 78
5791 50
5790 80
5789 0
5788 28
5787 86
5786 6
5785 76
5784 38
5783 9
5782 22
5781 18
5780 13
5779 5
5778 78
5777 12
5776 0
5775 0
5774 38
5773 78
5772 13
5771 20
5770 33
5769 30
5768 98
5767 50
5766 70
5765 32
5764 80
5763 22
5762 20
5761 23
5760 4
5759 41
5758 55
5757 54
5756 91
5755 20
5754 68
5753 54
5752 70
5751 63
5750 20
5749 93
5748 21
5747 13
5746 81
5745 73
5744 89
5743 33
5742 69
5741 10
5740 82
5739 23
5738 76
5737 93
5736 14
5735 56
5734 100
5733 77
5732 54
5731 21
5730 2
5729 9
5728 68
5727 53
5726 30
5725 52
5724 95
5723 12
5722 30
5721 7
5720 52
5719 20
5718 13
5717 83
5716 0
5715 79
5714 22
5713 63
5712 46
5711 19
5710 80
5709 37
5708 87
5707 36
5706 35
5705 74
5704 19
5703 100
5702 96
5701 49
5700 50
5699 40
5698 54
5697 1
5696 20
5695 78
5694 36
5693 58
5692 70
5691 22
5690 64
5689 94
5688 96
5687 40
5686 69
5685 73
5684 18
5683 93
5682 35
5681 67
5680 17
5679 55
5678 89
5677 29
5676 8
5675 94
5674 85
5673 100
5672 63
5671 4
5670 79
5669 30
5668 17
5667 33
5666 1
5665 10
5664 38
5663 17
5662 78
5661 69
5660 36
5659 29
5658 81
5657 92
5656 15
5655 5
5654 67
5653 75
5652 54
5651 8
5650 43
5649 95
5648 3
5647 40
5646 57
5645 45
5644 84
5643 47
5642 94
5641 48
5640 22
5639 11
5638 62
5637 94
5636 60
5635 52
5634 38
5633 10
5632 65
5631 75
5630 68
5629 10
5628 47
5627 12
5626 53
5625 26
5624 48
5623 81
5622 68
5621 65
5620 60
5619 60
5618 80
5617 69
5616 36
5615 24
5614 32
5613 56
5612 98
5611 36
5610 50
5609 11
5608 17
5607 95
5606 39
5605 49
5604 16
5603 5
5602 84
5601 38
5600 16
5599 4
5598 48
5597 23
5596 69
5595 36
5594 29
5593 23
5592 16
5591 2
5590 56
5589 83
5588 25
5587 1
5586 52
5585 15
5584 72
5583 60
5582 78
5581 60
5580 19
5579 87
5578 21
5577 7
5576 96
5575 28
5574 58
5573 37
5572 71
5571 91
5570 90
5569 17
5568 38
5567 47
5566 58
5565 66
5564 23
5563 12
5562 45
5561 7
5560 11
5559 72
5558 26
5557 94
5556 0
5555 51
5554 45
5553 99
5552 36
5551 76
5550 75
5549 30
5548 19
5547 63
5546 89
5545 76
5544 67
5543 26
5542 84
5541 13
5540 85
5539 45
5538 71
5537 84
5536 49
5535 79
5534 58
5533 37
5532 45
5531 70
5530 69
5529 86
5528 30
5527 44
5526 94
5525 20
5524 27
5523 67
5522 48
5521 44
5520 45
5519 78
5518 67
5517 49
5516 87
5515 96
5514 88
5513 18
5512 78
5511 17
5510 9
5509 93
5508 88
5507 44
5506 50
5505 98
5504 45
5503 25
5502 28
5501 52
5500 28
5499 4
5498 40
5497 92
5496 22
5495 16
5494 68
5493 66
5492 22
5491 67
5490 34
5489 94
5488 69
5487 17
5486 71
5485 74
5484 74
5483 68
5482 54
5481 68
5480 92
5479 2
5478 65
5477 15
5476 90
5475 13
5474 84
5473 94
5472 86
5471 16
5470 59
5469 32
5468 88
5467 70
5466 77
5465 19
5464 31
5463 52
5462 54
5461 11
5460 9
5459 90
5458 16
5457 99
5456 21
5455 24
5454 43
5453 70
5452 36
5451 54
5450 15
5449 98
5448 52
5447 48
5446 98
5445 2
5444 51
5443 50
5442 50
5441 91
5440 40
5439 9
5438 84
5437 94
5436 17
5435 46
5434 49
5433 88
5432 42
5431 0
5430 85
5429 0
5428 1
5427 51
5426 13
5425 46
5424 44
5423 50
5422 8
5421 56
5420 66
5419 0
5418 72
5417 52
5416 81
5415 22
5414 60
5413 36
5412 82
5411 100
5410 53
5409 1
5408 21
5407 15
5406 99
5405 3
5404 18
5403 15
5402 41
5401 86
5400 24
5399 86
5398 80
5397 34
5396 25
5395 21
5394 18
5393 8
5392 24
5391 0
5390 39
5389 58
5388 20
5387 37
5386 5
5385 57
5384 58
5383 71
5382 99
5381 58
5380 53
5379 39
5378 99
5377 97
5376 71
5375 26
5374 65
5373 38
5372 99
5371 19
5370 56
5369 64
5368 18
5367 61
5366 38
5365 19
5364 41
5363 61
5362 98
5361 65
5360 45
5359 69
5358 37
5357 85
5356 44
5355 97
5354 13
5353 57
5352 10
5351 34
5350 79
5349 69
5348 45
5347 15
5346 11
5345 40
5344 4
5343 90
5342 33
5341 49
5340 41
5339 16
5338 7
5337 22
5336 42
5335 89
5334 52
5333 89
5332 26
5331 35
5330 38
5329 65
5328 54
5327 88
5326 24
5325 28
5324 92
5323 60
5322 84
5321 22
5320 70
5319 43
5318 53
5317 71
5316 11
5315 85
5314 54
5313 17
5312 41
5311 35
5310 71
5309 26
5308 75
5307 64
5306 20
5305 86
5304 45
5303 67
5302 94
5301 57
5300 61
5299 67
5298 0
5297 96
5296 13
5295 62
5294 46
5293 63
5292 65
5291 77
5290 46
5289 54
5288 17
5287 80
5286 90
5285 12
5284 32
5283 83
5282 34
5281 26
5280 93
5279 26
5278 51
5277 32
5276 19
5275 91
5274 85
5273 18
5272 23
5271 79
5270 53
5269 93
5268 44
5267 29
5266 22
5265 81
5264 63
5263 100
5262 10
5261 37
5260 63
5259 17
5258 100
5257 58
5256 94
5255 89
5254 20
5253 79
5252 33
5251 61
5250 35
5249 65
5248 67
5247 61
5246 56
5245 3
5244 22
5243 36
5242 85
5241 40
5240 39
5239 73
5238 79
5237 6
5236 42
5235 75
5234 26
5233 97
5232 89
5231 41
5230 4
5229 58
5228 10
5227 92
5226 99
5225 19
5224 24
5223 25
5222 76
5221 81
5220 87
5219 45
5218 65
5217 49
5216 6
5215 64
5214 64
5213 59
5212 14
5211 42
5210 48
5209 60
5208 99
5207 84
5206 14
5205 95
5204 69
5203 71
5202 43
5201 80
5200 88
5199 48
5198 88
5197 72
5196 25
5195 9
5194 29
5193 76
5192 23
5191 11
5190 70
5189 63
5188 41
5187 72
5186 15
5185 92
5184 28
5183 92
5182 43
5181 73
5180 85
5179 35
5178 70
5177 15
5176 81
5175 15
5174 61
5173 14
5172 65
5171 7
5170 37
5169 82
5168 30
5167 19
5166 56
5165 39
5164 38
5163 100
5162 83
5161 59
5160 29
5159 64
5158 82
5157 72
5156 3
5155 6
5154 85
5153 47
5152 43
5151 33
5150 45
5149 20
5148 42
5147 87
5146 25
5145 18
5144 83
5143 19
5142 67
5141 93
5140 13
5139 48
5138 88
5137 86
5136 78
5135 39
5134 53
5133 34
5132 84
5131 3
5130 64
5129 38
5128 29
5127 1
5126 81
5125 72
5124 54
5123 35
5122 75
5121 13
5120 39
5119 92
5118 34
5117 54
5116 30
5115 73
5114 90
5113 80
5112 79
5111 81
5110 89
5109 1
5108 76
5107 75
5106 68
5105 42
5104 80
5103 85
5102 46
5101 39
5100 11
5099 34
5098 83
5097 23
5096 49
5095 59
5094 16
5093 99
5092 5
5091 55
5090 52
5089 6
5088 8
5087 87
5086 76
5085 24
5084 26
5083 84
5082 12
5081 43
5080 74
5079 30
5078 3
5077 61
5076 43
5075 58
5074 42
5073 91
5072 80
5071 61
5070 57
5069 40
5068 63
5067 73
5066 82
5065 49
5064 93
5063 69
5062 82
5061 57
5060 63
5059 88
5058 13
5057 20
5056 46
5055 80
5054 68
5053 25
5052 66
5051 47
5050 67
5049 51
5048 60
5047 25
5046 24
5045 12
5044 5
5043 42
5042 71
5041 4
5040 4
5039 100
5038 26
5037 34
5036 39
5035 64
5034 97
5033 44
5032 89
5031 94
5030 83
5029 45
5028 6
5027 58
5026 16
5025 58
5024 81
5023 51
5022 96
5021 20
5020 77
5019 47
5018 85
5017 6
5016 37
5015 95
5014 43
5013 83
5012 95
5011 20
5010 93
5009 23
5008 40
5007 24
5006 19
5005 51
5004 32
5003 75
5002 99
5001 46
5000 78
4999 60
4998 74
4997 8
4996 27
4995 49
4994 20
4993 53
4992 21
4991 64
4990 26
4989 94
4988 45
4987 37
4986 34
4985 83
4984 79
4983 86
4982 100
4981 56
4980 52
4979 79
4978 17
4977 6
4976 69
4975 96
4974 5
4973 52
4972 86
4971 5
4970 1
4969 39
4968 41
4967 3
4966 66
4965 74
4964 18
4963 100
4962 49
4961 94
4960 29
4959 13
4958 68
4957 13
4956 23
4955 83
4954 89
4953 74
4952 80
4951 10
4950 16
4949 33
4948 43
4947 73
4946 28
4945 7
4944 45
4943 5
4942 89
4941 99
4940 15
4939 9
4938 86
4937 4
4936 15
4935 83
4934 46
4933 14
4932 67
4931 87
4930 72
4929 32
4928 7
4927 67
4926 63
4925 23
4924 99
4923 87
4922 29
4921 19
4920 28
4919 87
4918 62
4917 68
4916 51
4915 15
4914 27
4913 2
4912 28
4911 83
4910 1
4909 79
4908 23
4907 6
4906 81
4905 61
4904 36
4903 73
4902 48
4901 33
4900 92
4899 90
4898 70
4897 74
4896 22
4895 21
4894 10
4893 40
4892 44
4891 24
4890 6
4889 35
4888 20
4887 84
4886 7
4885 56
4884 50
4883 69
4882 93
4881 44
4880 79
4879 38
4878 12
4877 97
4876 9
4875 42
4874 100
4873 45
4872 97
4871 69
4870 87
4869 41
4868 45
4867 61
4866 52
4865 10
4864 62
4863 12
4862 64
4861 53
4860 23
4859 52
4858 79
4857 33
4856 0
4855 99
4854 85
4853 34
4852 72
4851 41
4850 47
4849 58
4848 56
4847 28
4846 73
4845 82
4844 37
4843 71
4842 6
4841 53
4840 87
4839 51
4838 7
4837 20
4836 35
4835 56
4834 61
4833 100
4832 35
4831 82
4830 84
4829 29
4828 16
4827 24
4826 66
4825 92
4824 14
4823 33
4822 62
4821 67
4820 76
4819 25
4818 100
4817 16
4816 72
4815 30
4814 78
4813 8
4812 41
4811 52
4810 24
4809 58
4808 35
4807 79
4806 51
4805 44
4804 41
4803 31
4802 59
4801 58
4800 48
4799 96
4798 65
4797 12
4796 97
4795 99
4794 80
4793 98
4792 45
4791 99
4790 62
4789 7
4788 8
4787 72
4786 34
4785 70
4784 17
4783 21
4782 25
4781 57
4780 14
4779 94
4778 51
4777 16
4776 62
4775 32
4774 19
4773 64
4772 48
4771 68
4770 42
4769 35
4768 73
4767 50
4766 98
4765 100
4764 60
4763 66
4762 14
4761 69
4760 7
4759 60
4758 70
4757 13
4756 7
4755 3
4754 41
4753 27
4752 77
4751 47
4750 95
4749 86
4748 100
4747 99
4746 46
4745 22
4744 8
4743 21
4742 81
4741 67
4740 15
4739 62
4738 53
4737 65
4736 69
4735 94
4734 22
4733 17
4732 48
4731 3
4730 67
4729 9
4728 81
4727 43
4726 68
4725 7
4724 58
4723 5
4722 89
4721 9
4720 10
4719 27
4718 23
4717 12
4716 37
4715 70
4714 21
4713 79
4712 45
4711 19
4710 7
4709 10
4708 52
4707 11
4706 6
4705 63
4704 94
4703 43
4702 21
4701 69
4700 42
4699 36
4698 21
4697 54
4696 77
4695 37
4694 99
4693 23
4692 28
4691 77
4690 15
4689 55
4688 35
4687 45
4686 98
4685 48
4684 81
4683 24
4682 14
4681 19
4680 48
4679 74
4678 59
4677 31
4676 36
4675 5
4674 74
4673 73
4672 38
4671 49
4670 46
4669 40
4668 62
4667 68
4666 5
4665 71
4664 37
4663 76
4662 67
4661 60
4660 25
4659 36
4658 13
4657 95
4656 29
4655 76
4654 82
4653 28
4652 96
4651 8
4650 49
4649 16
4648 24
4647 26
4646 60
4645 20
4644 6
4643 98
4642 41
4641 57
4640 80
4639 11
4638 6
4637 30
4636 34
4635 62
4634 99
4633 24
4632 68
4631 63
4630 25
4629 22
4628 90
4627 20
4626 16
4625 66
4624 5
4623 34
4622 64
4621 35
4620 67
4619 40
4618 29
4617 99
4616 50
4615 11
4614 20
4613 87
4612 92
4611 59
4610 35
4609 65
4608 27
4607 60
4606 94
4605 89
4604 95
4603 65
4602 15
4601 66
4600 80
4599 23
4598 95
4597 11
4596 55
4595 60
4594 100
4593 88
4592 83
4591 96
4590 94
4589 53
4588 21
4587 31
4586 75
4585 0
4584 69
4583 88
4582 63
4581 38
4580 89
4579 84
4578 47
4577 19
4576 50
4575 37
4574 75
4573 18
4572 32
4571 64
4570 82
4569 74
4568 53
4567 63
4566 12
4565 95
4564 69
4563 32
4562 84
4561 60
4560 13
4559 31
4558 43
4557 43
4556 57
4555 69
4554 92
4553 41
4552 55
4551 82
4550 13
4549 58
4548 0
4547 34
4546 68
4545 11
4544 97
4543 21
4542 82
4541 87
4540 60
4539 7
4538 45
4537 31
4536 42
4535 82
4534 13
4533 85
4532 51
4531 5
4530 35
4529 9
4528 46
4527 19
4526 70
4525 21
4524 53
4523 67
4522 58
4521 41
4520 99
4519 42
4518 67
4517 73
4516 32
4515 71
4514 12
4513 74
4512 10
4511 18
4510 100
4509 99
4508 1
4507 40
4506 8
4505 86
4504 15
4503 99
4502 99
4501 15
4500 51
4499 44
4498 9
4497 34
4496 20
4495 4
4494 23
4493 55
4492 24
4491 54
4490 37
4489 42
4488 81
4487 58
4486 61
4485 36
4484 42
4483 27
4482 59
4481 74
4480 83
4479 25
4478 96
4477 46
4476 33
4475 11
4474 42
4473 42
4472 96
4471 97
4470 8
4469 45
4468 61
4467 24
4466 11
4465 22
4464 57
4463 2
4462 20
4461 63
4460 21
4459 64
4458 79
4457 51
4456 49
4455 99
4454 6
4453 13
4452 17
4451 39
4450 44
4449 46
4448 47
4447 91
4446 72
4445 16
4444 43
4443 2
4442 78
4441 41
4440 62
4439 18
4438 19
4437 100
4436 77
4435 54
4434 96
4433 75
4432 3
4431 78
4430 38
4429 96
4428 3
4427 22
4426 4
4425 94
4424 10
4423 16
4422 10
4421 9
4420 12
4419 7
4418 41
4417 41
4416 82
4415 89
4414 23
4413 22
4412 82
4411 12
4410 48
4409 1
4408 62
4407 34
4406 2
4405 35
4404 42
4403 69
4402 43
4401 99
4400 56
4399 8
4398 42
4397 67
4396 64
4395 6
4394 28
4393 99
4392 90
4391 31
4390 78
4389 34
4388 29
4387 24
4386 61
4385 82
4384 70
4383 57
4382 30
4381 5
4380 90
4379 46
4378 45
4377 48
4376 20
4375 45
4374 50
4373 81
4372 39
4371 55
4370 85
4369 39
4368 34
4367 89
4366 91
4365 80
4364 95
4363 70
4362 52
4361 47
4360 42
4359 16
4358 9
4357 44
4356 10
4355 66
4354 57
4353 45
4352 88
4351 70
4350 11
4349 41
4348 57
4347 79
4346 53
4345 42
4344 11
4343 44
4342 25
4341 98
4340 62
4339 66
4338 94
4337 84
4336 64
4335 49
4334 82
4333 14
4332 64
4331 6
4330 95
4329 25
4328 34
4327 98
4326 81
4325 89
4324 99
4323 78
4322 9
4321 39
4320 42
4319 24
4318 82
4317 15
4316 90
4315 71
4314 69
4313 26
4312 71
4311 17
4310 76
4309 79
4308 10
4307 52
4306 69
4305 99
4304 39
4303 14
4302 39
4301 46
4300 0
4299 77
4298 5
4297 79
4296 0
4295 59
4294 7
4293 27
4292 42
4291 28
4290 62
4289 45
4288 61
4287 13
4286 79
4285 2
4284 74
4283 47
4282 1
4281 68
4280 79
4279 44
4278 82
4277 85
4276 88
4275 86
4274 79
4273 80
4272 69
4271 84
4270 45
4269 21
4268 38
4267 5
4266 37
4265 56
4264 15
4263 17
4262 8
4261 95
4260 39
4259 21
4258 40
4257 54
4256 83
4255 56
4254 12
4253 9
4252 17
4251 98
4250 84
4249 59
4248 95
4247 21
4246 18
4245 95
4244 62
4243 74
4242 100
4241 66
4240 69
4239 10
4238 40
4237 27
4236 82
4235 12
4234 67
4233 41
4232 66
4231 80
4230 9
4229 30
4228 53
4227 15
4226 100
4225 100
4224 51
4223 46
4222 96
4221 25
4220 17
4219 14
4218 0
4217 76
4216 15
4215 35
4214 38
4213 74
4212 29
4211 57
4210 76
4209 96
4208 97
4207 41
4206 4
4205 22
4204 37
4203 84
4202 54
4201 25
4200 8
4199 2
4198 76
4197 53
4196 9
4195 24
4194 5
4193 90
4192 48
4191 53
4190 58
4189 74
4188 77
4187 6
4186 0
4185 27
4184 82
4183 84
4182 88
4181 92
4180 3
4179 70
4178 48
4177 61
4176 3
4175 85
4174 13
4173 99
4172 7
4171 65
4170 39
4169 39
4168 65
4167 29
4166 31
4165 5
4164 54
4163 70
4162 94
4161 63
4160 6
4159 10
4158 45
4157 33
4156 8
4155 94
4154 14
4153 37
4152 97
4151 76
4150 9
4149 54
4148 13
4147 86
4146 40
4145 45
4144 0
4143 6
4142 62
4141 31
4140 78
4139 39
4138 43
4137 33
4136 57
4135 61
4134 95
4133 10
4132 100
4131 9
4130 84
4129 13
4128 10
4127 59
4126 99
4125 27
4124 60
4123 72
4122 30
4121 5
4120 38
4119 23
4118 25
4117 12
4116 54
4115 79
4114 99
4113 19
4112 5
4111 57
4110 74
4109 96
4108 65
4107 25
4106 50
4105 68
4104 58
4103 46
4102 73
4101 98
4100 0
4099 76
4098 40
4097 7
4096 21
4095 77
4094 17
4093 81
4092 91
4091 93
4090 78
4089 42
4088 81
4087 71
4086 59
4085 93
4084 49
4083 58
4082 36
4081 81
4080 94
4079 90
4078 73
4077 72
4076 24
4075 22
4074 84
4073 100
4072 46
4071 4
4070 44
4069 30
4068 43
4067 11
4066 63
4065 33
4064 59
4063 92
4062 44
4061 19
4060 100
4059 84
4058 29
4057 84
4056 41
4055 89
4054 43
4053 7
4052 33
4051 3
4050 60
4049 69
4048 78
4047 80
4046 9
4045 17
4044 92
4043 76
4042 100
4041 39
4040 41
4039 23
4038 18
4037 54
4036 71
4035 96
4034 48
4033 73
4032 66
4031 88
4030 23
4029 95
4028 46
4027 79
4026 80
4025 69
4024 35
4023 97
4022 69
4021 42
4020 12
4019 41
4018 36
4017 43
4016 18
4015 30
4014 20
4013 93
4012 44
4011 27
4010 12
4009 0
4008 75
4007 34
4006 1
4005 4
4004 53
4003 36
4002 51
4001 17
4000 31
3999 27
3998 16
3997 89
3996 13
3995 27
3994 45
3993 48
3992 92
3991 27
3990 83
3989 100
3988 43
3987 96
3986 72
3985 0
3984 98
3983 84
3982 65
3981 90
3980 67
3979 19
3978 63
3977 98
3976 83
3975 26
3974 28
3973 94
3972 27
3971 1
3970 81
3969 99
3968 3
3967 27
3966 68
3965 11
3964 36
3963 43
3962 33
3961 4
3960 14
3959 81
3958 94
3957 49
3956 61
3955 38
3954 63
3953 74
3952 57
3951 50
3950 65
3949 11
3948 33
3947 9
3946 60
3945 97
3944 54
3943 71
3942 65
3941 39
3940 48
3939 67
3938 5
3937 90
3936 93
3935 21
3934 82
3933 77
3932 39
3931 30
3930 77
3929 84
3928 93
3927 47
3926 98
3925 34
3924 50
3923 53
3922 69
3921 19
3920 59
3919 44
3918 67
3917 56
3916 63
3915 47
3914 91
3913 39
3912 81
3911 48
3910 55
3909 95
3908 75
3907 73
3906 48
3905 65
3904 17
3903 45
3902 19
3901 39
3900 33
3899 54
3898 99
3897 32
3896 34
3895 70
3894 74
3893 52
3892 7
3891 65
3890 45
3889 87
3888 25
3887 71
3886 97
3885 82
3884 25
3883 25
3882 40
3881 64
3880 56
3879 19
3878 28
3877 55
3876 40
3875 72
3874 27
3873 97
3872 55
3871 74
3870 47
3869 71
3868 96
3867 53
3866 2
3865 39
3864 81
3863 61
3862 1
3861 57
3860 12
3859 48
3858 38
3857 27
3856 23
3855 15
3854 96
3853 51
3852 85
3851 26
3850 22
3849 71
3848 9
3847 42
3846 21
3845 77
3844 12
3843 76
3842 95
3841 38
3840 72
3839 43
3838 31
3837 7
3836 6
3835 30
3834 39
3833 2
3832 4
3831 63
3830 47
3829 37
3828 84
3827 97
3826 40
3825 63
3824 29
3823 55
3822 32
3821 50
3820 30
3819 39
3818 3
3817 69
3816 61
3815 51
3814 58
3813 86
3812 82
3811 99
3810 43
3809 12
3808 7
3807 97
3806 49
3805 98
3804 67
3803 51
3802 25
3801 12
3800 92
3799 31
3798 3
3797 83
3796 12
3795 12
3794 33
3793 37
3792 9
3791 43
3790 23
3789 49
3788 40
3787 79
3786 12
3785 11
3784 66
3783 58
3782 84
3781 15
3780 37
3779 1
3778 47
3777 24
3776 53
3775 48
3774 90
3773 84
3772 7
3771 51
3770 67
3769 39
3768 78
3767 95
3766 7
3765 88
3764 58
3763 91
3762 40
3761 68
3760 43
3759 39
3758 91
3757 12
3756 99
3755 42
3754 11
3753 78
3752 96
3751 49
3750 51
3749 97
3748 65
3747 61
3746 45
3745 68
3744 11
3743 68
3742 29
3741 55
3740 12
3739 89
3738 13
3737 67
3736 36
3735 3
3734 33
3733 19
3732 70
3731 47
3730 12
3729 67
3728 98
3727 84
3726 33
3725 84
3724 24
3723 89
3722 21
3721 75
3720 64
3719 31
3718 94
3717 3
3716 10
3715 39
3714 15
3713 39
3712 19
3711 51
3710 26
3709 37
3708 38
3707 42
3706 76
3705 62
3704 6
3703 53
3702 33
3701 51
3700 52
3699 82
3698 76
3697 2
3696 47
3695 56
3694 35
3693 84
3692 39
3691 39
3690 35
3689 88
3688 93
3687 45
3686 57
3685 62
3684 19
3683 84
3682 60
3681 65
3680 87
3679 45
3678 38
3677 19
3676 4
3675 45
3674 36
3673 98
3672 21
3671 32
3670 95
3669 92
3668 19
3667 22
3666 36
3665 97
3664 35
3663 68
3662 52
3661 78
3660 47
3659 93
3658 89
3657 81
3656 27
3655 61
3654 45
3653 42
3652 17
3651 27
3650 89
3649 5
3648 56
3647 62
3646 78
3645 73
3644 21
3643 36
3642 3
3641 1
3640 5
3639 11
3638 99
3637 12
3636 48
3635 26
3634 77
3633 67
3632 59
3631 83
3630 68
3629 2
3628 100
3627 92
3626 20
3625 84
3624 81
3623 9
3622 27
3621 42
3620 30
3619 9
3618 4
3617 85
3616 91
3615 38
3614 65
3613 92
3612 20
3611 14
3610 83
3609 64
3608 40
3607 26
3606 8
3605 12
3604 78
3603 73
3602 23
3601 56
3600 24
3599 65
3598 4
3597 51
3596 30
3595 9
3594 18
3593 25
3592 74
3591 20
3590 55
3589 96
3588 79
3587 7
3586 93
3585 42
3584 9
3583 30
3582 49
3581 79
3580 18
3579 78
3578 88
3577 77
3576 57
3575 28
3574 14
3573 42
3572 82
3571 77
3570 22
3569 92
3568 87
3567 87
3566 89
3565 90
3564 38
3563 17
3562 32
3561 20
3560 27
3559 6
3558 81
3557 38
3556 83
3555 88
3554 5
3553 28
3552 17
3551 40
3550 25
3549 60
3548 60
3547 95
3546 46
3545 13
3544 74
3543 32
3542 83
3541 57
3540 37
3539 85
3538 33
3537 93
3536 6
3535 36
3534 74
3533 62
3532 48
3531 80
3530 91
3529 39
3528 54
3527 17
3526 20
3525 26
3524 97
3523 97
3522 63
3521 80
3520 21
3519 54
3518 59
3517 7
3516 14
3515 29
3514 39
3513 62
3512 61
3511 0
3510 94
3509 48
3508 65
3507 43
3506 53
3505 28
3504 77
3503 18
3502 68
3501 98
3500 85
3499 16
3498 100
3497 62
3496 75
3495 3
3494 6
3493 84
3492 34
3491 3
3490 3
3489 39
3488 64
3487 11
3486 34
3485 92
3484 60
3483 35
3482 99
3481 22
3480 6
3479 92
3478 9
3477 52
3476 52
3475 0
3474 70
3473 9
3472 41
3471 47
3470 68
3469 36
3468 17
3467 40
3466 1
3465 10
3464 54
3463 56
3462 90
3461 100
3460 82
3459 89
3458 20
3457 94
3456 54
3455 81
3454 80
3453 79
3452 55
3451 65
3450 80
3449 15
3448 54
3447 75
3446 41
3445 14
3444 66
3443 18
3442 4
3441 54
3440 50
3439 39
3438 30
3437 22
3436 96
3435 55
3434 84
3433 10
3432 73
3431 10
3430 9
3429 90
3428 38
3427 83
3426 88
3425 19
3424 10
3423 68
3422 82
3421 48
3420 58
3419 14
3418 19
3417 3
3416 35
3415 8
3414 8
3413 96
3412 40
3411 91
3410 15
3409 87
3408 70
3407 66
3406 28
3405 56
3404 46
3403 89
3402 25
3401 24
3400 83
3399 78
3398 68
3397 6
3396 79
3395 78
3394 98
3393 10
3392 68
3391 67
3390 76
3389 71
3388 10
3387 22
3386 72
3385 20
3384 78
3383 22
3382 100
3381 65
3380 50
3379 93
3378 67
3377 81
3376 100
3375 2
3374 74
3373 1
3372 100
3371 5
3370 5
3369 70
3368 96
3367 99
3366 34
3365 48
3364 2
3363 99
3362 22
3361 80
3360 67
3359 45
3358 93
3357 25
3356 57
3355 0
3354 24
3353 36
3352 4
3351 93
3350 15
3349 1
3348 29
3347 47
3346 84
3345 32
3344 41
3343 67
3342 19
3341 37
3340 76
3339 68
3338 71
3337 67
3336 22
3335 77
3334 33
3333 14
3332 17
3331 40
3330 59
3329 21
3328 66
3327 28
3326 20
3325 12
3324 2
3323 49
3322 35
3321 37
3320 43
3319 27
3318 26
3317 20
3316 9
3315 55
3314 39
3313 46
3312 10
3311 62
3310 33
3309 77
3308 67
3307 19
3306 22
3305 53
3304 53
3303 94
3302 92
3301 28
3300 98
3299 0
3298 27
3297 32
3296 44
3295 33
3294 46
3293 17
3292 7
3291 43
3290 76
3289 50
3288 99
3287 71
3286 75
3285 2
3284 71
3283 68
3282 34
3281 87
3280 98
3279 75
3278 48
3277 7
3276 81
3275 16
3274 26
3273 91
3272 73
3271 22
3270 99
3269 74
3268 50
3267 79
3266 48
3265 68
3264 56
3263 86
3262 84
3261 91
3260 14
3259 34
3258 27
3257 98
3256 23
3255 85
3254 89
3253 12
3252 13
3251 29
3250 71
3249 37
3248 74
3247 2
3246 22
3245 6
3244 75
3243 13
3242 80
3241 26
3240 99
3239 84
3238 28
3237 98
3236 24
3235 68
3234 52
3233 90
3232 79
3231 98
3230 88
3229 12
3228 19
3227 90
3226 24
3225 44
3224 30
3223 21
3222 40
3221 71
3220 100
3219 30
3218 48
3217 27
3216 14
3215 14
3214 72
3213 96
3212 28
3211 0
3210 100
3209 26
3208 47
3207 87
3206 42
3205 88
3204 21
3203 86
3202 24
3201 80
3200 41
3199 95
3198 72
3197 52
3196 67
3195 77
3194 11
3193 68
3192 97
3191 36
3190 88
3189 91
3188 27
3187 60
3186 29
3185 69
3184 94
3183 67
3182 43
3181 79
3180 94
3179 23
3178 38
3177 6
3176 53
3175 22
3174 49
3173 97
3172 82
3171 55
3170 47
3169 14
3168 86
3167 93
3166 65
3165 68
3164 98
3163 24
3162 44
3161 21
3160 79
3159 28
3158 56
3157 47
3156 72
3155 0
3154 89
3153 23
3152 71
3151 49
3150 67
3149 90
3148 93
3147 87
3146 47
3145 99
3144 96
3143 25
3142 86
3141 32
3140 51
3139 1
3138 90
3137 71
3136 2
3135 7
3134 58
3133 35
3132 48
3131 30
3130 83
3129 60
3128 20
3127 82
3126 73
3125 83
3124 18
3123 27
3122 30
3121 84
3120 46
3119 33
3118 79
3117 13
3116 29
3115 80
3114 71
3113 17
3112 62
3111 19
3110 88
3109 18
3108 13
3107 28
3106 50
3105 95
3104 37
3103 0
3102 92
3101 55
3100 36
3099 0
3098 18
3097 49
3096 63
3095 3
3094 72
3093 6
3092 69
3091 85
3090 59
3089 49
3088 38
3087 4
3086 90
3085 54
3084 0
3083 86
3082 94
3081 27
3080 27
3079 51
3078 73
3077 42
3076 28
3075 35
3074 46
3073 97
3072 72
3071 95
3070 7
3069 19
3068 2
3067 19
3066 93
3065 45
3064 29
3063 71
3062 18
3061 58
3060 45
3059 88
3058 85
3057 50
3056 1
3055 96
3054 88
3053 84
3052 67
3051 74
3050 9
3049 73
3048 72
3047 95
3046 54
3045 61
3044 89
3043 60
3042 69
3041 82
3040 34
3039 96
3038 65
3037 91
3036 0
3035 99
3034 91
3033 85
3032 65
3031 26
3030 41
3029 3
3028 55
3027 52
3026 50
3025 97
3024 64
3023 88
3022 92
3021 95
3020 59
3019 9
3018 49
3017 18
3016 45
3015 64
3014 35
3013 55
3012 39
3011 30
3010 38
3009 68
3008 63
3007 47
3006 61
3005 73
3004 46
3003 6
3002 54
3001 85
3000 90
2999 94
2998 82
2997 68
2996 23
2995 3
2994 82
2993 48
2992 5
2991 58
2990 9
2989 4
2988 64
2987 17
2986 93
2985 79
2984 67
2983 93
2982 93
2981 55
2980 74
2979 20
2978 27
2977 78
2976 94
2975 96
2974 13
2973 61
2972 9
2971 3
2970 5
2969 19
2968 47
2967 75
2966 50
2965 24
2964 95
2963 80
2962 79
2961 4
2960 85
2959 38
2958 0
2957 94
2956 54
2955 67
2954 43
2953 23
2952 81
2951 6
2950 84
2949 5
2948 8
2947 39
2946 59
2945 18
2944 97
2943 49
2942 44
2941 19
2940 6
2939 21
2938 50
2937 95
2936 49
2935 58
2934 65
2933 90
2932 96
2931 63
2930 17
2929 83
2928 16
2927 26
2926 14
2925 70
2924 34
2923 28
2922 92
2921 39
2920 0
2919 45
2918 70
2917 73
2916 91
2915 16
2914 97
2913 61
2912 42
2911 49
2910 31
2909 69
2908 66
2907 18
2906 38
2905 83
2904 66
2903 86
2902 3
2901 10
2900 98
2899 84
2898 88
2897 85
2896 22
2895 61
2894 80
2893 94
2892 59
2891 32
2890 26
2889 8
2888 88
2887 16
2886 95
2885 54
2884 52
2883 44
2882 11
2881 11
2880 13
2879 37
2878 94
2877 1
2876 21
2875 79
2874 24
2873 51
2872 5
2871 95
2870 97
2869 56
2868 11
2867 0
2866 24
2865 85
2864 68
2863 59
2862 90
2861 94
2860 66
2859 33
2858 80
2857 72
2856 80
2855 69
2854 88
2853 33
2852 3
2851 67
2850 82
2849 21
2848 20
2847 67
2846 73
2845 77
2844 88
2843 91
2842 22
2841 73
2840 36
2839 41
2838 70
2837 67
2836 50
2835 82
2834 31
2833 71
2832 10
2831 51
2830 100
2829 16
2828 49
2827 66
2826 53
2825 99
2824 87
2823 93
2822 82
2821 2
2820 96
2819 42
2818 27
2817 52
2816 16
2815 81
2814 87
2813 68
2812 93
2811 91
2810 0
2809 44
2808 73
2807 17
2806 32
2805 46
2804 85
2803 29
2802 59
2801 8
2800 58
2799 73
2798 69
2797 65
2796 54
2795 78
2794 74
2793 26
2792 9
2791 14
2790 55
2789 65
2788 99
2787 63
2786 11
2785 2
2784 25
2783 58
2782 43
2781 1
2780 58
2779 4
2778 28
2777 12
2776 28
2775 72
2774 12
2773 66
2772 76
2771 41
2770 92
2769 26
2768 47
2767 55
2766 77
2765 65
2764 0
2763 25
2762 98
2761 31
2760 12
2759 1
2758 29
2757 70
2756 45
2755 48
2754 16
2753 41
2752 68
2751 99
2750 91
2749 46
2748 36
2747 36
2746 64
2745 40
2744 72
2743 50
2742 96
2741 28
2740 88
2739 9
2738 8
2737 51
2736 61
2735 76
2734 42
2733 30
2732 35
2731 10
2730 14
2729 94
2728 33
2727 81
2726 50
2725 93
2724 21
2723 89
2722 78
2721 55
2720 65
2719 47
2718 4
2717 78
2716 100
2715 64
2714 36
2713 22
2712 15
2711 92
2710 23
2709 69
2708 20
2707 27
2706 87
2705 74
2704 33
2703 75
2702 92
2701 52
2700 80
2699 73
2698 27
2697 79
2696 74
2695 25
2694 56
2693 88
2692 57
2691 34
2690 67
2689 10
2688 11
2687 18
2686 0
2685 84
2684 52
2683 52
2682 60
2681 36
2680 7
2679 30
2678 58
2677 7
2676 25
2675 36
2674 25
2673 61
2672 64
2671 24
2670 64
2669 9
2668 2
2667 71
2666 69
2665 99
2664 92
2663 16
2662 40
2661 47
2660 33
2659 33
2658 31
2657 25
2656 16
2655 59
2654 18
2653 67
2652 16
2651 64
2650 40
2649 69
2648 52
2647 59
2646 2
2645 20
2644 29
2643 71
2642 63
2641 26
2640 44
2639 7
2638 90
2637 58
2636 27
2635 37
2634 96
2633 93
2632 14
2631 15
2630 93
2629 32
2628 88
2627 16
2626 42
2625 56
2624 24
2623 11
2622 73
2621 44
2620 26
2619 58
2618 57
2617 53
2616 76
2615 91
2614 27
2613 84
2612 81
2611 54
2610 92
2609 83
2608 68
2607 40
2606 81
2605 56
2604 56
2603 98
2602 50
2601 95
2600 45
2599 77
2598 98
2597 43
2596 69
2595 28
2594 10
2593 31
2592 66
2591 87
2590 2
2589 34
2588 49
2587 58
2586 99
2585 16
2584 10
2583 93
2582 75
2581 48
2580 9
2579 90
2578 91
2577 63
2576 85
2575 41
2574 100
2573 43
2572 69
2571 33
2570 65
2569 40
2568 30
2567 64
2566 59
2565 1
2564 54
2563 5
2562 36
2561 25
2560 88
2559 70
2558 51
2557 88
2556 84
2555 97
2554 1
2553 1
2552 30
2551 45
2550 17
2549 9
2548 37
2547 62
2546 33
2545 43
2544 70
2543 82
2542 24
2541 20
2540 71
2539 96
2538 73
2537 74
2536 17
2535 45
2534 68
2533 66
2532 16
2531 40
2530 92
2529 27
2528 13
2527 26
2526 53
2525 81
2524 27
2523 44
2522 19
2521 92
2520 4
2519 9
2518 87
2517 41
2516 96
2515 46
2514 6
2513 5
2512 74
2511 6
2510 64
2509 18
2508 46
2507 44
2506 89
2505 93
2504 74
2503 66
2502 33
2501 92
2500 62
2499 83
2498 49
2497 31
2496 51
2495 19
2494 13
2493 19
2492 72
2491 3
2490 92
2489 89
2488 67
2487 50
2486 49
2485 4
2484 39
2483 79
2482 34
2481 10
2480 14
2479 45
2478 17
2477 66
2476 94
2475 62
2474 29
2473 80
2472 32
2471 13
2470 99
2469 64
2468 10
2467 98
2466 28
2465 2
2464 32
2463 25
2462 57
2461 34
2460 16
2459 88
2458 69
2457 21
2456 75
2455 98
2454 35
2453 70
2452 29
2451 54
2450 21
2449 22
2448 56
2447 89
2446 36
2445 78
2444 6
2443 95
2442 80
2441 88
2440 92
2439 13
2438 74
2437 0
2436 12
2435 98
2434 95
2433 93
2432 93
2431 54
2430 80
2429 26
2428 32
2427 3
2426 83
2425 40
2424 42
2423 11
2422 3
2421 28
2420 39
2419 99
2418 31
2417 37
2416 28
2415 90
2414 91
2413 81
2412 63
2411 37
2410 21
2409 69
2408 45
2407 44
2406 98
2405 64
2404 8
2403 96
2402 83
2401 29
2400 23
2399 38
2398 95
2397 29
2396 49
2395 52
2394 99
2393 76
2392 35
2391 2
2390 23
2389 7
2388 73
2387 48
2386 85
2385 12
2384 99
2383 99
2382 91
2381 51
2380 92
2379 8
2378 9
2377 30
2376 41
2375 42
2374 73
2373 81
2372 94
2371 28
2370 94
2369 28
2368 30
2367 28
2366 13
2365 68
2364 30
2363 29
2362 82
2361 86
2360 76
2359 27
2358 71
2357 12
2356 33
2355 70
2354 85
2353 99
2352 17
2351 84
2350 68
2349 73
2348 56
2347 77
2346 86
2345 66
2344 93
2343 70
2342 75
2341 32
2340 29
2339 4
2338 55
2337 72
2336 60
2335 58
2334 32
2333 17
2332 23
2331 73
2330 42
2329 30
2328 36
2327 81
2326 33
2325 6
2324 72
2323 10
2322 40
2321 90
2320 17
2319 98
2318 44
2317 53
2316 75
2315 68
2314 61
2313 70
2312 17
2311 34
2310 95
2309 90
2308 88
2307 26
2306 94
2305 15
2304 33
2303 42
2302 43
2301 0
2300 82
2299 62
2298 99
2297 100
2296 82
2295 83
2294 60
2293 48
2292 92
2291 2
2290 52
2289 19
2288 55
2287 14
2286 64
2285 2
2284 61
2283 26
2282 46
2281 47
2280 40
2279 40
2278 84
2277 80
2276 41
2275 63
2274 97
2273 23
2272 52
2271 84
2270 14
2269 61
2268 51
2267 41
2266 56
2265 83
2264 63
2263 40
2262 30
2261 35
2260 54
2259 55
2258 43
2257 61
2256 64
2255 20
2254 43
2253 16
2252 63
2251 59
2250 10
2249 21
2248 17
2247 88
2246 44
2245 2
2244 54
2243 31
2242 51
2241 68
2240 46
2239 14
2238 78
2237 55
2236 30
2235 74
2234 26
2233 70
2232 93
2231 100
2230 25
2229 2
2228 84
2227 69
2226 73
2225 63
2224 28
2223 84
2222 92
2221 65
2220 0
2219 72
2218 22
2217 81
2216 53
2215 72
2214 81
2213 11
2212 93
2211 33
2210 84
2209 30
2208 15
2207 74
2206 70
2205 31
2204 35
2203 90
2202 36
2201 74
2200 13
2199 6
2198 91
2197 0
2196 7
2195 6
2194 25
2193 90
2192 97
2191 55
2190 73
2189 98
2188 54
2187 43
2186 29
2185 88
2184 11
2183 36
2182 27
2181 9
2180 24
2179 65
2178 66
2177 13
2176 56
2175 56
2174 52
2173 0
2172 25
2171 19
2170 76
2169 53
2168 5
2167 56
2166 95
2165 55
2164 55
2163 86
2162 69
2161 4
2160 10
2159 70
2158 7
2157 95
2156 25
2155 29
2154 31
2153 58
2152 55
2151 81
2150 81
2149 40
2148 45
2147 11
2146 21
2145 46
2144 15
2143 62
2142 52
2141 49
2140 41
2139 98
2138 39
2137 50
2136 85
2135 50
2134 87
2133 40
2132 95
2131 63
2130 36
2129 51
2128 17
2127 7
2126 90
2125 22
2124 19
2123 84
2122 84
2121 71
2120 70
2119 66
2118 32
2117 36
2116 93
2115 91
2114 76
2113 85
2112 97
2111 90
2110 53
2109 46
2108 10
2107 86
2106 69
2105 30
2104 87
2103 18
2102 80
2101 67
2100 32
2099 69
2098 69
2097 9
2096 90
2095 9
2094 35
2093 5
2092 91
2091 88
2090 79
2089 83
2088 21
2087 7
2086 72
2085 89
2084 55
2083 68
2082 63
2081 5
2080 51
2079 27
2078 66
2077 64
2076 21
2075 57
2074 17
2073 1
2072 31
2071 1
2070 64
2069 25
2068 82
2067 98
2066 22
2065 20
2064 64
2063 67
2062 84
2061 38
2060 49
2059 7
2058 91
2057 39
2056 70
2055 54
2054 70
2053 2
2052 99
2051 65
2050 48
2049 76
2048 63
2047 41
2046 16
2045 90
2044 94
2043 40
2042 27
2041 77
2040 71
2039 40
2038 85
2037 30
2036 56
2035 99
2034 95
2033 88
2032 89
2031 65
2030 27
2029 13
2028 95
2027 69
2026 9
2025 20
2024 81
2023 38
2022 16
2021 53
2020 54
2019 3
2018 33
2017 61
2016 88
2015 56
2014 54
2013 17
2012 0
2011 94
2010 90
2009 75
2008 64
2007 24
2006 78
2005 33
2004 37
2003 2
2002 49
2001 75
2000 90
1999 58
1998 28
1997 52
1996 81
1995 78
1994 26
1993 23
1992 49
1991 67
1990 46
1989 22
1988 100
1987 42
1986 20
1985 27
1984 41
1983 76
1982 38
1981 98
1980 47
1979 32
1978 15
1977 66
1976 18
1975 48
1974 72
1973 58
1972 34
1971 91
1970 37
1969 51
1968 80
1967 68
1966 38
1965 89
1964 71
1963 62
1962 50
1961 4
1960 99
1959 85
1958 50
1957 60
1956 53
1955 10
1954 26
1953 75
1952 53
1951 70
1950 77
1949 34
1948 56
1947 54
1946 58
1945 92
1944 34
1943 88
1942 85
1941 43
1940 80
1939 3
1938 69
1937 63
1936 12
1935 20
1934 24
1933 58
1932 26
1931 36
1930 69
1929 32
1928 27
1927 84
1926 81
1925 75
1924 39
1923 77
1922 75
1921 62
1920 30
1919 3
1918 50
1917 40
1916 57
1915 54
1914 44
1913 27
1912 23
1911 91
1910 16
1909 81
1908 56
1907 49
1906 60
1905 24
1904 90
1903 66
1902 6
1901 99
1900 48
1899 70
1898 78
1897 99
1896 60
1895 47
1894 1
1893 6
1892 67
1891 79
1890 51
1889 70
1888 88
1887 99
1886 81
1885 4
1884 48
1883 39
1882 100
1881 18
1880 43
1879 18
1878 32
1877 83
1876 54
1875 26
1874 89
1873 28
1872 42
1871 41
1870 0
1869 28
1868 91
1867 31
1866 24
1865 2
1864 72
1863 43
1862 97
1861 28
1860 38
1859 80
1858 65
1857 14
1856 91
1855 4
1854 54
1853 20
1852 19
1851 94
1850 65
1849 96
1848 25
1847 3
1846 88
1845 51
1844 64
1843 78
1842 27
1841 48
1840 61
1839 45
1838 7
1837 74
1836 92
1835 52
1834 10
1833 60
1832 64
1831 80
1830 37
1829 35
1828 5
1827 2
1826 78
1825 5
1824 24
1823 59
1822 60
1821 58
1820 86
1819 10
1818 93
1817 95
1816 76
1815 89
1814 100
1813 76
1812 32
1811 24
1810 56
1809 25
1808 9
1807 90
1806 5
1805 60
1804 77
1803 41
1802 52
1801 62
1800 75
1799 83
1798 91
1797 89
1796 4
1795 3
1794 1
1793 54
1792 52
1791 77
1790 78
1789 94
1788 91
1787 13
1786 55
1785 88
1784 70
1783 46
1782 92
1781 31
1780 15
1779 93
1778 16
1777 75
1776 76
1775 34
1774 51
1773 33
1772 8
1771 57
1770 94
1769 13
1768 1
1767 38
1766 34
1765 93
1764 15
1763 75
1762 62
1761 51
1760 23
1759 12
1758 46
1757 59
1756 75
1755 5
1754 66
1753 57
1752 94
1751 56
1750 66
1749 7
1748 5
1747 63
1746 8
1745 92
1744 83
1743 64
1742 60
1741 8
1740 53
1739 85
1738 78
1737 94
1736 33
1735 8
1734 35
1733 10
1732 13
1731 11
1730 2
1729 2
1728 78
1727 53
1726 22
1725 77
1724 79
1723 82
1722 29
1721 37
1720 0
1719 51
1718 67
1717 71
1716 42
1715 45
1714 67
1713 90
1712 66
1711 40
1710 22
1709 40
1708 11
1707 83
1706 74
1705 29
1704 23
1703 96
1702 76
1701 21
1700 83
1699 75
1698 50
1697 71
1696 0
1695 24
1694 49
1693 38
1692 95
1691 59
1690 41
1689 13
1688 91
1687 30
1686 76
1685 88
1684 72
1683 98
1682 13
1681 18
1680 42
1679 5
1678 33
1677 93
1676 46
1675 95
1674 27
1673 54
1672 43
1671 77
1670 39
1669 92
1668 71
1667 18
1666 60
1665 33
1664 25
1663 26
1662 74
1661 19
1660 39
1659 75
1658 43
1657 14
1656 35
1655 37
1654 73
1653 53
1652 59
1651 84
1650 83
1649 85
1648 52
1647 66
1646 59
1645 4
1644 4
1643 63
1642 32
1641 19
1640 70
1639 8
1638 74
1637 3
1636 96
1635 13
1634 12
1633 14
1632 44
1631 9
1630 62
1629 32
1628 38
1627 6
1626 91
1625 22
1624 63
1623 100
1622 52
1621 37
1620 7
1619 5
1618 31
1617 72
1616 83
1615 5
1614 80
1613 42
1612 93
1611 47
1610 27
1609 85
1608 26
1607 48
1606 28
1605 6
1604 3
1603 41
1602 69
1601 40
1600 19
1599 17
1598 35
1597 1
1596 80
1595 90
1594 89
1593 85
1592 45
1591 14
1590 75
1589 51
1588 38
1587 65
1586 18
1585 36
1584 75
1583 35
1582 78
1581 21
1580 29
1579 4
1578 47
1577 29
1576 91
1575 75
1574 80
1573 62
1572 97
1571 4
1570 34
1569 24
1568 30
1567 72
1566 57
1565 64
1564 68
1563 19
1562 1
1561 46
1560 17
1559 80
1558 45
1557 25
1556 72
1555 48
1554 71
1553 41
1552 37
1551 95
1550 95
1549 82
1548 41
1547 47
1546 28
1545 46
1544 48
1543 59
1542 87
1541 45
1540 41
1539 53
1538 50
1537 22
1536 33
1535 20
1534 78
1533 13
1532 47
1531 23
1530 79
1529 10
1528 76
1527 47
1526 17
1525 60
1524 40
1523 62
1522 76
1521 26
1520 13
1519 57
1518 67
1517 63
1516 37
1515 93
1514 75
1513 86
1512 57
1511 93
1510 55
1509 62
1508 64
1507 90
1506 31
1505 72
1504 20
1503 65
1502 74
1501 5
1500 68
1499 90
1498 91
1497 15
1496 60
1495 88
1494 32
1493 77
1492 65
1491 24
1490 73
1489 49
1488 94
1487 29
1486 34
1485 1
1484 25
1483 14
1482 77
1481 48
1480 89
1479 84
1478 28
1477 99
1476 57
1475 56
1474 26
1473 70
1472 19
1471 14
1470 32
1469 39
1468 43
1467 13
1466 58
1465 55
1464 14
1463 7
1462 84
1461 68
1460 33
1459 23
1458 35
1457 100
1456 1
1455 0
1454 26
1453 62
1452 15
1451 10
1450 25
1449 66
1448 35
1447 30
1446 1
1445 25
1444 77
1443 99
1442 95
1441 81
1440 94
1439 86
1438 58
1437 35
1436 24
1435 19
1434 41
1433 33
1432 81
1431 12
1430 78
1429 67
1428 10
1427 77
1426 12
1425 16
1424 39
1423 75
1422 23
1421 88
1420 19
1419 14
1418 32
1417 30
1416 10
1415 95
1414 16
1413 18
1412 34
1411 15
1410 30
1409 66
1408 60
1407 31
1406 90
1405 57
1404 63
1403 93
1402 39
1401 73
1400 26
1399 55
1398 91
1397 3
1396 76
1395 3
1394 67
1393 9
1392 30
1391 78
1390 84
1389 21
1388 79
1387 31
1386 66
1385 71
1384 75
1383 100
1382 51
1381 81
1380 79
1379 21
1378 52
1377 84
1376 96
1375 49
1374 38
1373 88
1372 91
1371 53
1370 3
1369 18
1368 34
1367 69
1366 88
1365 68
1364 69
1363 96
1362 34
1361 53
1360 59
1359 40
1358 27
1357 11
1356 55
1355 93
1354 17
1353 48
1352 83
1351 43
1350 52
1349 43
1348 92
1347 50
1346 28
1345 50
1344 93
1343 15
1342 72
1341 66
1340 25
1339 9
1338 66
1337 96
1336 1
1335 8
1334 37
1333 29
1332 21
1331 69
1330 18
1329 52
1328 76
1327 31
1326 81
1325 82
1324 12
1323 89
1322 77
1321 39
1320 68
1319 82
1318 40
1317 32
1316 29
1315 83
1314 99
1313 60
1312 84
1311 100
1310 85
1309 94
1308 17
1307 48
1306 51
1305 67
1304 2
1303 17
1302 52
1301 30
1300 34
1299 45
1298 71
1297 75
1296 62
1295 1
1294 7
1293 4
1292 30
1291 28
1290 16
1289 66
1288 34
1287 96
1286 80
1285 51
1284 27
1283 80
1282 77
1281 41
1280 39
1279 41
1278 86
1277 43
1276 32
1275 77
1274 97
1273 4
1272 84
1271 71
1270 71
1269 32
1268 45
1267 78
1266 3
1265 31
1264 93
1263 5
1262 37
1261 82
1260 75
1259 76
1258 39
1257 4
1256 61
1255 47
1254 88
1253 57
1252 53
1251 36
1250 7
1249 6
1248 65
1247 35
1246 30
1245 43
1244 69
1243 31
1242 30
1241 71
1240 94
1239 72
1238 83
1237 81
1236 65
1235 49
1234 59
1233 44
1232 66
1231 64
1230 9
1229 73
1228 73
1227 47
1226 15
1225 56
1224 53
1223 34
1222 87
1221 62
1220 63
1219 39
1218 36
1217 89
1216 46
1215 87
1214 41
1213 52
1212 13
1211 5
1210 18
1209 34
1208 89
1207 92
1206 97
1205 6
1204 39
1203 4
1202 76
1201 74
1200 56
1199 47
1198 58
1197 72
1196 65
1195 78
1194 40
1193 60
1192 89
1191 96
1190 18
1189 21
1188 3
1187 18
1186 7
1185 97
1184 20
1183 0
1182 80
1181 48
1180 0
1179 44
1178 3
1177 36
1176 22
1175 32
1174 68
1173 88
1172 94
1171 64
1170 13
1169 100
1168 3
1167 31
1166 69
1165 50
1164 5
1163 27
1162 45
1161 20
1160 93
1159 13
1158 100
1157 78
1156 10
1155 70
1154 38
1153 71
1152 69
1151 7
1150 24
1149 45
1148 2
1147 96
1146 48
1145 26
1144 56
1143 37
1142 22
1141 55
1140 87
1139 100
1138 1
1137 15
1136 32
1135 30
1134 44
1133 60
1132 5
1131 14
1130 8
1129 97
1128 38
1127 99
1126 18
1125 0
1124 63
1123 60
1122 16
1121 66
1120 28
1119 65
1118 15
1117 18
1116 96
1115 54
1114 73
1113 14
1112 20
1111 45
1110 34
1109 10
1108 14
1107 88
1106 21
1105 54
1104 60
1103 81
1102 82
1101 62
1100 88
1099 93
1098 41
1097 62
1096 64
1095 75
1094 29
1093 71
1092 27
1091 84
1090 49
1089 31
1088 24
1087 23
1086 30
1085 93
1084 96
1083 95
1082 92
1081 53
1080 89
1079 67
1078 48
1077 27
1076 69
1075 35
1074 47
1073 62
1072 46
1071 67
1070 52
1069 15
1068 89
1067 54
1066 8
1065 91
1064 34
1063 85
1062 52
1061 74
1060 26
1059 25
1058 30
1057 54
1056 35
1055 97
1054 59
1053 39
1052 58
1051 80
1050 45
1049 39
1048 42
1047 82
1046 82
1045 40
1044 39
1043 45
1042 36
1041 69
1040 96
1039 24
1038 64
1037 32
1036 98
1035 39
1034 32
1033 22
1032 43
1031 18
1030 48
1029 98
1028 64
1027 78
1026 93
1025 66
1024 29
1023 71
1022 18
1021 2
1020 16
1019 38
1018 34
1017 53
1016 80
1015 98
1014 69
1013 69
1012 64
1011 12
1010 35
1009 94
1008 32
1007 22
1006 54
1005 87
1004 85
1003 12
1002 22
1001 16
1000 19
999 0
998 26
997 29
996 11
995 2
994 9
993 40
992 68
991 55
990 23
989 69
988 63
987 23
986 11
985 74
984 52
983 55
982 58
981 73
980 98
979 43
978 54
977 67
976 29
975 60
974 1
973 58
972 95
971 9
970 56
969 12
968 22
967 2
966 93
965 78
964 75
963 7
962 24
961 0
960 63
959 51
958 100
957 31
956 22
955 53
954 82
953 69
952 4
951 52
950 41
949 73
948 99
947 25
946 89
945 11
944 47
943 74
942 43
941 26
940 99
939 81
938 25
937 57
936 60
935 47
934 62
933 44
932 66
931 99
930 85
929 36
928 18
927 87
926 93
925 97
924 3
923 80
922 20
921 62
920 46
919 10
918 16
917 67
916 88
915 85
914 22
913 32
912 84
911 18
910 28
909 40
908 11
907 70
906 94
905 97
904 37
903 66
902 17
901 25
900 82
899 21
898 74
897 3
896 96
895 24
894 8
893 88
892 48
891 19
890 0
889 38
888 32
887 40
886 72
885 85
884 66
883 80
882 29
881 85
880 78
879 38
878 18
877 97
876 96
875 37
874 55
873 1
872 0
871 87
870 70
869 100
868 91
867 43
866 55
865 2
864 35
863 64
862 23
861 57
860 23
859 10
858 76
857 98
856 96
855 60
854 37
853 30
852 80
851 29
850 35
849 32
848 84
847 66
846 60
845 68
844 39
843 34
842 37
841 67
840 60
839 41
838 17
837 74
836 63
835 17
834 3
833 74
832 66
831 70
830 32
829 26
828 73
827 90
826 71
825 77
824 0
823 67
822 65
821 68
820 60
819 82
818 72
817 22
816 34
815 20
814 69
813 70
812 11
811 30
810 38
809 99
808 58
807 0
806 10
805 18
804 98
803 65
802 17
801 29
800 68
799 32
798 44
797 5
796 47
795 78
794 27
793 54
792 12
791 91
790 35
789 62
788 56
787 93
786 25
785 98
784 47
783 97
782 52
781 72
780 100
779 90
778 75
777 82
776 12
775 31
774 29
773 60
772 73
771 28
770 62
769 6
768 57
767 76
766 39
765 35
764 1
763 34
762 17
761 21
760 48
759 58
758 99
757 25
756 75
755 35
754 46
753 1
752 7
751 20
750 38
749 25
748 89
747 72
746 69
745 6
744 65
743 45
742 53
741 96
740 85
739 84
738 12
737 32
736 65
735 32
734 68
733 80
732 62
731 32
730 21
729 40
728 47
727 12
726 34
725 22
724 36
723 59
722 80
721 36
720 5
719 92
718 53
717 91
716 15
715 9
714 37
713 97
712 79
711 3
710 41
709 64
708 46
707 58
706 33
705 31
704 60
703 46
702 28
701 77
700 23
699 39
698 77
697 97
696 28
695 13
694 52
693 81
692 56
691 44
690 35
689 84
688 12
687 32
686 32
685 93
684 76
683 37
682 92
681 70
680 72
679 55
678 79
677 13
676 72
675 100
674 32
673 83
672 39
671 94
670 43
669 30
668 96
667 67
666 41
665 9
664 32
663 88
662 17
661 60
660 26
659 32
658 37
657 97
656 76
655 57
654 80
653 35
652 32
651 19
650 5
649 8
648 34
647 49
646 6
645 45
644 29
643 21
642 37
641 56
640 97
639 30
638 33
637 98
636 41
635 75
634 74
633 4
632 36
631 58
630 67
629 87
628 23
627 34
626 81
625 66
624 94
623 3
622 97
621 37
620 78
619 41
618 97
617 47
616 10
615 89
614 68
613 27
612 66
611 36
610 91
609 25
608 87
607 47
606 57
605 28
604 88
603 81
602 0
601 3
600 3
599 27
598 94
597 94
596 95
595 32
594 99
593 89
592 31
591 99
590 54
589 44
588 35
587 69
586 38
585 74
584 70
583 62
582 7
581 95
580 76
579 96
578 95
577 30
576 38
575 24
574 90
573 16
572 10
571 42
570 14
569 14
568 69
567 6
566 24
565 84
564 64
563 67
562 76
561 46
560 58
559 12
558 9
557 86
556 73
555 86
554 83
553 98
552 45
551 45
550 7
549 33
548 43
547 48
546 44
545 86
544 96
543 98
542 61
541 79
540 48
539 20
538 40
537 43
536 23
535 0
534 28
533 62
532 76
531 54
530 71
529 6
528 91
527 14
526 60
525 33
524 26
523 14
522 93
521 7
520 12
519 47
518 17
517 27
516 89
515 7
514 42
513 0
512 8
511 49
510 62
509 47
508 91
507 87
506 68
505 98
504 97
503 64
502 87
501 30
500 38
499 78
498 48
497 19
496 91
495 15
494 7
493 90
492 9
491 25
490 38
489 5
488 88
487 93
486 68
485 96
484 29
483 9
482 75
481 76
480 82
479 51
478 91
477 16
476 40
475 33
474 7
473 17
472 81
471 52
470 20
469 53
468 61
467 23
466 22
465 96
464 2
463 49
462 96
461 30
460 22
459 99
458 8
457 43
456 95
455 52
454 43
453 81
452 34
451 39
450 54
449 21
448 48
447 62
446 89
445 42
444 30
443 68
442 52
441 32
440 49
439 10
438 28
437 11
436 64
435 8
434 74
433 1
432 40
431 7
430 93
429 9
428 46
427 61
426 54
425 13
424 35
423 4
422 98
421 69
420 70
419 44
418 69
417 13
416 87
415 8
414 82
413 96
412 97
411 46
410 63
409 67
408 43
407 95
406 62
405 0
404 47
403 3
402 52
401 57
400 56
399 6
398 48
397 36
396 80
395 56
394 9
393 56
392 88
391 19
390 12
389 55
388 2
387 28
386 35
385 67
384 43
383 24
382 24
381 30
380 2
379 52
378 96
377 61
376 31
375 17
374 26
373 47
372 64
371 30
370 76
369 69
368 19
367 15
366 15
365 56
364 60
363 86
362 17
361 19
360 93
359 32
358 77
357 11
356 57
355 95
354 12
353 16
352 93
351 74
350 69
349 76
348 82
347 12
346 46
345 51
344 29
343 37
342 19
341 2
340 18
339 32
338 22
337 3
336 46
335 14
334 32
333 54
332 47
331 45
330 99
329 34
328 98
327 7
326 93
325 0
324 100
323 27
322 93
321 88
320 0
319 62
318 7
317 44
316 72
315 33
314 3
313 7
312 61
311 45
310 77
309 91
308 5
307 20
306 18
305 66
304 35
303 46
302 94
301 26
300 2
299 1
298 81
297 6
296 66
295 65
294 28
293 88
292 82
291 32
290 18
289 36
288 68
287 65
286 81
285 25
284 58
283 37
282 98
281 76
280 80
279 38
278 82
277 98
276 76
275 81
274 81
273 8
272 31
271 61
270 45
269 99
268 2
267 33
266 17
265 56
264 75
263 25
262 65
261 36
260 65
259 15
258 82
257 74
256 95
255 49
254 83
253 2
252 51
251 78
250 75
249 19
248 65
247 81
246 98
245 17
244 65
243 38
242 26
241 63
240 80
239 95
238 75
237 25
236 33
235 45
234 36
233 51
232 73
231 49
230 26
229 65
228 48
227 50
226 42
225 34
224 39
223 5
222 99
221 53
220 34
219 4
218 10
217 20
216 48
215 7
214 64
213 67
212 64
211 39
210 5
209 15
208 55
207 6
206 22
205 30
204 25
203 78
202 92
201 76
200 27
199 65
198 62
197 25
196 77
195 13
194 93
193 62
192 93
191 48
190 83
189 30
188 47
187 59
186 15
185 2
184 5
183 85
182 29
181 37
180 11
179 58
178 28
177 48
176 74
175 42
174 85
173 57
172 80
171 55
170 64
169 33
168 41
167 96
166 22
165 34
164 9
163 17
162 55
161 34
160 81
159 84
158 27
157 37
156 76
155 59
154 72
153 14
152 23
151 79
150 97
149 29
148 24
147 94
146 16
145 32
144 83
143 33
142 10
141 62
140 84
139 65
138 31
137 14
136 16
135 27
134 18
133 3
132 16
131 9
130 80
129 44
128 14
127 84
126 39
125 52
124 37
123 85
122 39
121 75
120 91
119 43
118 89
117 71
116 58
115 19
114 90
113 70
112 37
111 48
110 24
109 60
108 62
107 81
106 67
105 68
104 48
103 89
102 33
101 86
100 25
99 58
98 13
97 46
96 37
95 64
94 72
93 34
92 76
91 44
90 20
89 39
88 0
87 29
86 14
85 89
84 35
83 25
82 68
81 64
80 7
79 15
78 1
77 3
76 19
75 5
74 32
73 36
72 15
71 34
70 27
69 79
68 97
67 21
66 99
65 66
64 49
63 30
62 43
61 25
60 94
59 84
58 28
57 25
56 13
55 100
54 55
53 47
52 67
51 46
50 77
49 39
48 90
47 66
46 42
45 80
44 38
43 98
42 57
41 94
40 61
39 38
38 90
37 53
36 19
35 55
34 81
33 6
32 34
31 95
30 62
29 24
28 14
27 70
26 12
25 64
24 89
23 35
22 98
21 85
20 15
19 75
18 40
17 53
16 71
15 78
14 97
13 82
12 21
11 88
10 32
9 50
8 61
7 32
6 15
5 72
4 38
3 11
2 84
1 13
0 59
