2500 4
2499 86
2498 36
2497 19
2496 19
2495 46
2494 53
2493 19
2492 0
2491 78
2490 38
2489 95
2488 7
2487 77
2486 86
2485 57
2484 21
2483 82
2482 76
2481 9
2480 62
2479 26
2478 0
2477 25
2476 98
2475 53
2474 24
2473 84
2472 64
2471 47
2470 14
2469 1
2468 63
2467 23
2466 84
2465 61
2464 9
2463 94
2462 96
2461 21
2460 70
2459 21
2458 53
2457 84
2456 20
2455 58
2454 77
2453 67
2452 65
2451 46
2450 29
2449 42
2448 27
2447 51
2446 88
2445 7
2444 72
2443 25
2442 90
2441 13
2440 8
2439 100
2438 14
2437 2
2436 40
2435 24
2434 19
2433 53
2432 62
2431 90
2430 10
2429 93
2428 58
2427 80
2426 1
2425 34
2424 3
2423 7
2422 29
2421 89
2420 92
2419 18
2418 67
2417 42
2416 51
2415 5
2414 43
2413 41
2412 28
2411 42
2410 89
2409 75
2408 24
2407 84
2406 24
2405 18
2404 62
2403 20
2402 77
2401 54
2400 58
2399 72
2398 7
2397 70
2396 25
2395 28
2394 61
2393 21
2392 100
2391 61
2390 58
2389 62
2388 18
2387 87
2386 7
2385 51
2384 44
2383 77
2382 70
2381 100
2380 70
2379 48
2378 97
2377 49
2376 30
2375 73
2374 48
2373 66
2372 40
2371 87
2370 1
2369 29
2368 26
2367 33
2366 46
2365 63
2364 72
2363 58
2362 72
2361 94
2360 38
2359 63
2358 0
2357 17
2356 19
2355 80
2354 34
2353 10
2352 21
2351 28
2350 74
2349 91
2348 53
2347 19
2346 1
2345 19
2344 51
2343 86
2342 63
2341 85
2340 100
2339 39
2338 40
2337 33
2336 31
2335 8
2334 26
2333 1
2332 62
2331 45
2330 52
2329 18
2328 45
2327 34
2326 34
2325 16
2324 2
2323 94
2322 68
2321 12
2320 61
2319 33
2318 10
2317 40
2316 78
2315 35
2314 69
2313 30
2312 7
2311 54
2310 11
2309 61
2308 30
2307 18
2306 72
2305 43
2304 100
2303 65
2302 11
2301 7
2300 66
2299 3
2298 23
2297 63
2296 0
2295 9
2294 25
2293 53
2292 70
2291 84
2290 62
2289 98
2288 82
2287 100
2286 53
2285 13
2284 89
2283 17
2282 64
2281 40
2280 47
2279 58
2278 23
2277 51
2276 93
2275 58
2274 80
2273 36
2272 45
2271 82
2270 30
2269 48
2268 90
2267 26
2266 35
2265 97
2264 10
2263 91
2262 42
2261 93
2260 21
2259 96
2258 34
2257 49
2256 25
2255 14
2254 88
2253 63
2252 12
2251 92
2250 66
2249 46
2248 81
2247 92
2246 38
2245 87
2244 42
2243 58
2242 27
2241 15
2240 98
2239 65
2238 80
2237 44
2236 47
2235 9
2234 99
2233 25
2232 28
2231 69
2230 39
2229 44
2228 40
2227 15
2226 30
2225 43
2224 85
2223 11
2222 47
2221 33
2220 44
2219 48
2218 87
2217 75
2216 20
2215 72
2214 67
2213 80
2212 40
2211 61
2210 78
2209 83
2208 38
2207 15
2206 34
2205 74
2204 86
2203 29
2202 46
2201 80
2200 56
2199 94
2198 14
2197 25
2196 19
2195 64
2194 84
2193 10
2192 40
2191 58
2190 70
2189 69
2188 97
2187 23
2186 35
2185 12
2184 69
2183 100
2182 2
2181 76
2180 59
2179 74
2178 56
2177 25
2176 92
2175 43
2174 24
2173 9
2172 32
2171 41
2170 37
2169 99
2168 98
2167 81
2166 20
2165 0
2164 74
2163 76
2162 46
2161 71
2160 10
2159 63
2158 86
2157 80
2156 77
2155 85
2154 62
2153 29
2152 100
2151 37
2150 73
2149 79
2148 28
2147 24
2146 42
2145 86
2144 34
2143 92
2142 96
2141 66
2140 47
2139 29
2138 32
2137 6
2136 46
2135 99
2134 90
2133 15
2132 58
2131 27
2130 76
2129 41
2128 43
2127 41
2126 41
2125 69
2124 13
2123 63
2122 15
2121 79
2120 56
2119 75
2118 62
2117 80
2116 53
2115 93
2114 53
2113 75
2112 57
2111 77
2110 90
2109 16
2108 72
2107 7
2106 61
2105 50
2104 6
2103 60
2102 18
2101 31
2100 65
2099 12
2098 2
2097 74
2096 17
2095 99
2094 77
2093 52
2092 82
2091 96
2090 68
2089 25
2088 83
2087 99
2086 51
2085 37
2084 99
2083 89
2082 80
2081 33
2080 78
2079 38
2078 84
2077 73
2076 79
2075 72
2074 6
2073 96
2072 49
2071 89
2070 92
2069 23
2068 42
2067 95
2066 10
2065 84
2064 56
2063 68
2062 45
2061 47
2060 19
2059 84
2058 35
2057 49
2056 100
2055 35
2054 26
2053 14
2052 84
2051 56
2050 52
2049 42
2048 46
2047 3
2046 17
2045 80
2044 24
2043 78
2042 49
2041 17
2040 50
2039 2
2038 36
2037 14
2036 13
2035 18
2034 0
2033 58
2032 49
2031 6
2030 50
2029 53
2028 31
2027 81
2026 56
2025 5
2024 10
2023 82
2022 3
2021 46
2020 75
2019 30
2018 60
2017 81
2016 49
2015 99
2014 1
2013 70
2012 63
2011 0
2010 85
2009 80
2008 81
2007 28
2006 47
2005 76
2004 82
2003 23
2002 73
2001 65
2000 84
1999 9
1998 89
1997 55
1996 86
1995 79
1994 66
1993 34
1992 62
1991 19
1990 54
1989 92
1988 17
1987 94
1986 25
1985 96
1984 26
1983 38
1982 30
1981 29
1980 97
1979 5
1978 78
1977 80
1976 47
1975 66
1974 76
1973 53
1972 15
1971 48
1970 19
1969 41
1968 96
1967 47
1966 56
1965 32
1964 42
1963 20
1962 68
1961 25
1960 61
1959 44
1958 82
1957 82
1956 78
1955 12
1954 43
1953 49
1952 82
1951 62
1950 64
1949 93
1948 95
1947 23
1946 50
1945 52
1944 65
1943 21
1942 57
1941 73
1940 2
1939 14
1938 72
1937 11
1936 76
1935 50
1934 41
1933 21
1932 26
1931 64
1930 99
1929 95
1928 8
1927 9
1926 37
1925 86
1924 74
1923 35
1922 99
1921 25
1920 99
1919 84
1918 13
1917 16
1916 2
1915 94
1914 9
1913 92
1912 34
1911 92
1910 3
1909 95
1908 2
1907 26
1906 22
1905 85
1904 85
1903 98
1902 27
1901 79
1900 39
1899 26
1898 14
1897 50
1896 70
1895 70
1894 74
1893 43
1892 33
1891 77
1890 91
1889 68
1888 58
1887 53
1886 41
1885 47
1884 2
1883 0
1882 7
1881 13
1880 48
1879 46
1878 96
1877 51
1876 20
1875 9
1874 72
1873 54
1872 43
1871 40
1870 87
1869 0
1868 87
1867 99
1866 85
1865 6
1864 85
1863 79
1862 84
1861 47
1860 29
1859 33
1858 98
1857 46
1856 53
1855 65
1854 50
1853 72
1852 84
1851 32
1850 46
1849 35
1848 16
1847 96
1846 46
1845 1
1844 83
1843 51
1842 13
1841 6
1840 96
1839 63
1838 30
1837 42
1836 35
1835 78
1834 4
1833 92
1832 82
1831 5
1830 76
1829 52
1828 9
1827 77
1826 78
1825 54
1824 50
1823 13
1822 59
1821 57
1820 36
1819 51
1818 69
1817 11
1816 15
1815 59
1814 97
1813 69
1812 74
1811 64
1810 79
1809 95
1808 0
1807 20
1806 71
1805 32
1804 94
1803 5
1802 100
1801 89
1800 33
1799 67
1798 54
1797 14
1796 80
1795 52
1794 53
1793 43
1792 5
1791 23
1790 78
1789 71
1788 23
1787 87
1786 9
1785 76
1784 36
1783 48
1782 43
1781 91
1780 100
1779 21
1778 21
1777 61
1776 0
1775 40
1774 33
1773 10
1772 12
1771 53
1770 38
1769 52
1768 84
1767 75
1766 90
1765 8
1764 37
1763 83
1762 89
1761 11
1760 94
1759 36
1758 51
1757 98
1756 5
1755 56
1754 56
1753 96
1752 26
1751 53
1750 72
1749 55
1748 47
1747 24
1746 90
1745 90
1744 40
1743 67
1742 5
1741 34
1740 23
1739 49
1738 91
1737 19
1736 51
1735 40
1734 17
1733 18
1732 98
1731 82
1730 92
1729 93
1728 66
1727 31
1726 80
1725 36
1724 13
1723 82
1722 71
1721 29
1720 75
1719 44
1718 53
1717 87
1716 79
1715 58
1714 11
1713 6
1712 91
1711 43
1710 82
1709 9
1708 18
1707 16
1706 92
1705 55
1704 70
1703 20
1702 19
1701 70
1700 31
1699 38
1698 74
1697 85
1696 48
1695 70
1694 9
1693 87
1692 75
1691 24
1690 65
1689 38
1688 74
1687 41
1686 45
1685 10
1684 49
1683 25
1682 63
1681 73
1680 86
1679 95
1678 35
1677 52
1676 36
1675 97
1674 62
1673 43
1672 95
1671 21
1670 11
1669 73
1668 40
1667 40
1666 94
1665 92
1664 65
1663 41
1662 59
1661 53
1660 50
1659 40
1658 84
1657 62
1656 7
1655 33
1654 23
1653 75
1652 83
1651 39
1650 84
1649 99
1648 69
1647 19
1646 88
1645 73
1644 62
1643 67
1642 57
1641 29
1640 97
1639 12
1638 48
1637 63
1636 63
1635 43
1634 69
1633 82
1632 49
1631 1
1630 91
1629 39
1628 94
1627 44
1626 59
1625 83
1624 71
1623 31
1622 18
1621 74
1620 23
1619 11
1618 14
1617 52
1616 83
1615 86
1614 17
1613 32
1612 96
1611 53
1610 9
1609 43
1608 51
1607 33
1606 87
1605 63
1604 25
1603 3
1602 67
1601 23
1600 33
1599 13
1598 77
1597 92
1596 90
1595 13
1594 66
1593 86
1592 55
1591 74
1590 50
1589 75
1588 69
1587 45
1586 70
1585 42
1584 67
1583 91
1582 79
1581 53
1580 31
1579 40
1578 7
1577 55
1576 66
1575 71
1574 84
1573 42
1572 93
1571 96
1570 65
1569 75
1568 92
1567 74
1566 16
1565 38
1564 10
1563 89
1562 47
1561 44
1560 64
1559 96
1558 29
1557 5
1556 78
1555 87
1554 41
1553 80
1552 3
1551 6
1550 8
1549 22
1548 48
1547 2
1546 52
1545 61
1544 56
1543 39
1542 8
1541 21
1540 58
1539 60
1538 18
1537 78
1536 44
1535 14
1534 44
1533 0
1532 58
1531 44
1530 76
1529 99
1528 91
1527 14
1526 98
1525 75
1524 92
1523 13
1522 42
1521 34
1520 76
1519 49
1518 42
1517 3
1516 36
1515 40
1514 26
1513 40
1512 22
1511 53
1510 23
1509 16
1508 100
1507 94
1506 75
1505 74
1504 64
1503 56
1502 60
1501 8
1500 80
1499 28
1498 22
1497 32
1496 100
1495 23
1494 96
1493 34
1492 6
1491 84
1490 68
1489 6
1488 55
1487 60
1486 36
1485 26
1484 33
1483 26
1482 48
1481 17
1480 60
1479 43
1478 18
1477 27
1476 84
1475 52
1474 50
1473 30
1472 16
1471 66
1470 10
1469 52
1468 19
1467 9
1466 51
1465 32
1464 100
1463 60
1462 72
1461 91
1460 49
1459 56
1458 2
1457 32
1456 52
1455 88
1454 22
1453 18
1452 41
1451 98
1450 89
1449 48
1448 90
1447 65
1446 42
1445 63
1444 61
1443 20
1442 59
1441 79
1440 9
1439 41
1438 65
1437 72
1436 26
1435 51
1434 30
1433 13
1432 86
1431 46
1430 89
1429 33
1428 74
1427 33
1426 16
1425 95
1424 98
1423 81
1422 20
1421 57
1420 76
1419 29
1418 47
1417 54
1416 15
1415 45
1414 56
1413 41
1412 5
1411 21
1410 77
1409 8
1408 68
1407 22
1406 73
1405 48
1404 7
1403 64
1402 67
1401 77
1400 9
1399 8
1398 94
1397 82
1396 65
1395 9
1394 3
1393 12
1392 38
1391 77
1390 84
1389 21
1388 96
1387 77
1386 33
1385 14
1384 25
1383 97
1382 13
1381 67
1380 61
1379 36
1378 41
1377 64
1376 84
1375 70
1374 82
1373 66
1372 5
1371 52
1370 55
1369 46
1368 82
1367 73
1366 32
1365 42
1364 21
1363 83
1362 73
1361 59
1360 6
1359 71
1358 40
1357 5
1356 8
1355 4
1354 90
1353 34
1352 100
1351 24
1350 70
1349 15
1348 17
1347 97
1346 3
1345 96
1344 33
1343 72
1342 11
1341 81
1340 80
1339 71
1338 87
1337 78
1336 37
1335 66
1334 52
1333 92
1332 54
1331 62
1330 84
1329 27
1328 74
1327 78
1326 95
1325 56
1324 81
1323 18
1322 33
1321 2
1320 61
1319 81
1318 47
1317 20
1316 95
1315 80
1314 78
1313 21
1312 29
1311 76
1310 4
1309 55
1308 52
1307 78
1306 36
1305 22
1304 72
1303 94
1302 21
1301 26
1300 95
1299 45
1298 6
1297 29
1296 40
1295 48
1294 35
1293 9
1292 90
1291 48
1290 37
1289 0
1288 56
1287 74
1286 92
1285 76
1284 68
1283 51
1282 100
1281 41
1280 75
1279 60
1278 85
1277 95
1276 57
1275 61
1274 10
1273 82
1272 95
1271 62
1270 63
1269 48
1268 50
1267 87
1266 50
1265 75
1264 5
1263 70
1262 97
1261 61
1260 21
1259 35
1258 53
1257 32
1256 51
1255 17
1254 24
1253 41
1252 55
1251 37
1250 96
1249 91
1248 50
1247 57
1246 52
1245 29
1244 51
1243 29
1242 40
1241 60
1240 1
1239 4
1238 7
1237 85
1236 37
1235 6
1234 52
1233 42
1232 13
1231 60
1230 19
1229 47
1228 3
1227 70
1226 60
1225 95
1224 94
1223 7
1222 57
1221 23
1220 50
1219 15
1218 89
1217 82
1216 10
1215 48
1214 82
1213 58
1212 98
1211 46
1210 3
1209 75
1208 20
1207 21
1206 38
1205 27
1204 95
1203 90
1202 82
1201 38
1200 47
1199 10
1198 78
1197 12
1196 54
1195 1
1194 99
1193 49
1192 24
1191 10
1190 53
1189 62
1188 55
1187 34
1186 12
1185 54
1184 38
1183 78
1182 62
1181 100
1180 76
1179 24
1178 58
1177 22
1176 42
1175 58
1174 68
1173 26
1172 40
1171 22
1170 81
1169 84
1168 22
1167 20
1166 70
1165 80
1164 96
1163 61
1162 49
1161 96
1160 13
1159 7
1158 32
1157 61
1156 47
1155 14
1154 70
1153 39
1152 10
1151 14
1150 69
1149 78
1148 27
1147 95
1146 99
1145 50
1144 4
1143 26
1142 25
1141 62
1140 43
1139 56
1138 4
1137 44
1136 73
1135 53
1134 98
1133 10
1132 88
1131 96
1130 24
1129 44
1128 15
1127 79
1126 85
1125 95
1124 62
1123 85
1122 55
1121 46
1120 60
1119 18
1118 52
1117 13
1116 74
1115 79
1114 97
1113 31
1112 76
1111 37
1110 69
1109 31
1108 7
1107 74
1106 62
1105 66
1104 98
1103 73
1102 55
1101 98
1100 24
1099 49
1098 92
1097 59
1096 24
1095 48
1094 93
1093 46
1092 100
1091 62
1090 97
1089 84
1088 77
1087 27
1086 52
1085 54
1084 55
1083 94
1082 71
1081 29
1080 38
1079 38
1078 1
1077 89
1076 36
1075 50
1074 82
1073 16
1072 64
1071 16
1070 1
1069 8
1068 84
1067 79
1066 33
1065 100
1064 71
1063 75
1062 92
1061 34
1060 8
1059 67
1058 97
1057 71
1056 38
1055 25
1054 95
1053 100
1052 85
1051 26
1050 58
1049 98
1048 2
1047 59
1046 25
1045 33
1044 66
1043 15
1042 89
1041 25
1040 47
1039 39
1038 9
1037 81
1036 75
1035 91
1034 23
1033 4
1032 22
1031 27
1030 87
1029 68
1028 72
1027 82
1026 49
1025 90
1024 18
1023 40
1022 14
1021 8
1020 20
1019 11
1018 93
1017 17
1016 51
1015 40
1014 89
1013 46
1012 95
1011 45
1010 98
1009 81
1008 13
1007 91
1006 65
1005 83
1004 70
1003 50
1002 38
1001 28
1000 60
999 43
998 62
997 14
996 39
995 20
994 61
993 25
992 53
991 84
990 100
989 67
988 15
987 47
986 81
985 90
984 14
983 61
982 44
981 7
980 9
979 50
978 89
977 7
976 89
975 4
974 73
973 63
972 35
971 72
970 25
969 69
968 90
967 71
966 75
965 80
964 41
963 56
962 21
961 80
960 52
959 3
958 92
957 96
956 28
955 7
954 25
953 65
952 80
951 49
950 97
949 69
948 35
947 2
946 65
945 7
944 24
943 20
942 58
941 7
940 9
939 77
938 7
937 2
936 33
935 63
934 26
933 54
932 36
931 42
930 37
929 99
928 38
927 48
926 69
925 64
924 37
923 65
922 36
921 47
920 58
919 25
918 65
917 0
916 90
915 89
914 62
913 86
912 83
911 82
910 89
909 76
908 89
907 81
906 0
905 82
904 84
903 19
902 39
901 67
900 38
899 23
898 48
897 59
896 26
895 80
894 25
893 6
892 15
891 77
890 90
889 77
888 56
887 3
886 95
885 32
884 86
883 57
882 30
881 99
880 98
879 97
878 41
877 15
876 88
875 0
874 44
873 42
872 79
871 15
870 8
869 61
868 59
867 99
866 75
865 83
864 3
863 96
862 99
861 1
860 11
859 37
858 51
857 94
856 13
855 48
854 92
853 30
852 50
851 76
850 14
849 62
848 10
847 45
846 55
845 56
844 4
843 32
842 76
841 31
840 62
839 12
838 36
837 23
836 56
835 12
834 15
833 51
832 5
831 40
830 58
829 2
828 97
827 46
826 41
825 32
824 58
823 24
822 1
821 35
820 16
819 78
818 64
817 7
816 17
815 55
814 16
813 83
812 35
811 46
810 83
809 93
808 4
807 15
806 65
805 37
804 43
803 35
802 11
801 49
800 9
799 10
798 45
797 90
796 5
795 61
794 92
793 40
792 11
791 42
790 12
789 73
788 29
787 40
786 43
785 70
784 57
783 12
782 76
781 49
780 87
779 52
778 99
777 59
776 49
775 57
774 97
773 68
772 79
771 64
770 91
769 9
768 43
767 64
766 34
765 70
764 50
763 67
762 89
761 63
760 78
759 57
758 71
757 59
756 69
755 67
754 43
753 86
752 51
751 48
750 61
749 43
748 71
747 18
746 48
745 3
744 73
743 23
742 83
741 97
740 59
739 13
738 14
737 50
736 44
735 17
734 18
733 74
732 65
731 9
730 0
729 12
728 3
727 97
726 16
725 75
724 45
723 62
722 19
721 28
720 42
719 59
718 58
717 27
716 8
715 53
714 94
713 8
712 45
711 33
710 56
709 14
708 2
707 71
706 28
705 72
704 14
703 49
702 14
701 97
700 15
699 28
698 24
697 1
696 30
695 12
694 70
693 67
692 43
691 76
690 99
689 47
688 86
687 34
686 41
685 90
684 34
683 87
682 7
681 82
680 67
679 65
678 75
677 45
676 62
675 97
674 32
673 71
672 12
671 86
670 92
669 97
668 82
667 31
666 60
665 36
664 52
663 25
662 99
661 25
660 13
659 7
658 55
657 18
656 81
655 22
654 18
653 43
652 48
651 69
650 5
649 32
648 79
647 43
646 73
645 58
644 45
643 21
642 45
641 90
640 77
639 30
638 21
637 13
636 94
635 0
634 22
633 38
632 32
631 61
630 77
629 47
628 40
627 15
626 79
625 63
624 13
623 94
622 92
621 68
620 44
619 4
618 8
617 20
616 77
615 60
614 25
613 27
612 69
611 67
610 82
609 21
608 93
607 79
606 80
605 11
604 51
603 0
602 87
601 83
600 52
599 78
598 88
597 82
596 54
595 51
594 42
593 98
592 38
591 26
590 61
589 68
588 74
587 79
586 2
585 100
584 97
583 30
582 45
581 35
580 56
579 89
578 5
577 27
576 51
575 38
574 77
573 61
572 27
571 28
570 16
569 49
568 26
567 21
566 12
565 59
564 29
563 26
562 76
561 11
560 47
559 3
558 41
557 67
556 55
555 77
554 84
553 7
552 80
551 86
550 34
549 15
548 94
547 38
546 50
545 1
544 50
543 37
542 68
541 63
540 86
539 25
538 41
537 38
536 77
535 4
534 40
533 30
532 19
531 88
530 98
529 89
528 70
527 7
526 63
525 93
524 24
523 29
522 10
521 80
520 1
519 20
518 72
517 64
516 75
515 24
514 89
513 49
512 96
511 33
510 61
509 38
508 51
507 29
506 54
505 78
504 83
503 7
502 55
501 32
500 80
499 72
498 81
497 93
496 27
495 34
494 84
493 60
492 27
491 57
490 38
489 69
488 13
487 29
486 81
485 39
484 32
483 87
482 32
481 9
480 72
479 85
478 69
477 87
476 25
475 24
474 69
473 29
472 46
471 81
470 83
469 58
468 90
467 9
466 84
465 7
464 57
463 90
462 80
461 82
460 84
459 71
458 95
457 31
456 88
455 50
454 94
453 14
452 86
451 1
450 51
449 99
448 42
447 52
446 65
445 55
444 27
443 35
442 88
441 74
440 1
439 30
438 84
437 22
436 75
435 53
434 53
433 60
432 85
431 46
430 83
429 76
428 99
427 70
426 34
425 57
424 37
423 32
422 81
421 30
420 18
419 39
418 51
417 25
416 29
415 59
414 6
413 33
412 71
411 47
410 33
409 10
408 52
407 96
406 57
405 29
404 16
403 35
402 45
401 8
400 69
399 53
398 68
397 28
396 76
395 96
394 41
393 47
392 69
391 22
390 34
389 66
388 67
387 84
386 11
385 98
384 51
383 20
382 3
381 100
380 40
379 3
378 80
377 93
376 67
375 62
374 46
373 33
372 61
371 26
370 62
369 45
368 30
367 100
366 90
365 61
364 43
363 57
362 34
361 49
360 54
359 92
358 40
357 31
356 33
355 29
354 7
353 65
352 68
351 65
350 53
349 55
348 2
347 32
346 35
345 11
344 84
343 55
342 75
341 12
340 62
339 97
338 4
337 92
336 46
335 99
334 85
333 20
332 53
331 33
330 63
329 45
328 59
327 60
326 21
325 62
324 92
323 21
322 96
321 16
320 95
319 53
318 82
317 73
316 14
315 82
314 43
313 87
312 32
311 95
310 54
309 55
308 45
307 31
306 40
305 47
304 36
303 32
302 72
301 32
300 22
299 19
298 100
297 51
296 92
295 57
294 24
293 25
292 34
291 33
290 54
289 20
288 82
287 92
286 96
285 14
284 35
283 84
282 65
281 1
280 67
279 18
278 86
277 34
276 2
275 23
274 18
273 64
272 11
271 69
270 88
269 14
268 13
267 59
266 58
265 71
264 15
263 43
262 18
261 90
260 58
259 77
258 42
257 52
256 66
255 81
254 93
253 10
252 30
251 30
250 94
249 49
248 54
247 46
246 68
245 97
244 91
243 21
242 36
241 6
240 44
239 25
238 76
237 90
236 27
235 39
234 13
233 74
232 6
231 43
230 63
229 57
228 50
227 72
226 61
225 26
224 89
223 16
222 27
221 87
220 89
219 40
218 5
217 19
216 1
215 90
214 79
213 94
212 13
211 15
210 56
209 0
208 38
207 90
206 50
205 20
204 34
203 11
202 69
201 43
200 76
199 36
198 57
197 76
196 46
195 97
194 94
193 83
192 48
191 0
190 33
189 24
188 24
187 6
186 81
185 28
184 34
183 1
182 4
181 45
180 5
179 83
178 27
177 7
176 23
175 60
174 73
173 15
172 14
171 43
170 2
169 63
168 12
167 84
166 67
165 87
164 63
163 37
162 9
161 51
160 23
159 0
158 94
157 84
156 23
155 71
154 30
153 61
152 92
151 1
150 98
149 100
148 84
147 72
146 74
145 18
144 76
143 10
142 51
141 19
140 7
139 24
138 57
137 98
136 46
135 54
134 21
133 87
132 94
131 53
130 19
129 96
128 65
127 18
126 82
125 46
124 17
123 71
122 18
121 86
120 33
119 78
118 6
117 54
116 49
115 9
114 48
113 38
112 0
111 34
110 41
109 42
108 67
107 79
106 6
105 51
104 4
103 24
102 54
101 22
100 51
99 73
98 0
97 10
96 22
95 46
94 34
93 8
92 95
91 58
90 95
89 86
88 95
87 58
86 66
85 96
84 94
83 49
82 12
81 23
80 37
79 28
78 67
77 72
76 93
75 52
74 75
73 18
72 56
71 0
70 25
69 75
68 37
67 73
66 92
65 90
64 37
63 22
62 38
61 93
60 72
59 50
58 97
57 91
56 59
55 39
54 34
53 78
52 35
51 74
50 90
49 9
48 1
47 70
46 90
45 99
44 6
43 17
42 50
41 74
40 7
39 21
38 48
37 92
36 58
35 16
34 1
33 15
32 76
31 13
30 81
29 25
28 4
27 15
26 15
25 26
24 70
23 0
22 79
21 89
20 9
19 42
18 80
17 67
16 75
15 47
14 83
13 16
12 29
11 86
10 98
9 100
8 98
7 15
6 55
5 61
4 72
3 88
2 22
1 92
0 57
