7500 61
7499 72
7498 37
7497 59
7496 90
7495 36
7494 40
7493 99
7492 15
7491 8
7490 35
7489 65
7488 51
7487 63
7486 46
7485 1
7484 2
7483 34
7482 22
7481 87
7480 82
7479 25
7478 20
7477 62
7476 49
7475 7
7474 77
7473 45
7472 38
7471 85
7470 16
7469 19
7468 1
7467 41
7466 25
7465 14
7464 20
7463 54
7462 60
7461 92
7460 32
7459 12
7458 26
7457 52
7456 34
7455 27
7454 73
7453 57
7452 84
7451 28
7450 54
7449 7
7448 94
7447 6
7446 8
7445 11
7444 59
7443 22
7442 55
7441 68
7440 46
7439 93
7438 5
7437 7
7436 30
7435 13
7434 60
7433 56
7432 25
7431 76
7430 62
7429 7
7428 75
7427 7
7426 9
7425 16
7424 34
7423 54
7422 92
7421 63
7420 70
7419 38
7418 21
7417 90
7416 64
7415 61
7414 75
7413 98
7412 54
7411 50
7410 67
7409 14
7408 56
7407 1
7406 54
7405 22
7404 19
7403 55
7402 76
7401 56
7400 8
7399 36
7398 63
7397 93
7396 42
7395 56
7394 92
7393 28
7392 63
7391 18
7390 54
7389 78
7388 13
7387 68
7386 68
7385 48
7384 67
7383 78
7382 20
7381 7
7380 21
7379 46
7378 61
7377 36
7376 66
7375 74
7374 67
7373 72
7372 13
7371 83
7370 47
7369 6
7368 31
7367 54
7366 37
7365 43
7364 95
7363 60
7362 1
7361 57
7360 62
7359 31
7358 49
7357 29
7356 38
7355 40
7354 99
7353 20
7352 53
7351 0
7350 21
7349 86
7348 15
7347 80
7346 75
7345 30
7344 71
7343 59
7342 33
7341 51
7340 96
7339 20
7338 83
7337 60
7336 26
7335 5
7334 25
7333 90
7332 15
7331 22
7330 9
7329 50
7328 33
7327 25
7326 68
7325 55
7324 80
7323 49
7322 73
7321 3
7320 29
7319 83
7318 70
7317 40
7316 48
7315 3
7314 10
7313 26
7312 12
7311 23
7310 83
7309 36
7308 27
7307 79
7306 65
7305 30
7304 2
7303 4
7302 21
7301 78
7300 10
7299 97
7298 49
7297 30
7296 71
7295 94
7294 34
7293 43
7292 73
7291 98
7290 55
7289 12
7288 14
7287 19
7286 51
7285 69
7284 43
7283 4
7282 43
7281 74
7280 43
7279 59
7278 69
7277 56
7276 48
7275 80
7274 20
7273 55
7272 83
7271 36
7270 51
7269 86
7268 90
7267 54
7266 32
7265 97
7264 57
7263 24
7262 95
7261 64
7260 38
7259 71
7258 92
7257 46
7256 59
7255 39
7254 35
7253 56
7252 98
7251 18
7250 99
7249 95
7248 82
7247 35
7246 13
7245 26
7244 51
7243 71
7242 66
7241 88
7240 6
7239 83
7238 97
7237 6
7236 64
7235 91
7234 6
7233 94
7232 2
7231 16
7230 4
7229 71
7228 93
7227 29
7226 92
7225 56
7224 19
7223 4
7222 11
7221 41
7220 15
7219 93
7218 50
7217 94
7216 44
7215 6
7214 19
7213 28
7212 44
7211 65
7210 17
7209 40
7208 93
7207 42
7206 72
7205 93
7204 84
7203 27
7202 29
7201 23
7200 35
7199 83
7198 50
7197 84
7196 48
7195 100
7194 26
7193 7
7192 89
7191 0
7190 59
7189 66
7188 41
7187 50
7186 78
7185 4
7184 8
7183 54
7182 99
7181 14
7180 28
7179 81
7178 5
7177 62
7176 43
7175 72
7174 86
7173 73
7172 56
7171 46
7170 58
7169 59
7168 97
7167 45
7166 25
7165 47
7164 6
7163 99
7162 61
7161 23
7160 11
7159 70
7158 69
7157 94
7156 67
7155 30
7154 3
7153 31
7152 14
7151 16
7150 0
7149 27
7148 93
7147 63
7146 23
7145 3
7144 66
7143 25
7142 84
7141 67
7140 81
7139 85
7138 90
7137 37
7136 81
7135 19
7134 80
7133 9
7132 42
7131 3
7130 79
7129 15
7128 0
7127 39
7126 100
7125 38
7124 7
7123 32
7122 42
7121 54
7120 95
7119 91
7118 2
7117 51
7116 95
7115 24
7114 54
7113 16
7112 72
7111 80
7110 14
7109 91
7108 56
7107 6
7106 14
7105 84
7104 53
7103 11
7102 27
7101 99
7100 7
7099 32
7098 73
7097 27
7096 58
7095 88
7094 87
7093 61
7092 89
7091 71
7090 82
7089 67
7088 85
7087 60
7086 94
7085 98
7084 46
7083 0
7082 89
7081 33
7080 64
7079 19
7078 9
7077 78
7076 70
7075 90
7074 18
7073 75
7072 74
7071 10
7070 14
7069 28
7068 74
7067 42
7066 20
7065 36
7064 76
7063 68
7062 47
7061 52
7060 90
7059 32
7058 77
7057 77
7056 22
7055 50
7054 75
7053 33
7052 33
7051 38
7050 26
7049 89
7048 92
7047 57
7046 12
7045 46
7044 36
7043 60
7042 6
7041 20
7040 42
7039 71
7038 94
7037 98
7036 18
7035 57
7034 30
7033 99
7032 66
7031 50
7030 37
7029 45
7028 40
7027 78
7026 47
7025 68
7024 24
7023 16
7022 11
7021 42
7020 71
7019 18
7018 59
7017 19
7016 75
7015 24
7014 60
7013 21
7012 7
7011 41
7010 96
7009 62
7008 36
7007 38
7006 49
7005 17
7004 41
7003 90
7002 15
7001 59
7000 38
6999 8
6998 86
6997 41
6996 39
6995 8
6994 55
6993 28
6992 96
6991 28
6990 53
6989 24
6988 17
6987 80
6986 19
6985 4
6984 82
6983 82
6982 88
6981 35
6980 3
6979 26
6978 38
6977 99
6976 47
6975 8
6974 31
6973 74
6972 6
6971 94
6970 86
6969 58
6968 17
6967 26
6966 98
6965 9
6964 97
6963 88
6962 11
6961 81
6960 7
6959 79
6958 56
6957 30
6956 65
6955 14
6954 70
6953 51
6952 18
6951 27
6950 7
6949 40
6948 78
6947 82
6946 86
6945 71
6944 2
6943 0
6942 46
6941 70
6940 48
6939 71
6938 48
6937 51
6936 90
6935 92
6934 67
6933 60
6932 54
6931 85
6930 5
6929 64
6928 10
6927 97
6926 46
6925 69
6924 51
6923 0
6922 18
6921 19
6920 35
6919 58
6918 48
6917 85
6916 12
6915 84
6914 64
6913 90
6912 57
6911 56
6910 9
6909 51
6908 86
6907 14
6906 92
6905 13
6904 36
6903 67
6902 75
6901 93
6900 5
6899 7
6898 91
6897 27
6896 14
6895 83
6894 61
6893 16
6892 50
6891 99
6890 85
6889 66
6888 75
6887 26
6886 100
6885 21
6884 4
6883 24
6882 10
6881 35
6880 7
6879 53
6878 69
6877 5
6876 79
6875 33
6874 0
6873 65
6872 97
6871 81
6870 18
6869 83
6868 26
6867 94
6866 95
6865 7
6864 7
6863 11
6862 78
6861 31
6860 90
6859 91
6858 53
6857 16
6856 14
6855 85
6854 26
6853 42
6852 49
6851 72
6850 15
6849 100
6848 96
6847 14
6846 82
6845 77
6844 2
6843 22
6842 7
6841 79
6840 8
6839 7
6838 58
6837 81
6836 29
6835 58
6834 20
6833 18
6832 77
6831 29
6830 38
6829 98
6828 68
6827 82
6826 48
6825 63
6824 68
6823 66
6822 80
6821 96
6820 57
6819 79
6818 82
6817 56
6816 14
6815 33
6814 65
6813 53
6812 10
6811 73
6810 22
6809 74
6808 16
6807 87
6806 99
6805 50
6804 11
6803 100
6802 39
6801 52
6800 26
6799 49
6798 22
6797 23
6796 4
6795 44
6794 89
6793 60
6792 65
6791 5
6790 45
6789 46
6788 61
6787 67
6786 2
6785 20
6784 64
6783 56
6782 36
6781 73
6780 28
6779 95
6778 38
6777 59
6776 27
6775 0
6774 89
6773 41
6772 75
6771 88
6770 34
6769 64
6768 34
6767 68
6766 8
6765 51
6764 25
6763 89
6762 2
6761 72
6760 78
6759 42
6758 55
6757 58
6756 86
6755 33
6754 18
6753 31
6752 14
6751 83
6750 18
6749 74
6748 34
6747 50
6746 24
6745 62
6744 31
6743 4
6742 59
6741 49
6740 23
6739 57
6738 43
6737 6
6736 44
6735 62
6734 32
6733 98
6732 16
6731 15
6730 27
6729 18
6728 60
6727 57
6726 2
6725 59
6724 53
6723 2
6722 94
6721 12
6720 14
6719 60
6718 41
6717 15
6716 32
6715 34
6714 85
6713 48
6712 33
6711 31
6710 66
6709 39
6708 88
6707 35
6706 21
6705 71
6704 61
6703 29
6702 19
6701 72
6700 36
6699 24
6698 93
6697 80
6696 42
6695 58
6694 32
6693 47
6692 7
6691 91
6690 67
6689 44
6688 3
6687 58
6686 46
6685 25
6684 55
6683 63
6682 5
6681 78
6680 20
6679 53
6678 81
6677 83
6676 26
6675 54
6674 59
6673 82
6672 8
6671 38
6670 24
6669 56
6668 73
6667 35
6666 22
6665 28
6664 95
6663 5
6662 79
6661 62
6660 42
6659 58
6658 93
6657 32
6656 48
6655 37
6654 76
6653 39
6652 83
6651 70
6650 34
6649 31
6648 8
6647 94
6646 28
6645 63
6644 67
6643 22
6642 27
6641 1
6640 1
6639 64
6638 70
6637 99
6636 90
6635 72
6634 97
6633 85
6632 21
6631 77
6630 98
6629 50
6628 89
6627 68
6626 63
6625 49
6624 3
6623 35
6622 3
6621 74
6620 60
6619 88
6618 57
6617 72
6616 51
6615 55
6614 89
6613 96
6612 9
6611 84
6610 74
6609 55
6608 32
6607 1
6606 94
6605 61
6604 43
6603 85
6602 26
6601 35
6600 47
6599 45
6598 5
6597 70
6596 65
6595 70
6594 73
6593 94
6592 72
6591 10
6590 89
6589 94
6588 72
6587 32
6586 64
6585 70
6584 35
6583 95
6582 49
6581 53
6580 77
6579 38
6578 92
6577 57
6576 21
6575 91
6574 74
6573 62
6572 71
6571 75
6570 84
6569 7
6568 13
6567 28
6566 44
6565 94
6564 87
6563 87
6562 74
6561 3
6560 52
6559 71
6558 31
6557 3
6556 72
6555 1
6554 8
6553 70
6552 64
6551 58
6550 65
6549 26
6548 62
6547 40
6546 89
6545 68
6544 5
6543 19
6542 44
6541 93
6540 67
6539 24
6538 52
6537 44
6536 91
6535 18
6534 93
6533 40
6532 46
6531 97
6530 3
6529 57
6528 47
6527 93
6526 18
6525 38
6524 72
6523 21
6522 8
6521 83
6520 38
6519 51
6518 98
6517 72
6516 48
6515 10
6514 0
6513 84
6512 89
6511 14
6510 32
6509 66
6508 44
6507 54
6506 27
6505 26
6504 35
6503 11
6502 29
6501 74
6500 79
6499 84
6498 43
6497 37
6496 42
6495 90
6494 73
6493 14
6492 94
6491 31
6490 85
6489 60
6488 47
6487 8
6486 21
6485 53
6484 33
6483 39
6482 51
6481 47
6480 39
6479 62
6478 86
6477 75
6476 37
6475 24
6474 78
6473 70
6472 34
6471 25
6470 48
6469 73
6468 96
6467 49
6466 68
6465 71
6464 25
6463 46
6462 98
6461 12
6460 5
6459 78
6458 54
6457 17
6456 27
6455 70
6454 82
6453 29
6452 62
6451 10
6450 75
6449 6
6448 7
6447 31
6446 86
6445 16
6444 30
6443 3
6442 81
6441 37
6440 23
6439 82
6438 53
6437 61
6436 19
6435 91
6434 76
6433 40
6432 92
6431 94
6430 80
6429 81
6428 53
6427 31
6426 28
6425 46
6424 3
6423 13
6422 25
6421 58
6420 87
6419 27
6418 22
6417 84
6416 65
6415 51
6414 19
6413 55
6412 100
6411 40
6410 53
6409 79
6408 91
6407 69
6406 50
6405 69
6404 95
6403 76
6402 70
6401 2
6400 15
6399 83
6398 59
6397 77
6396 17
6395 65
6394 88
6393 10
6392 90
6391 96
6390 3
6389 93
6388 76
6387 75
6386 68
6385 23
6384 52
6383 24
6382 100
6381 53
6380 1
6379 94
6378 1
6377 74
6376 28
6375 76
6374 0
6373 6
6372 22
6371 90
6370 45
6369 43
6368 72
6367 37
6366 68
6365 30
6364 95
6363 87
6362 10
6361 57
6360 45
6359 96
6358 89
6357 95
6356 16
6355 59
6354 60
6353 66
6352 93
6351 70
6350 50
6349 43
6348 85
6347 22
6346 21
6345 20
6344 64
6343 77
6342 54
6341 48
6340 67
6339 70
6338 74
6337 5
6336 70
6335 72
6334 56
6333 6
6332 33
6331 84
6330 1
6329 48
6328 16
6327 13
6326 36
6325 59
6324 95
6323 21
6322 77
6321 50
6320 12
6319 88
6318 68
6317 96
6316 43
6315 82
6314 18
6313 56
6312 3
6311 46
6310 70
6309 40
6308 2
6307 45
6306 18
6305 90
6304 90
6303 17
6302 50
6301 58
6300 2
6299 1
6298 5
6297 78
6296 76
6295 14
6294 46
6293 33
6292 12
6291 53
6290 28
6289 48
6288 59
6287 67
6286 52
6285 71
6284 61
6283 83
6282 79
6281 13
6280 65
6279 60
6278 83
6277 20
6276 88
6275 73
6274 89
6273 98
6272 71
6271 85
6270 14
6269 12
6268 10
6267 80
6266 97
6265 73
6264 43
6263 5
6262 75
6261 92
6260 72
6259 59
6258 53
6257 64
6256 51
6255 40
6254 79
6253 56
6252 66
6251 97
6250 1
6249 52
6248 12
6247 32
6246 28
6245 22
6244 68
6243 43
6242 48
6241 2
6240 68
6239 63
6238 3
6237 18
6236 85
6235 86
6234 49
6233 45
6232 100
6231 2
6230 22
6229 7
6228 97
6227 83
6226 39
6225 64
6224 38
6223 49
6222 68
6221 89
6220 75
6219 51
6218 7
6217 68
6216 54
6215 60
6214 76
6213 59
6212 40
6211 71
6210 29
6209 8
6208 30
6207 27
6206 44
6205 85
6204 47
6203 38
6202 10
6201 95
6200 92
6199 10
6198 94
6197 7
6196 33
6195 53
6194 67
6193 37
6192 96
6191 61
6190 74
6189 72
6188 13
6187 40
6186 76
6185 78
6184 36
6183 85
6182 59
6181 25
6180 48
6179 3
6178 50
6177 34
6176 10
6175 80
6174 51
6173 52
6172 6
6171 98
6170 29
6169 31
6168 57
6167 61
6166 33
6165 88
6164 38
6163 88
6162 77
6161 46
6160 75
6159 28
6158 58
6157 71
6156 60
6155 22
6154 91
6153 52
6152 3
6151 51
6150 72
6149 86
6148 4
6147 75
6146 85
6145 13
6144 26
6143 31
6142 2
6141 95
6140 51
6139 39
6138 24
6137 14
6136 69
6135 60
6134 43
6133 89
6132 61
6131 18
6130 28
6129 59
6128 9
6127 60
6126 25
6125 67
6124 66
6123 44
6122 51
6121 83
6120 61
6119 49
6118 36
6117 1
6116 43
6115 42
6114 45
6113 56
6112 97
6111 87
6110 50
6109 72
6108 59
6107 75
6106 97
6105 47
6104 48
6103 56
6102 34
6101 98
6100 36
6099 10
6098 50
6097 56
6096 3
6095 72
6094 10
6093 61
6092 31
6091 0
6090 27
6089 30
6088 57
6087 0
6086 71
6085 58
6084 65
6083 2
6082 22
6081 60
6080 55
6079 69
6078 21
6077 61
6076 69
6075 72
6074 84
6073 83
6072 50
6071 55
6070 62
6069 61
6068 37
6067 67
6066 75
6065 21
6064 6
6063 93
6062 15
6061 69
6060 25
6059 65
6058 41
6057 90
6056 7
6055 75
6054 89
6053 50
6052 56
6051 93
6050 89
6049 89
6048 35
6047 45
6046 87
6045 31
6044 78
6043 100
6042 1
6041 19
6040 53
6039 95
6038 67
6037 9
6036 55
6035 27
6034 40
6033 50
6032 4
6031 31
6030 47
6029 30
6028 100
6027 92
6026 93
6025 48
6024 77
6023 30
6022 32
6021 10
6020 50
6019 41
6018 79
6017 19
6016 12
6015 95
6014 58
6013 30
6012 29
6011 3
6010 54
6009 13
6008 28
6007 88
6006 56
6005 54
6004 79
6003 18
6002 41
6001 27
6000 1
5999 12
5998 63
5997 82
5996 70
5995 52
5994 15
5993 38
5992 32
5991 83
5990 50
5989 66
5988 69
5987 91
5986 55
5985 4
5984 72
5983 79
5982 85
5981 57
5980 91
5979 76
5978 93
5977 7
5976 72
5975 0
5974 32
5973 85
5972 90
5971 1
5970 37
5969 33
5968 11
5967 3
5966 83
5965 36
5964 59
5963 2
5962 78
5961 16
5960 50
5959 25
5958 90
5957 54
5956 86
5955 81
5954 81
5953 31
5952 69
5951 12
5950 38
5949 95
5948 60
5947 48
5946 53
5945 84
5944 19
5943 29
5942 94
5941 93
5940 89
5939 99
5938 59
5937 19
5936 77
5935 41
5934 47
5933 95
5932 88
5931 60
5930 39
5929 4
5928 35
5927 87
5926 46
5925 21
5924 88
5923 7
5922 21
5921 18
5920 91
5919 83
5918 43
5917 79
5916 59
5915 13
5914 35
5913 25
5912 59
5911 79
5910 81
5909 76
5908 86
5907 25
5906 97
5905 70
5904 5
5903 51
5902 42
5901 1
5900 14
5899 14
5898 61
5897 52
5896 23
5895 69
5894 61
5893 1
5892 24
5891 63
5890 50
5889 68
5888 32
5887 97
5886 53
5885 23
5884 55
5883 82
5882 29
5881 3
5880 91
5879 41
5878 64
5877 12
5876 13
5875 29
5874 49
5873 75
5872 47
5871 67
5870 94
5869 100
5868 19
5867 36
5866 68
5865 62
5864 24
5863 51
5862 66
5861 8
5860 100
5859 56
5858 41
5857 31
5856 78
5855 33
5854 37
5853 7
5852 72
5851 87
5850 56
5849 15
5848 50
5847 6
5846 4
5845 52
5844 86
5843 99
5842 64
5841 20
5840 45
5839 9
5838 42
5837 54
5836 50
5835 29
5834 31
5833 9
5832 24
5831 46
5830 87
5829 18
5828 12
5827 90
5826 43
5825 34
5824 35
5823 77
5822 21
5821 60
5820 28
5819 61
5818 75
5817 0
5816 83
5815 77
5814 63
5813 31
5812 18
5811 49
5810 35
5809 21
5808 79
5807 65
5806 44
5805 81
5804 72
5803 43
5802 72
5801 52
5800 92
5799 93
5798 56
5797 93
5796 39
5795 39
5794 3
5793 34
5792 35
5791 43
5790 33
5789 7
5788 68
5787 100
5786 18
5785 84
5784 12
5783 79
5782 12
5781 53
5780 32
5779 16
5778 20
5777 73
5776 16
5775 91
5774 90
5773 87
5772 11
5771 99
5770 12
5769 35
5768 9
5767 92
5766 86
5765 61
5764 32
5763 60
5762 39
5761 13
5760 19
5759 48
5758 72
5757 77
5756 7
5755 58
5754 89
5753 65
5752 92
5751 44
5750 65
5749 49
5748 47
5747 51
5746 19
5745 44
5744 35
5743 81
5742 87
5741 59
5740 41
5739 37
5738 86
5737 23
5736 3
5735 51
5734 12
5733 74
5732 26
5731 0
5730 91
5729 80
5728 28
5727 52
5726 41
5725 66
5724 53
5723 35
5722 80
5721 58
5720 19
5719 19
5718 68
5717 69
5716 30
5715 26
5714 45
5713 93
5712 37
5711 38
5710 47
5709 19
5708 55
5707 84
5706 99
5705 55
5704 8
5703 5
5702 74
5701 84
5700 96
5699 0
5698 92
5697 46
5696 75
5695 65
5694 53
5693 14
5692 34
5691 94
5690 68
5689 57
5688 2
5687 53
5686 21
5685 0
5684 91
5683 84
5682 80
5681 52
5680 80
5679 98
5678 52
5677 88
5676 86
5675 70
5674 11
5673 94
5672 93
5671 46
5670 59
5669 98
5668 85
5667 34
5666 90
5665 67
5664 19
5663 3
5662 49
5661 17
5660 0
5659 31
5658 50
5657 39
5656 87
5655 39
5654 52
5653 70
5652 39
5651 44
5650 88
5649 39
5648 92
5647 53
5646 48
5645 38
5644 14
5643 34
5642 0
5641 75
5640 51
5639 91
5638 11
5637 56
5636 25
5635 78
5634 75
5633 99
5632 33
5631 2
5630 65
5629 59
5628 39
5627 91
5626 95
5625 2
5624 92
5623 0
5622 54
5621 42
5620 27
5619 43
5618 27
5617 3
5616 41
5615 7
5614 21
5613 13
5612 55
5611 51
5610 18
5609 0
5608 60
5607 97
5606 21
5605 21
5604 57
5603 43
5602 1
5601 19
5600 25
5599 83
5598 52
5597 55
5596 19
5595 48
5594 68
5593 74
5592 96
5591 34
5590 16
5589 5
5588 46
5587 86
5586 10
5585 99
5584 91
5583 62
5582 75
5581 8
5580 96
5579 32
5578 62
5577 48
5576 62
5575 16
5574 65
5573 18
5572 69
5571 44
5570 80
5569 57
5568 28
5567 73
5566 56
5565 0
5564 64
5563 17
5562 40
5561 81
5560 78
5559 66
5558 73
5557 86
5556 73
5555 90
5554 24
5553 55
5552 33
5551 26
5550 5
5549 65
5548 16
5547 99
5546 33
5545 81
5544 22
5543 27
5542 94
5541 53
5540 47
5539 29
5538 66
5537 28
5536 7
5535 80
5534 42
5533 8
5532 41
5531 59
5530 38
5529 61
5528 13
5527 60
5526 93
5525 18
5524 9
5523 97
5522 41
5521 48
5520 52
5519 25
5518 98
5517 65
5516 100
5515 87
5514 18
5513 70
5512 6
5511 39
5510 41
5509 21
5508 36
5507 41
5506 12
5505 44
5504 7
5503 95
5502 99
5501 16
5500 49
5499 68
5498 1
5497 38
5496 1
5495 42
5494 44
5493 69
5492 75
5491 55
5490 55
5489 1
5488 29
5487 44
5486 74
5485 93
5484 74
5483 55
5482 19
5481 70
5480 62
5479 37
5478 86
5477 28
5476 16
5475 13
5474 89
5473 18
5472 79
5471 71
5470 54
5469 9
5468 31
5467 39
5466 97
5465 4
5464 0
5463 9
5462 68
5461 26
5460 84
5459 77
5458 71
5457 43
5456 41
5455 59
5454 31
5453 4
5452 65
5451 29
5450 4
5449 19
5448 98
5447 79
5446 62
5445 26
5444 22
5443 60
5442 70
5441 62
5440 41
5439 67
5438 41
5437 54
5436 7
5435 48
5434 25
5433 59
5432 0
5431 21
5430 63
5429 6
5428 76
5427 41
5426 92
5425 43
5424 71
5423 1
5422 9
5421 67
5420 37
5419 50
5418 84
5417 69
5416 25
5415 21
5414 15
5413 99
5412 75
5411 37
5410 50
5409 64
5408 4
5407 71
5406 4
5405 79
5404 0
5403 3
5402 62
5401 100
5400 43
5399 9
5398 8
5397 23
5396 42
5395 24
5394 86
5393 63
5392 75
5391 88
5390 93
5389 99
5388 6
5387 58
5386 59
5385 37
5384 98
5383 31
5382 87
5381 99
5380 29
5379 25
5378 61
5377 30
5376 82
5375 52
5374 100
5373 65
5372 59
5371 41
5370 89
5369 97
5368 2
5367 37
5366 40
5365 8
5364 93
5363 16
5362 55
5361 13
5360 97
5359 10
5358 96
5357 45
5356 90
5355 3
5354 42
5353 91
5352 18
5351 96
5350 3
5349 29
5348 27
5347 25
5346 15
5345 42
5344 66
5343 30
5342 19
5341 48
5340 63
5339 9
5338 17
5337 47
5336 83
5335 77
5334 17
5333 36
5332 58
5331 70
5330 85
5329 44
5328 8
5327 89
5326 74
5325 100
5324 8
5323 81
5322 81
5321 88
5320 5
5319 55
5318 35
5317 19
5316 8
5315 71
5314 62
5313 42
5312 93
5311 32
5310 23
5309 34
5308 60
5307 79
5306 12
5305 58
5304 82
5303 36
5302 89
5301 52
5300 97
5299 58
5298 25
5297 22
5296 94
5295 52
5294 52
5293 48
5292 12
5291 71
5290 10
5289 76
5288 28
5287 29
5286 79
5285 65
5284 14
5283 14
5282 24
5281 3
5280 76
5279 70
5278 57
5277 27
5276 94
5275 50
5274 76
5273 75
5272 30
5271 70
5270 43
5269 47
5268 39
5267 75
5266 24
5265 83
5264 90
5263 23
5262 80
5261 67
5260 11
5259 47
5258 53
5257 19
5256 38
5255 65
5254 54
5253 35
5252 30
5251 44
5250 85
5249 20
5248 57
5247 78
5246 74
5245 33
5244 17
5243 18
5242 90
5241 56
5240 5
5239 71
5238 94
5237 10
5236 39
5235 69
5234 87
5233 36
5232 77
5231 87
5230 67
5229 7
5228 67
5227 92
5226 46
5225 92
5224 98
5223 52
5222 95
5221 16
5220 45
5219 62
5218 22
5217 33
5216 58
5215 62
5214 18
5213 10
5212 43
5211 37
5210 18
5209 43
5208 45
5207 21
5206 17
5205 39
5204 93
5203 89
5202 90
5201 14
5200 26
5199 1
5198 55
5197 30
5196 59
5195 4
5194 46
5193 46
5192 75
5191 12
5190 36
5189 16
5188 82
5187 32
5186 93
5185 90
5184 19
5183 83
5182 3
5181 65
5180 69
5179 71
5178 80
5177 75
5176 6
5175 50
5174 84
5173 14
5172 22
5171 36
5170 91
5169 42
5168 60
5167 28
5166 56
5165 100
5164 38
5163 93
5162 28
5161 30
5160 66
5159 77
5158 82
5157 74
5156 18
5155 55
5154 32
5153 47
5152 9
5151 78
5150 23
5149 27
5148 8
5147 45
5146 38
5145 88
5144 63
5143 13
5142 86
5141 94
5140 11
5139 54
5138 88
5137 33
5136 97
5135 31
5134 71
5133 94
5132 33
5131 81
5130 97
5129 16
5128 18
5127 87
5126 59
5125 24
5124 44
5123 80
5122 4
5121 47
5120 16
5119 22
5118 88
5117 67
5116 44
5115 91
5114 59
5113 71
5112 43
5111 21
5110 85
5109 64
5108 69
5107 27
5106 46
5105 70
5104 18
5103 3
5102 41
5101 37
5100 63
5099 46
5098 54
5097 92
5096 22
5095 51
5094 84
5093 45
5092 3
5091 7
5090 31
5089 98
5088 38
5087 93
5086 68
5085 95
5084 31
5083 77
5082 60
5081 65
5080 31
5079 23
5078 93
5077 54
5076 91
5075 16
5074 35
5073 21
5072 96
5071 92
5070 72
5069 50
5068 82
5067 93
5066 90
5065 84
5064 89
5063 43
5062 89
5061 19
5060 77
5059 0
5058 2
5057 23
5056 33
5055 2
5054 86
5053 3
5052 1
5051 18
5050 93
5049 24
5048 24
5047 1
5046 36
5045 100
5044 8
5043 40
5042 38
5041 13
5040 78
5039 45
5038 95
5037 56
5036 90
5035 27
5034 89
5033 29
5032 36
5031 98
5030 54
5029 47
5028 84
5027 83
5026 11
5025 88
5024 70
5023 79
5022 17
5021 92
5020 86
5019 92
5018 10
5017 17
5016 16
5015 49
5014 59
5013 75
5012 25
5011 18
5010 2
5009 50
5008 94
5007 5
5006 70
5005 71
5004 7
5003 74
5002 87
5001 26
5000 35
4999 97
4998 6
4997 75
4996 18
4995 45
4994 89
4993 30
4992 85
4991 68
4990 52
4989 93
4988 1
4987 60
4986 6
4985 21
4984 57
4983 74
4982 68
4981 37
4980 37
4979 73
4978 99
4977 3
4976 20
4975 40
4974 64
4973 87
4972 26
4971 54
4970 89
4969 20
4968 24
4967 84
4966 48
4965 68
4964 51
4963 9
4962 38
4961 61
4960 65
4959 58
4958 50
4957 58
4956 91
4955 53
4954 8
4953 66
4952 19
4951 40
4950 56
4949 71
4948 11
4947 84
4946 50
4945 32
4944 42
4943 98
4942 51
4941 99
4940 44
4939 38
4938 98
4937 69
4936 12
4935 31
4934 61
4933 76
4932 46
4931 28
4930 2
4929 42
4928 54
4927 30
4926 56
4925 76
4924 57
4923 8
4922 71
4921 26
4920 11
4919 73
4918 99
4917 55
4916 82
4915 98
4914 5
4913 3
4912 28
4911 30
4910 72
4909 96
4908 51
4907 29
4906 70
4905 57
4904 60
4903 76
4902 1
4901 72
4900 63
4899 16
4898 95
4897 97
4896 87
4895 18
4894 60
4893 81
4892 87
4891 6
4890 58
4889 31
4888 77
4887 34
4886 63
4885 15
4884 68
4883 36
4882 89
4881 67
4880 68
4879 11
4878 15
4877 60
4876 62
4875 90
4874 18
4873 45
4872 11
4871 69
4870 8
4869 11
4868 28
4867 12
4866 96
4865 63
4864 90
4863 34
4862 2
4861 94
4860 34
4859 3
4858 60
4857 72
4856 24
4855 62
4854 92
4853 77
4852 12
4851 81
4850 43
4849 5
4848 44
4847 82
4846 20
4845 71
4844 40
4843 28
4842 6
4841 1
4840 1
4839 62
4838 69
4837 41
4836 25
4835 71
4834 86
4833 19
4832 26
4831 43
4830 58
4829 86
4828 28
4827 50
4826 94
4825 3
4824 81
4823 81
4822 92
4821 0
4820 10
4819 30
4818 1
4817 41
4816 75
4815 88
4814 30
4813 71
4812 27
4811 32
4810 90
4809 39
4808 17
4807 72
4806 19
4805 55
4804 68
4803 55
4802 2
4801 50
4800 95
4799 99
4798 2
4797 79
4796 73
4795 13
4794 85
4793 91
4792 87
4791 36
4790 7
4789 78
4788 52
4787 33
4786 80
4785 78
4784 24
4783 33
4782 73
4781 11
4780 30
4779 58
4778 86
4777 66
4776 72
4775 22
4774 90
4773 37
4772 34
4771 95
4770 39
4769 8
4768 88
4767 83
4766 22
4765 34
4764 40
4763 20
4762 15
4761 14
4760 1
4759 17
4758 28
4757 23
4756 27
4755 52
4754 22
4753 65
4752 50
4751 98
4750 62
4749 98
4748 24
4747 35
4746 18
4745 74
4744 90
4743 91
4742 0
4741 12
4740 73
4739 73
4738 65
4737 69
4736 77
4735 62
4734 14
4733 42
4732 13
4731 34
4730 99
4729 52
4728 16
4727 15
4726 10
4725 48
4724 45
4723 18
4722 13
4721 39
4720 84
4719 52
4718 49
4717 69
4716 31
4715 64
4714 59
4713 43
4712 43
4711 66
4710 42
4709 56
4708 33
4707 82
4706 22
4705 27
4704 31
4703 31
4702 14
4701 65
4700 34
4699 50
4698 53
4697 91
4696 97
4695 84
4694 71
4693 66
4692 42
4691 70
4690 36
4689 50
4688 45
4687 4
4686 72
4685 85
4684 64
4683 56
4682 83
4681 20
4680 38
4679 81
4678 13
4677 14
4676 85
4675 72
4674 14
4673 0
4672 51
4671 47
4670 27
4669 53
4668 64
4667 59
4666 55
4665 72
4664 75
4663 32
4662 32
4661 85
4660 14
4659 54
4658 33
4657 94
4656 33
4655 69
4654 48
4653 81
4652 66
4651 36
4650 79
4649 38
4648 38
4647 88
4646 60
4645 73
4644 44
4643 4
4642 61
4641 77
4640 43
4639 79
4638 48
4637 78
4636 10
4635 70
4634 51
4633 45
4632 8
4631 16
4630 61
4629 26
4628 66
4627 47
4626 9
4625 98
4624 39
4623 43
4622 68
4621 95
4620 91
4619 23
4618 42
4617 13
4616 19
4615 40
4614 88
4613 13
4612 58
4611 31
4610 19
4609 16
4608 7
4607 86
4606 54
4605 72
4604 8
4603 94
4602 21
4601 44
4600 86
4599 39
4598 35
4597 70
4596 12
4595 35
4594 10
4593 86
4592 77
4591 38
4590 98
4589 64
4588 74
4587 2
4586 29
4585 88
4584 22
4583 87
4582 68
4581 13
4580 14
4579 77
4578 6
4577 15
4576 31
4575 12
4574 54
4573 19
4572 25
4571 50
4570 18
4569 14
4568 59
4567 36
4566 67
4565 83
4564 9
4563 14
4562 7
4561 60
4560 100
4559 38
4558 14
4557 88
4556 77
4555 45
4554 56
4553 77
4552 97
4551 71
4550 18
4549 68
4548 14
4547 81
4546 15
4545 26
4544 31
4543 68
4542 31
4541 17
4540 96
4539 43
4538 23
4537 91
4536 30
4535 12
4534 89
4533 79
4532 62
4531 18
4530 51
4529 53
4528 66
4527 99
4526 25
4525 67
4524 65
4523 49
4522 53
4521 0
4520 57
4519 7
4518 47
4517 52
4516 50
4515 78
4514 34
4513 59
4512 36
4511 8
4510 65
4509 57
4508 43
4507 23
4506 65
4505 92
4504 32
4503 33
4502 97
4501 7
4500 24
4499 99
4498 76
4497 8
4496 96
4495 65
4494 38
4493 11
4492 75
4491 69
4490 42
4489 83
4488 86
4487 2
4486 63
4485 79
4484 33
4483 2
4482 99
4481 76
4480 49
4479 49
4478 27
4477 12
4476 94
4475 81
4474 8
4473 42
4472 23
4471 17
4470 16
4469 81
4468 23
4467 96
4466 66
4465 64
4464 74
4463 88
4462 62
4461 79
4460 68
4459 62
4458 62
4457 99
4456 81
4455 75
4454 59
4453 61
4452 24
4451 100
4450 34
4449 47
4448 82
4447 26
4446 66
4445 77
4444 85
4443 100
4442 59
4441 92
4440 51
4439 6
4438 36
4437 51
4436 97
4435 6
4434 40
4433 52
4432 41
4431 11
4430 53
4429 60
4428 95
4427 81
4426 49
4425 0
4424 62
4423 33
4422 90
4421 28
4420 22
4419 93
4418 12
4417 83
4416 6
4415 18
4414 95
4413 4
4412 96
4411 8
4410 42
4409 80
4408 90
4407 87
4406 24
4405 23
4404 21
4403 96
4402 36
4401 52
4400 3
4399 42
4398 59
4397 61
4396 43
4395 33
4394 9
4393 77
4392 42
4391 48
4390 91
4389 93
4388 57
4387 20
4386 89
4385 0
4384 75
4383 48
4382 65
4381 9
4380 68
4379 81
4378 91
4377 60
4376 81
4375 27
4374 77
4373 74
4372 33
4371 43
4370 71
4369 50
4368 28
4367 64
4366 79
4365 89
4364 42
4363 13
4362 97
4361 69
4360 28
4359 42
4358 89
4357 0
4356 30
4355 7
4354 54
4353 72
4352 95
4351 51
4350 27
4349 95
4348 91
4347 49
4346 20
4345 96
4344 88
4343 37
4342 26
4341 16
4340 60
4339 38
4338 41
4337 11
4336 51
4335 67
4334 9
4333 9
4332 75
4331 91
4330 93
4329 52
4328 60
4327 80
4326 61
4325 88
4324 37
4323 32
4322 43
4321 33
4320 64
4319 49
4318 87
4317 76
4316 69
4315 90
4314 7
4313 55
4312 13
4311 31
4310 36
4309 38
4308 12
4307 76
4306 33
4305 80
4304 50
4303 50
4302 55
4301 48
4300 81
4299 90
4298 30
4297 97
4296 70
4295 79
4294 8
4293 2
4292 28
4291 84
4290 44
4289 74
4288 74
4287 62
4286 27
4285 35
4284 22
4283 59
4282 81
4281 46
4280 35
4279 33
4278 97
4277 7
4276 31
4275 58
4274 69
4273 72
4272 55
4271 86
4270 82
4269 75
4268 69
4267 45
4266 40
4265 11
4264 14
4263 15
4262 53
4261 63
4260 25
4259 1
4258 7
4257 26
4256 26
4255 27
4254 96
4253 32
4252 77
4251 66
4250 60
4249 12
4248 29
4247 31
4246 3
4245 96
4244 84
4243 37
4242 33
4241 3
4240 20
4239 6
4238 74
4237 19
4236 19
4235 88
4234 80
4233 51
4232 2
4231 87
4230 12
4229 4
4228 42
4227 64
4226 86
4225 36
4224 90
4223 15
4222 16
4221 85
4220 40
4219 65
4218 67
4217 2
4216 22
4215 87
4214 39
4213 6
4212 50
4211 71
4210 62
4209 46
4208 78
4207 27
4206 93
4205 100
4204 63
4203 5
4202 90
4201 47
4200 87
4199 66
4198 66
4197 72
4196 20
4195 83
4194 73
4193 58
4192 42
4191 93
4190 7
4189 100
4188 12
4187 15
4186 25
4185 5
4184 29
4183 59
4182 7
4181 68
4180 32
4179 5
4178 55
4177 50
4176 11
4175 35
4174 77
4173 35
4172 52
4171 32
4170 61
4169 38
4168 49
4167 84
4166 100
4165 3
4164 81
4163 63
4162 46
4161 38
4160 9
4159 51
4158 83
4157 82
4156 10
4155 63
4154 23
4153 52
4152 81
4151 75
4150 59
4149 50
4148 11
4147 80
4146 11
4145 28
4144 45
4143 28
4142 53
4141 56
4140 36
4139 16
4138 31
4137 85
4136 29
4135 66
4134 68
4133 15
4132 82
4131 89
4130 63
4129 58
4128 33
4127 76
4126 98
4125 88
4124 27
4123 88
4122 100
4121 25
4120 76
4119 94
4118 16
4117 8
4116 1
4115 21
4114 54
4113 100
4112 56
4111 63
4110 39
4109 90
4108 34
4107 42
4106 22
4105 49
4104 34
4103 66
4102 47
4101 87
4100 24
4099 50
4098 4
4097 92
4096 90
4095 47
4094 10
4093 20
4092 79
4091 71
4090 72
4089 62
4088 84
4087 45
4086 16
4085 79
4084 9
4083 30
4082 16
4081 47
4080 68
4079 60
4078 29
4077 39
4076 10
4075 13
4074 7
4073 34
4072 29
4071 55
4070 97
4069 10
4068 9
4067 90
4066 2
4065 26
4064 86
4063 62
4062 25
4061 46
4060 73
4059 73
4058 73
4057 97
4056 82
4055 91
4054 88
4053 2
4052 36
4051 23
4050 11
4049 48
4048 36
4047 9
4046 13
4045 13
4044 43
4043 38
4042 61
4041 51
4040 79
4039 70
4038 11
4037 78
4036 65
4035 61
4034 47
4033 100
4032 29
4031 1
4030 43
4029 75
4028 40
4027 45
4026 64
4025 35
4024 99
4023 61
4022 10
4021 42
4020 9
4019 28
4018 1
4017 91
4016 39
4015 26
4014 72
4013 15
4012 36
4011 50
4010 96
4009 37
4008 96
4007 89
4006 58
4005 91
4004 89
4003 38
4002 81
4001 33
4000 74
3999 61
3998 95
3997 70
3996 87
3995 100
3994 34
3993 37
3992 97
3991 91
3990 13
3989 83
3988 90
3987 10
3986 79
3985 73
3984 70
3983 25
3982 1
3981 5
3980 25
3979 6
3978 15
3977 15
3976 12
3975 28
3974 57
3973 81
3972 42
3971 32
3970 33
3969 76
3968 51
3967 36
3966 27
3965 19
3964 78
3963 81
3962 36
3961 23
3960 66
3959 87
3958 20
3957 32
3956 16
3955 14
3954 19
3953 41
3952 36
3951 1
3950 55
3949 69
3948 83
3947 73
3946 28
3945 65
3944 97
3943 5
3942 85
3941 22
3940 14
3939 10
3938 44
3937 87
3936 64
3935 21
3934 95
3933 66
3932 71
3931 50
3930 70
3929 92
3928 14
3927 97
3926 94
3925 39
3924 52
3923 65
3922 79
3921 86
3920 84
3919 89
3918 78
3917 52
3916 19
3915 27
3914 39
3913 99
3912 13
3911 15
3910 68
3909 13
3908 7
3907 97
3906 71
3905 22
3904 9
3903 37
3902 98
3901 7
3900 48
3899 81
3898 10
3897 30
3896 7
3895 11
3894 4
3893 6
3892 1
3891 28
3890 56
3889 76
3888 68
3887 75
3886 95
3885 34
3884 68
3883 21
3882 99
3881 86
3880 38
3879 48
3878 80
3877 55
3876 21
3875 56
3874 38
3873 58
3872 22
3871 42
3870 7
3869 78
3868 2
3867 68
3866 48
3865 74
3864 74
3863 70
3862 95
3861 92
3860 36
3859 93
3858 37
3857 12
3856 13
3855 84
3854 49
3853 41
3852 47
3851 85
3850 38
3849 49
3848 44
3847 50
3846 2
3845 31
3844 38
3843 63
3842 3
3841 60
3840 86
3839 37
3838 68
3837 74
3836 82
3835 6
3834 4
3833 11
3832 88
3831 26
3830 62
3829 69
3828 17
3827 5
3826 46
3825 59
3824 94
3823 79
3822 68
3821 88
3820 37
3819 26
3818 91
3817 11
3816 51
3815 55
3814 93
3813 89
3812 95
3811 84
3810 81
3809 87
3808 69
3807 81
3806 72
3805 65
3804 94
3803 60
3802 99
3801 82
3800 86
3799 22
3798 73
3797 12
3796 94
3795 34
3794 100
3793 25
3792 60
3791 12
3790 20
3789 67
3788 51
3787 10
3786 29
3785 72
3784 4
3783 30
3782 15
3781 79
3780 87
3779 68
3778 34
3777 96
3776 46
3775 72
3774 28
3773 34
3772 35
3771 93
3770 46
3769 23
3768 67
3767 93
3766 40
3765 42
3764 72
3763 20
3762 100
3761 24
3760 52
3759 47
3758 51
3757 67
3756 76
3755 62
3754 33
3753 11
3752 50
3751 95
3750 77
3749 71
3748 43
3747 96
3746 28
3745 29
3744 67
3743 9
3742 68
3741 15
3740 47
3739 91
3738 86
3737 96
3736 16
3735 98
3734 50
3733 17
3732 50
3731 55
3730 77
3729 81
3728 40
3727 99
3726 79
3725 97
3724 42
3723 82
3722 28
3721 20
3720 48
3719 81
3718 26
3717 95
3716 79
3715 37
3714 91
3713 0
3712 89
3711 49
3710 31
3709 63
3708 20
3707 86
3706 0
3705 7
3704 85
3703 68
3702 87
3701 67
3700 33
3699 69
3698 98
3697 51
3696 0
3695 57
3694 49
3693 14
3692 32
3691 23
3690 54
3689 51
3688 73
3687 70
3686 22
3685 85
3684 99
3683 93
3682 60
3681 85
3680 33
3679 5
3678 34
3677 6
3676 5
3675 30
3674 33
3673 5
3672 28
3671 6
3670 86
3669 36
3668 70
3667 0
3666 16
3665 29
3664 64
3663 13
3662 41
3661 23
3660 16
3659 12
3658 54
3657 41
3656 58
3655 4
3654 2
3653 52
3652 74
3651 16
3650 10
3649 23
3648 14
3647 51
3646 59
3645 79
3644 70
3643 75
3642 32
3641 64
3640 97
3639 29
3638 72
3637 92
3636 49
3635 94
3634 67
3633 27
3632 91
3631 8
3630 58
3629 9
3628 92
3627 63
3626 12
3625 82
3624 54
3623 42
3622 93
3621 96
3620 38
3619 52
3618 29
3617 87
3616 38
3615 62
3614 36
3613 65
3612 54
3611 66
3610 17
3609 23
3608 51
3607 0
3606 2
3605 20
3604 42
3603 44
3602 62
3601 71
3600 63
3599 22
3598 81
3597 12
3596 20
3595 68
3594 8
3593 54
3592 42
3591 18
3590 68
3589 43
3588 89
3587 22
3586 45
3585 59
3584 93
3583 24
3582 32
3581 13
3580 13
3579 79
3578 88
3577 41
3576 69
3575 45
3574 21
3573 17
3572 36
3571 47
3570 31
3569 10
3568 94
3567 14
3566 6
3565 64
3564 36
3563 86
3562 68
3561 60
3560 50
3559 50
3558 37
3557 21
3556 69
3555 24
3554 31
3553 81
3552 65
3551 58
3550 29
3549 14
3548 88
3547 36
3546 41
3545 33
3544 3
3543 52
3542 82
3541 67
3540 94
3539 22
3538 39
3537 50
3536 53
3535 69
3534 39
3533 40
3532 47
3531 39
3530 91
3529 76
3528 60
3527 50
3526 71
3525 32
3524 3
3523 86
3522 32
3521 6
3520 85
3519 97
3518 32
3517 35
3516 31
3515 27
3514 36
3513 29
3512 2
3511 17
3510 60
3509 43
3508 17
3507 8
3506 31
3505 44
3504 21
3503 96
3502 70
3501 72
3500 42
3499 1
3498 2
3497 30
3496 92
3495 15
3494 52
3493 58
3492 97
3491 55
3490 1
3489 65
3488 31
3487 88
3486 82
3485 52
3484 63
3483 86
3482 6
3481 85
3480 14
3479 46
3478 63
3477 7
3476 26
3475 31
3474 36
3473 24
3472 14
3471 70
3470 21
3469 62
3468 60
3467 5
3466 25
3465 17
3464 70
3463 26
3462 78
3461 32
3460 31
3459 54
3458 88
3457 57
3456 93
3455 84
3454 85
3453 9
3452 77
3451 30
3450 72
3449 73
3448 82
3447 36
3446 56
3445 58
3444 23
3443 87
3442 62
3441 95
3440 40
3439 23
3438 96
3437 83
3436 27
3435 69
3434 68
3433 91
3432 66
3431 81
3430 5
3429 42
3428 92
3427 34
3426 73
3425 24
3424 63
3423 47
3422 54
3421 44
3420 13
3419 91
3418 12
3417 58
3416 29
3415 44
3414 58
3413 12
3412 48
3411 81
3410 41
3409 13
3408 66
3407 44
3406 64
3405 27
3404 65
3403 32
3402 0
3401 62
3400 34
3399 49
3398 60
3397 35
3396 15
3395 19
3394 89
3393 100
3392 24
3391 20
3390 68
3389 3
3388 84
3387 77
3386 69
3385 37
3384 38
3383 36
3382 20
3381 35
3380 87
3379 61
3378 75
3377 21
3376 41
3375 94
3374 96
3373 10
3372 57
3371 32
3370 91
3369 18
3368 13
3367 61
3366 47
3365 89
3364 80
3363 32
3362 53
3361 14
3360 30
3359 76
3358 34
3357 87
3356 56
3355 27
3354 39
3353 75
3352 10
3351 55
3350 7
3349 35
3348 62
3347 4
3346 63
3345 83
3344 34
3343 65
3342 86
3341 32
3340 87
3339 44
3338 8
3337 73
3336 89
3335 73
3334 33
3333 74
3332 77
3331 32
3330 49
3329 95
3328 70
3327 23
3326 13
3325 27
3324 100
3323 25
3322 100
3321 12
3320 55
3319 39
3318 95
3317 44
3316 89
3315 65
3314 62
3313 36
3312 32
3311 25
3310 97
3309 49
3308 44
3307 18
3306 73
3305 63
3304 60
3303 71
3302 53
3301 100
3300 58
3299 70
3298 63
3297 45
3296 43
3295 1
3294 72
3293 53
3292 87
3291 10
3290 62
3289 46
3288 100
3287 56
3286 35
3285 30
3284 38
3283 36
3282 26
3281 7
3280 42
3279 68
3278 30
3277 19
3276 93
3275 71
3274 33
3273 25
3272 30
3271 62
3270 97
3269 2
3268 97
3267 53
3266 90
3265 95
3264 46
3263 34
3262 67
3261 60
3260 49
3259 45
3258 11
3257 31
3256 86
3255 23
3254 5
3253 58
3252 70
3251 44
3250 15
3249 48
3248 31
3247 14
3246 78
3245 1
3244 75
3243 86
3242 82
3241 83
3240 1
3239 57
3238 85
3237 92
3236 98
3235 2
3234 3
3233 88
3232 99
3231 26
3230 97
3229 66
3228 35
3227 84
3226 89
3225 2
3224 32
3223 43
3222 61
3221 81
3220 63
3219 31
3218 47
3217 42
3216 28
3215 88
3214 69
3213 48
3212 80
3211 79
3210 76
3209 65
3208 64
3207 47
3206 56
3205 72
3204 14
3203 46
3202 29
3201 36
3200 85
3199 98
3198 38
3197 70
3196 14
3195 93
3194 23
3193 47
3192 34
3191 86
3190 34
3189 19
3188 30
3187 90
3186 23
3185 7
3184 6
3183 46
3182 69
3181 80
3180 53
3179 72
3178 25
3177 86
3176 16
3175 37
3174 13
3173 52
3172 47
3171 2
3170 74
3169 0
3168 97
3167 19
3166 64
3165 100
3164 49
3163 73
3162 25
3161 89
3160 80
3159 99
3158 73
3157 35
3156 91
3155 60
3154 30
3153 33
3152 52
3151 81
3150 98
3149 80
3148 23
3147 27
3146 56
3145 85
3144 82
3143 39
3142 9
3141 100
3140 56
3139 45
3138 34
3137 77
3136 68
3135 26
3134 39
3133 94
3132 83
3131 72
3130 52
3129 74
3128 25
3127 90
3126 55
3125 93
3124 20
3123 10
3122 43
3121 40
3120 50
3119 39
3118 76
3117 78
3116 48
3115 96
3114 99
3113 22
3112 31
3111 91
3110 33
3109 49
3108 83
3107 70
3106 55
3105 92
3104 37
3103 94
3102 96
3101 4
3100 61
3099 59
3098 22
3097 48
3096 20
3095 32
3094 50
3093 13
3092 38
3091 84
3090 41
3089 39
3088 27
3087 49
3086 19
3085 22
3084 10
3083 84
3082 93
3081 5
3080 89
3079 32
3078 59
3077 24
3076 22
3075 2
3074 65
3073 33
3072 63
3071 25
3070 90
3069 39
3068 41
3067 26
3066 31
3065 50
3064 1
3063 84
3062 85
3061 85
3060 60
3059 89
3058 58
3057 33
3056 5
3055 36
3054 27
3053 98
3052 90
3051 83
3050 13
3049 38
3048 54
3047 43
3046 69
3045 39
3044 98
3043 57
3042 8
3041 60
3040 48
3039 42
3038 40
3037 86
3036 23
3035 48
3034 95
3033 26
3032 26
3031 96
3030 55
3029 99
3028 28
3027 26
3026 82
3025 61
3024 82
3023 43
3022 23
3021 39
3020 0
3019 100
3018 86
3017 35
3016 99
3015 1
3014 42
3013 91
3012 96
3011 68
3010 40
3009 76
3008 40
3007 42
3006 75
3005 12
3004 11
3003 46
3002 50
3001 25
3000 47
2999 96
2998 9
2997 45
2996 77
2995 30
2994 87
2993 25
2992 21
2991 33
2990 16
2989 62
2988 25
2987 23
2986 50
2985 87
2984 22
2983 6
2982 40
2981 58
2980 66
2979 92
2978 84
2977 41
2976 39
2975 34
2974 30
2973 81
2972 95
2971 63
2970 55
2969 47
2968 20
2967 100
2966 78
2965 26
2964 29
2963 3
2962 9
2961 6
2960 40
2959 71
2958 55
2957 78
2956 50
2955 37
2954 77
2953 96
2952 45
2951 89
2950 63
2949 25
2948 78
2947 57
2946 64
2945 41
2944 57
2943 73
2942 94
2941 37
2940 93
2939 82
2938 52
2937 75
2936 65
2935 65
2934 15
2933 34
2932 10
2931 74
2930 64
2929 44
2928 32
2927 20
2926 64
2925 33
2924 36
2923 14
2922 43
2921 61
2920 86
2919 49
2918 45
2917 81
2916 47
2915 64
2914 29
2913 65
2912 77
2911 69
2910 93
2909 21
2908 86
2907 26
2906 80
2905 30
2904 47
2903 26
2902 72
2901 21
2900 82
2899 44
2898 2
2897 46
2896 62
2895 50
2894 42
2893 62
2892 52
2891 69
2890 88
2889 36
2888 23
2887 85
2886 5
2885 70
2884 85
2883 74
2882 78
2881 50
2880 98
2879 30
2878 36
2877 38
2876 9
2875 65
2874 31
2873 2
2872 50
2871 27
2870 27
2869 14
2868 99
2867 23
2866 38
2865 3
2864 60
2863 24
2862 8
2861 37
2860 81
2859 61
2858 21
2857 95
2856 3
2855 83
2854 81
2853 29
2852 9
2851 96
2850 79
2849 48
2848 18
2847 51
2846 90
2845 63
2844 69
2843 37
2842 92
2841 46
2840 8
2839 87
2838 49
2837 76
2836 88
2835 64
2834 92
2833 22
2832 47
2831 65
2830 47
2829 98
2828 45
2827 50
2826 93
2825 8
2824 91
2823 64
2822 80
2821 39
2820 29
2819 72
2818 0
2817 38
2816 35
2815 31
2814 49
2813 4
2812 81
2811 39
2810 47
2809 6
2808 19
2807 59
2806 35
2805 62
2804 71
2803 37
2802 26
2801 100
2800 76
2799 38
2798 24
2797 99
2796 23
2795 39
2794 36
2793 74
2792 42
2791 19
2790 47
2789 82
2788 75
2787 0
2786 23
2785 75
2784 8
2783 100
2782 10
2781 97
2780 5
2779 75
2778 44
2777 91
2776 23
2775 79
2774 33
2773 33
2772 24
2771 80
2770 43
2769 53
2768 89
2767 41
2766 14
2765 86
2764 37
2763 99
2762 9
2761 66
2760 88
2759 48
2758 90
2757 2
2756 69
2755 19
2754 68
2753 14
2752 21
2751 15
2750 30
2749 54
2748 6
2747 32
2746 29
2745 63
2744 98
2743 12
2742 35
2741 37
2740 11
2739 84
2738 64
2737 57
2736 92
2735 78
2734 25
2733 19
2732 29
2731 83
2730 85
2729 88
2728 96
2727 8
2726 42
2725 63
2724 59
2723 50
2722 5
2721 69
2720 95
2719 37
2718 64
2717 55
2716 0
2715 19
2714 89
2713 52
2712 78
2711 40
2710 41
2709 51
2708 13
2707 95
2706 38
2705 98
2704 58
2703 43
2702 1
2701 83
2700 93
2699 59
2698 88
2697 48
2696 20
2695 99
2694 93
2693 65
2692 5
2691 80
2690 52
2689 83
2688 70
2687 89
2686 46
2685 54
2684 27
2683 65
2682 48
2681 46
2680 34
2679 10
2678 12
2677 57
2676 2
2675 43
2674 79
2673 72
2672 67
2671 25
2670 29
2669 56
2668 77
2667 61
2666 94
2665 27
2664 94
2663 4
2662 53
2661 3
2660 39
2659 10
2658 8
2657 59
2656 40
2655 81
2654 23
2653 51
2652 87
2651 6
2650 38
2649 71
2648 69
2647 85
2646 18
2645 68
2644 51
2643 58
2642 44
2641 38
2640 46
2639 8
2638 11
2637 57
2636 14
2635 92
2634 80
2633 5
2632 36
2631 56
2630 50
2629 58
2628 45
2627 29
2626 50
2625 49
2624 25
2623 83
2622 69
2621 66
2620 93
2619 49
2618 6
2617 25
2616 38
2615 63
2614 71
2613 12
2612 78
2611 78
2610 91
2609 43
2608 16
2607 75
2606 52
2605 57
2604 66
2603 81
2602 23
2601 49
2600 41
2599 28
2598 1
2597 14
2596 75
2595 90
2594 36
2593 30
2592 90
2591 86
2590 31
2589 95
2588 59
2587 70
2586 87
2585 23
2584 34
2583 65
2582 65
2581 12
2580 62
2579 43
2578 73
2577 31
2576 33
2575 27
2574 8
2573 100
2572 77
2571 91
2570 87
2569 29
2568 19
2567 82
2566 39
2565 9
2564 20
2563 80
2562 93
2561 96
2560 65
2559 85
2558 15
2557 78
2556 69
2555 37
2554 88
2553 67
2552 45
2551 84
2550 23
2549 16
2548 73
2547 56
2546 37
2545 66
2544 71
2543 89
2542 86
2541 85
2540 86
2539 82
2538 31
2537 59
2536 77
2535 48
2534 19
2533 62
2532 89
2531 99
2530 87
2529 12
2528 30
2527 83
2526 26
2525 12
2524 42
2523 71
2522 91
2521 61
2520 18
2519 69
2518 59
2517 94
2516 82
2515 51
2514 37
2513 39
2512 38
2511 85
2510 63
2509 100
2508 88
2507 56
2506 6
2505 94
2504 18
2503 88
2502 19
2501 49
2500 98
2499 89
2498 44
2497 64
2496 18
2495 85
2494 72
2493 74
2492 26
2491 9
2490 98
2489 20
2488 68
2487 19
2486 41
2485 47
2484 3
2483 69
2482 50
2481 13
2480 29
2479 60
2478 38
2477 4
2476 71
2475 57
2474 99
2473 58
2472 61
2471 22
2470 11
2469 30
2468 43
2467 75
2466 50
2465 45
2464 12
2463 73
2462 70
2461 21
2460 10
2459 99
2458 7
2457 51
2456 83
2455 62
2454 2
2453 57
2452 22
2451 6
2450 27
2449 96
2448 43
2447 31
2446 90
2445 6
2444 78
2443 23
2442 96
2441 70
2440 58
2439 20
2438 95
2437 58
2436 50
2435 28
2434 97
2433 49
2432 47
2431 14
2430 77
2429 80
2428 63
2427 75
2426 64
2425 31
2424 45
2423 80
2422 30
2421 42
2420 31
2419 5
2418 67
2417 43
2416 75
2415 21
2414 1
2413 88
2412 82
2411 27
2410 8
2409 79
2408 50
2407 69
2406 40
2405 3
2404 33
2403 31
2402 57
2401 46
2400 56
2399 12
2398 55
2397 96
2396 68
2395 80
2394 86
2393 96
2392 19
2391 63
2390 56
2389 55
2388 73
2387 78
2386 13
2385 92
2384 68
2383 8
2382 73
2381 18
2380 43
2379 95
2378 74
2377 81
2376 14
2375 46
2374 60
2373 65
2372 78
2371 8
2370 53
2369 74
2368 56
2367 19
2366 96
2365 78
2364 43
2363 67
2362 31
2361 14
2360 82
2359 95
2358 30
2357 90
2356 52
2355 83
2354 99
2353 98
2352 77
2351 86
2350 42
2349 21
2348 84
2347 50
2346 18
2345 44
2344 72
2343 85
2342 48
2341 54
2340 84
2339 57
2338 66
2337 66
2336 21
2335 97
2334 78
2333 86
2332 90
2331 62
2330 57
2329 85
2328 19
2327 8
2326 0
2325 91
2324 51
2323 58
2322 6
2321 22
2320 28
2319 34
2318 17
2317 63
2316 82
2315 46
2314 97
2313 72
2312 78
2311 19
2310 19
2309 41
2308 70
2307 2
2306 37
2305 53
2304 85
2303 8
2302 55
2301 46
2300 66
2299 68
2298 73
2297 12
2296 75
2295 81
2294 2
2293 44
2292 84
2291 10
2290 82
2289 99
2288 50
2287 10
2286 9
2285 26
2284 75
2283 8
2282 62
2281 88
2280 49
2279 3
2278 21
2277 38
2276 87
2275 24
2274 0
2273 69
2272 69
2271 90
2270 36
2269 75
2268 16
2267 75
2266 16
2265 73
2264 59
2263 44
2262 59
2261 71
2260 86
2259 65
2258 47
2257 53
2256 36
2255 11
2254 31
2253 2
2252 90
2251 73
2250 46
2249 46
2248 51
2247 10
2246 78
2245 45
2244 73
2243 15
2242 60
2241 27
2240 2
2239 11
2238 2
2237 48
2236 27
2235 87
2234 70
2233 25
2232 37
2231 21
2230 85
2229 31
2228 41
2227 100
2226 30
2225 59
2224 82
2223 87
2222 50
2221 45
2220 80
2219 67
2218 33
2217 68
2216 54
2215 99
2214 61
2213 30
2212 88
2211 36
2210 43
2209 73
2208 44
2207 60
2206 84
2205 79
2204 43
2203 25
2202 22
2201 79
2200 90
2199 71
2198 7
2197 65
2196 51
2195 73
2194 50
2193 55
2192 13
2191 30
2190 59
2189 99
2188 84
2187 53
2186 16
2185 81
2184 87
2183 63
2182 75
2181 72
2180 32
2179 62
2178 47
2177 7
2176 85
2175 13
2174 93
2173 20
2172 1
2171 2
2170 76
2169 13
2168 11
2167 21
2166 95
2165 81
2164 34
2163 76
2162 74
2161 59
2160 70
2159 19
2158 3
2157 88
2156 31
2155 15
2154 73
2153 32
2152 85
2151 86
2150 66
2149 8
2148 39
2147 11
2146 93
2145 46
2144 22
2143 61
2142 39
2141 53
2140 2
2139 83
2138 95
2137 78
2136 80
2135 87
2134 49
2133 9
2132 66
2131 69
2130 5
2129 51
2128 65
2127 28
2126 73
2125 64
2124 72
2123 6
2122 95
2121 85
2120 70
2119 72
2118 1
2117 45
2116 83
2115 85
2114 25
2113 90
2112 54
2111 23
2110 89
2109 88
2108 22
2107 51
2106 6
2105 79
2104 39
2103 29
2102 30
2101 12
2100 61
2099 80
2098 27
2097 81
2096 34
2095 30
2094 25
2093 28
2092 9
2091 6
2090 71
2089 15
2088 1
2087 15
2086 53
2085 36
2084 62
2083 57
2082 9
2081 27
2080 5
2079 13
2078 30
2077 42
2076 33
2075 87
2074 2
2073 19
2072 12
2071 82
2070 68
2069 81
2068 12
2067 26
2066 41
2065 70
2064 78
2063 5
2062 30
2061 48
2060 31
2059 75
2058 23
2057 31
2056 45
2055 55
2054 8
2053 84
2052 3
2051 45
2050 24
2049 54
2048 78
2047 100
2046 70
2045 98
2044 41
2043 91
2042 96
2041 54
2040 62
2039 78
2038 97
2037 91
2036 90
2035 89
2034 47
2033 95
2032 73
2031 61
2030 68
2029 97
2028 11
2027 15
2026 31
2025 91
2024 57
2023 22
2022 58
2021 62
2020 29
2019 32
2018 57
2017 80
2016 58
2015 41
2014 88
2013 0
2012 13
2011 83
2010 43
2009 67
2008 14
2007 0
2006 23
2005 54
2004 15
2003 81
2002 7
2001 75
2000 50
1999 37
1998 81
1997 37
1996 35
1995 30
1994 0
1993 29
1992 78
1991 16
1990 7
1989 10
1988 26
1987 98
1986 56
1985 27
1984 91
1983 97
1982 89
1981 45
1980 0
1979 44
1978 96
1977 95
1976 35
1975 89
1974 85
1973 91
1972 37
1971 68
1970 6
1969 82
1968 84
1967 56
1966 21
1965 69
1964 37
1963 59
1962 65
1961 12
1960 46
1959 2
1958 100
1957 20
1956 1
1955 4
1954 62
1953 23
1952 82
1951 67
1950 29
1949 65
1948 48
1947 77
1946 44
1945 71
1944 36
1943 85
1942 60
1941 90
1940 49
1939 87
1938 60
1937 64
1936 36
1935 77
1934 6
1933 89
1932 66
1931 38
1930 61
1929 75
1928 28
1927 33
1926 99
1925 100
1924 40
1923 27
1922 61
1921 32
1920 45
1919 9
1918 19
1917 0
1916 5
1915 67
1914 18
1913 91
1912 52
1911 1
1910 50
1909 66
1908 68
1907 10
1906 83
1905 6
1904 14
1903 13
1902 47
1901 6
1900 12
1899 10
1898 67
1897 24
1896 53
1895 8
1894 40
1893 18
1892 60
1891 31
1890 39
1889 0
1888 100
1887 96
1886 11
1885 87
1884 15
1883 95
1882 29
1881 88
1880 32
1879 82
1878 9
1877 75
1876 31
1875 78
1874 90
1873 90
1872 57
1871 44
1870 44
1869 84
1868 5
1867 53
1866 87
1865 2
1864 37
1863 71
1862 57
1861 76
1860 84
1859 73
1858 3
1857 100
1856 76
1855 0
1854 1
1853 79
1852 7
1851 19
1850 21
1849 3
1848 3
1847 23
1846 9
1845 41
1844 83
1843 8
1842 76
1841 12
1840 94
1839 56
1838 31
1837 89
1836 86
1835 98
1834 25
1833 79
1832 52
1831 50
1830 95
1829 44
1828 62
1827 100
1826 68
1825 39
1824 23
1823 100
1822 34
1821 24
1820 7
1819 16
1818 37
1817 68
1816 95
1815 44
1814 21
1813 97
1812 77
1811 76
1810 24
1809 38
1808 100
1807 13
1806 76
1805 42
1804 27
1803 61
1802 12
1801 94
1800 12
1799 83
1798 38
1797 69
1796 65
1795 84
1794 74
1793 99
1792 8
1791 32
1790 73
1789 49
1788 40
1787 80
1786 25
1785 100
1784 84
1783 74
1782 99
1781 88
1780 73
1779 38
1778 41
1777 51
1776 63
1775 28
1774 36
1773 78
1772 40
1771 1
1770 85
1769 66
1768 69
1767 35
1766 36
1765 76
1764 26
1763 21
1762 36
1761 87
1760 10
1759 47
1758 64
1757 88
1756 26
1755 81
1754 66
1753 64
1752 73
1751 18
1750 81
1749 64
1748 81
1747 27
1746 42
1745 29
1744 7
1743 22
1742 37
1741 28
1740 31
1739 91
1738 15
1737 2
1736 94
1735 10
1734 19
1733 69
1732 2
1731 92
1730 61
1729 72
1728 73
1727 75
1726 96
1725 26
1724 36
1723 28
1722 93
1721 2
1720 8
1719 89
1718 23
1717 68
1716 95
1715 50
1714 34
1713 63
1712 99
1711 87
1710 4
1709 98
1708 73
1707 40
1706 34
1705 83
1704 69
1703 87
1702 99
1701 8
1700 34
1699 24
1698 96
1697 95
1696 86
1695 6
1694 62
1693 53
1692 71
1691 45
1690 81
1689 30
1688 1
1687 27
1686 57
1685 32
1684 86
1683 66
1682 87
1681 18
1680 33
1679 7
1678 54
1677 81
1676 61
1675 11
1674 1
1673 54
1672 32
1671 73
1670 19
1669 0
1668 66
1667 51
1666 41
1665 11
1664 56
1663 85
1662 43
1661 26
1660 92
1659 19
1658 57
1657 38
1656 95
1655 10
1654 32
1653 28
1652 35
1651 70
1650 21
1649 53
1648 19
1647 46
1646 95
1645 46
1644 51
1643 48
1642 26
1641 7
1640 99
1639 70
1638 93
1637 43
1636 100
1635 70
1634 61
1633 44
1632 82
1631 92
1630 29
1629 54
1628 22
1627 1
1626 40
1625 17
1624 31
1623 74
1622 3
1621 41
1620 78
1619 72
1618 3
1617 43
1616 74
1615 61
1614 35
1613 65
1612 51
1611 57
1610 52
1609 21
1608 65
1607 7
1606 54
1605 86
1604 69
1603 96
1602 98
1601 75
1600 5
1599 74
1598 1
1597 77
1596 64
1595 43
1594 14
1593 8
1592 99
1591 13
1590 52
1589 30
1588 4
1587 3
1586 76
1585 57
1584 97
1583 15
1582 30
1581 97
1580 87
1579 45
1578 12
1577 59
1576 25
1575 89
1574 58
1573 65
1572 88
1571 53
1570 46
1569 2
1568 10
1567 11
1566 42
1565 11
1564 10
1563 86
1562 18
1561 88
1560 5
1559 11
1558 58
1557 55
1556 45
1555 8
1554 65
1553 9
1552 45
1551 54
1550 95
1549 93
1548 96
1547 40
1546 55
1545 66
1544 78
1543 79
1542 45
1541 5
1540 83
1539 91
1538 30
1537 17
1536 96
1535 91
1534 77
1533 20
1532 81
1531 83
1530 78
1529 88
1528 79
1527 41
1526 42
1525 21
1524 52
1523 27
1522 0
1521 98
1520 78
1519 69
1518 93
1517 90
1516 62
1515 65
1514 41
1513 83
1512 28
1511 67
1510 67
1509 48
1508 31
1507 37
1506 10
1505 3
1504 23
1503 74
1502 49
1501 46
1500 82
1499 47
1498 84
1497 22
1496 81
1495 61
1494 90
1493 87
1492 52
1491 67
1490 28
1489 21
1488 66
1487 41
1486 96
1485 89
1484 41
1483 96
1482 69
1481 69
1480 31
1479 40
1478 55
1477 83
1476 19
1475 79
1474 90
1473 53
1472 49
1471 13
1470 18
1469 75
1468 62
1467 25
1466 80
1465 9
1464 20
1463 15
1462 80
1461 86
1460 77
1459 36
1458 15
1457 4
1456 75
1455 61
1454 84
1453 18
1452 61
1451 7
1450 84
1449 64
1448 87
1447 25
1446 53
1445 16
1444 39
1443 11
1442 51
1441 53
1440 25
1439 42
1438 62
1437 88
1436 87
1435 36
1434 1
1433 95
1432 47
1431 65
1430 86
1429 19
1428 82
1427 93
1426 43
1425 48
1424 45
1423 98
1422 81
1421 90
1420 12
1419 40
1418 39
1417 93
1416 75
1415 86
1414 14
1413 27
1412 0
1411 13
1410 0
1409 74
1408 83
1407 18
1406 1
1405 88
1404 74
1403 0
1402 11
1401 47
1400 78
1399 58
1398 99
1397 100
1396 25
1395 88
1394 60
1393 50
1392 12
1391 44
1390 65
1389 1
1388 83
1387 49
1386 80
1385 58
1384 90
1383 46
1382 5
1381 35
1380 92
1379 32
1378 28
1377 63
1376 56
1375 97
1374 65
1373 39
1372 24
1371 97
1370 33
1369 89
1368 35
1367 90
1366 78
1365 48
1364 28
1363 3
1362 21
1361 43
1360 91
1359 46
1358 42
1357 67
1356 51
1355 4
1354 41
1353 23
1352 24
1351 70
1350 5
1349 94
1348 14
1347 85
1346 18
1345 89
1344 18
1343 49
1342 71
1341 50
1340 3
1339 47
1338 9
1337 52
1336 50
1335 79
1334 58
1333 93
1332 54
1331 68
1330 60
1329 18
1328 29
1327 40
1326 76
1325 24
1324 15
1323 83
1322 9
1321 26
1320 74
1319 2
1318 11
1317 19
1316 32
1315 72
1314 9
1313 36
1312 93
1311 75
1310 53
1309 37
1308 19
1307 66
1306 55
1305 87
1304 84
1303 25
1302 16
1301 82
1300 52
1299 41
1298 35
1297 56
1296 69
1295 74
1294 66
1293 39
1292 23
1291 7
1290 20
1289 15
1288 53
1287 2
1286 38
1285 15
1284 37
1283 42
1282 66
1281 99
1280 42
1279 69
1278 6
1277 29
1276 60
1275 30
1274 40
1273 51
1272 40
1271 88
1270 66
1269 28
1268 7
1267 13
1266 20
1265 34
1264 39
1263 71
1262 20
1261 92
1260 34
1259 41
1258 28
1257 48
1256 52
1255 3
1254 97
1253 5
1252 48
1251 40
1250 7
1249 16
1248 2
1247 74
1246 66
1245 61
1244 16
1243 48
1242 35
1241 15
1240 68
1239 10
1238 13
1237 6
1236 28
1235 35
1234 33
1233 34
1232 75
1231 9
1230 14
1229 11
1228 13
1227 68
1226 80
1225 18
1224 55
1223 22
1222 21
1221 19
1220 42
1219 67
1218 5
1217 16
1216 62
1215 51
1214 84
1213 31
1212 69
1211 24
1210 10
1209 97
1208 82
1207 97
1206 96
1205 77
1204 33
1203 98
1202 70
1201 71
1200 90
1199 47
1198 3
1197 48
1196 95
1195 87
1194 52
1193 36
1192 61
1191 42
1190 24
1189 52
1188 8
1187 83
1186 81
1185 95
1184 39
1183 48
1182 70
1181 16
1180 33
1179 74
1178 76
1177 35
1176 13
1175 76
1174 28
1173 68
1172 81
1171 5
1170 53
1169 57
1168 68
1167 24
1166 26
1165 5
1164 9
1163 1
1162 2
1161 74
1160 93
1159 8
1158 87
1157 96
1156 71
1155 41
1154 63
1153 25
1152 24
1151 13
1150 59
1149 89
1148 89
1147 51
1146 100
1145 88
1144 12
1143 43
1142 25
1141 80
1140 6
1139 73
1138 74
1137 98
1136 69
1135 16
1134 30
1133 89
1132 81
1131 87
1130 76
1129 71
1128 81
1127 24
1126 48
1125 21
1124 0
1123 88
1122 85
1121 35
1120 9
1119 64
1118 10
1117 92
1116 80
1115 48
1114 4
1113 79
1112 6
1111 23
1110 100
1109 16
1108 50
1107 44
1106 93
1105 83
1104 58
1103 93
1102 13
1101 13
1100 84
1099 46
1098 62
1097 94
1096 69
1095 66
1094 5
1093 73
1092 61
1091 47
1090 44
1089 15
1088 49
1087 87
1086 39
1085 6
1084 90
1083 8
1082 48
1081 67
1080 50
1079 15
1078 71
1077 38
1076 67
1075 0
1074 28
1073 44
1072 13
1071 65
1070 64
1069 92
1068 44
1067 52
1066 43
1065 96
1064 62
1063 62
1062 63
1061 59
1060 48
1059 63
1058 89
1057 40
1056 47
1055 41
1054 8
1053 55
1052 92
1051 24
1050 100
1049 26
1048 30
1047 56
1046 79
1045 9
1044 5
1043 97
1042 3
1041 68
1040 65
1039 6
1038 44
1037 82
1036 28
1035 76
1034 89
1033 99
1032 59
1031 61
1030 37
1029 36
1028 59
1027 44
1026 81
1025 57
1024 32
1023 73
1022 88
1021 26
1020 48
1019 95
1018 13
1017 55
1016 23
1015 61
1014 13
1013 65
1012 24
1011 78
1010 85
1009 56
1008 35
1007 22
1006 5
1005 12
1004 6
1003 99
1002 45
1001 68
1000 27
999 25
998 41
997 69
996 27
995 33
994 11
993 54
992 4
991 26
990 35
989 0
988 66
987 45
986 98
985 53
984 53
983 64
982 79
981 5
980 37
979 32
978 9
977 30
976 13
975 93
974 88
973 12
972 15
971 43
970 33
969 53
968 69
967 18
966 58
965 14
964 41
963 52
962 62
961 59
960 64
959 95
958 49
957 30
956 17
955 50
954 74
953 37
952 23
951 19
950 45
949 51
948 76
947 20
946 35
945 83
944 74
943 42
942 3
941 0
940 15
939 62
938 79
937 6
936 87
935 50
934 63
933 75
932 76
931 62
930 52
929 11
928 6
927 16
926 54
925 23
924 45
923 31
922 67
921 58
920 17
919 10
918 92
917 15
916 81
915 41
914 53
913 83
912 82
911 5
910 53
909 63
908 20
907 6
906 16
905 19
904 83
903 77
902 27
901 87
900 72
899 14
898 62
897 51
896 78
895 66
894 99
893 52
892 34
891 36
890 95
889 77
888 17
887 53
886 12
885 5
884 33
883 72
882 51
881 49
880 81
879 21
878 16
877 10
876 25
875 50
874 24
873 92
872 52
871 36
870 8
869 37
868 89
867 0
866 81
865 61
864 91
863 87
862 42
861 18
860 99
859 63
858 4
857 60
856 45
855 37
854 84
853 48
852 89
851 51
850 68
849 86
848 75
847 25
846 80
845 100
844 64
843 62
842 5
841 12
840 40
839 64
838 30
837 51
836 5
835 64
834 91
833 66
832 59
831 30
830 15
829 60
828 69
827 58
826 23
825 21
824 91
823 32
822 49
821 70
820 19
819 100
818 80
817 53
816 84
815 3
814 36
813 99
812 75
811 73
810 89
809 93
808 36
807 44
806 68
805 38
804 73
803 23
802 49
801 25
800 10
799 98
798 61
797 72
796 98
795 28
794 20
793 49
792 5
791 96
790 69
789 8
788 51
787 12
786 66
785 93
784 60
783 9
782 58
781 46
780 18
779 51
778 53
777 29
776 27
775 8
774 32
773 81
772 0
771 73
770 2
769 4
768 71
767 49
766 22
765 28
764 26
763 26
762 73
761 61
760 5
759 12
758 64
757 72
756 15
755 26
754 6
753 27
752 86
751 10
750 72
749 57
748 16
747 73
746 34
745 21
744 16
743 74
742 53
741 82
740 67
739 67
738 30
737 81
736 98
735 97
734 80
733 40
732 9
731 53
730 20
729 59
728 9
727 71
726 84
725 31
724 1
723 62
722 64
721 17
720 23
719 100
718 8
717 55
716 33
715 38
714 88
713 57
712 41
711 61
710 70
709 78
708 0
707 93
706 63
705 95
704 15
703 83
702 70
701 94
700 66
699 98
698 57
697 90
696 91
695 70
694 96
693 30
692 39
691 6
690 99
689 20
688 86
687 98
686 55
685 23
684 77
683 45
682 68
681 12
680 21
679 78
678 85
677 91
676 45
675 78
674 50
673 96
672 9
671 84
670 6
669 30
668 87
667 61
666 38
665 70
664 59
663 62
662 42
661 60
660 96
659 93
658 61
657 37
656 87
655 26
654 14
653 4
652 21
651 9
650 100
649 27
648 2
647 23
646 17
645 41
644 0
643 94
642 44
641 78
640 45
639 33
638 97
637 46
636 29
635 84
634 64
633 13
632 23
631 63
630 82
629 84
628 40
627 3
626 51
625 71
624 21
623 34
622 37
621 95
620 37
619 47
618 92
617 21
616 5
615 24
614 61
613 62
612 80
611 64
610 5
609 97
608 78
607 98
606 24
605 93
604 15
603 59
602 73
601 98
600 89
599 24
598 100
597 61
596 71
595 33
594 69
593 36
592 83
591 64
590 53
589 18
588 42
587 63
586 86
585 60
584 62
583 55
582 3
581 43
580 74
579 93
578 43
577 19
576 1
575 10
574 60
573 36
572 7
571 47
570 47
569 56
568 30
567 15
566 64
565 85
564 97
563 27
562 48
561 8
560 10
559 40
558 83
557 28
556 6
555 71
554 74
553 21
552 58
551 25
550 94
549 46
548 34
547 3
546 50
545 88
544 72
543 92
542 3
541 81
540 53
539 46
538 33
537 16
536 36
535 97
534 53
533 25
532 0
531 33
530 50
529 61
528 53
527 23
526 79
525 52
524 33
523 90
522 17
521 45
520 100
519 82
518 20
517 12
516 62
515 0
514 17
513 77
512 81
511 22
510 49
509 52
508 14
507 57
506 35
505 60
504 56
503 32
502 4
501 46
500 30
499 86
498 87
497 77
496 77
495 90
494 47
493 68
492 92
491 0
490 11
489 57
488 54
487 85
486 20
485 81
484 46
483 71
482 61
481 35
480 62
479 7
478 61
477 3
476 93
475 79
474 91
473 65
472 30
471 98
470 91
469 29
468 73
467 98
466 27
465 16
464 6
463 51
462 68
461 91
460 73
459 82
458 35
457 67
456 46
455 24
454 92
453 90
452 80
451 3
450 97
449 58
448 56
447 59
446 99
445 4
444 10
443 65
442 18
441 1
440 13
439 64
438 46
437 78
436 83
435 2
434 64
433 86
432 36
431 93
430 21
429 91
428 51
427 37
426 25
425 51
424 20
423 44
422 66
421 59
420 25
419 94
418 3
417 37
416 37
415 68
414 83
413 28
412 85
411 35
410 16
409 44
408 80
407 35
406 4
405 85
404 64
403 83
402 70
401 32
400 38
399 42
398 90
397 17
396 70
395 66
394 100
393 32
392 70
391 15
390 65
389 66
388 88
387 93
386 65
385 8
384 95
383 99
382 48
381 58
380 56
379 85
378 36
377 72
376 98
375 69
374 9
373 89
372 45
371 63
370 12
369 81
368 13
367 12
366 59
365 57
364 10
363 69
362 2
361 14
360 68
359 43
358 33
357 15
356 31
355 3
354 56
353 21
352 49
351 65
350 70
349 45
348 50
347 92
346 4
345 80
344 79
343 48
342 98
341 87
340 66
339 18
338 57
337 82
336 35
335 23
334 64
333 35
332 5
331 90
330 34
329 84
328 14
327 54
326 67
325 86
324 52
323 65
322 53
321 55
320 22
319 5
318 44
317 99
316 53
315 47
314 12
313 52
312 27
311 67
310 32
309 75
308 23
307 78
306 100
305 81
304 7
303 71
302 36
301 75
300 39
299 84
298 38
297 65
296 68
295 20
294 14
293 1
292 51
291 42
290 19
289 36
288 10
287 69
286 76
285 64
284 54
283 75
282 99
281 74
280 75
279 72
278 74
277 77
276 40
275 16
274 11
273 62
272 77
271 43
270 18
269 11
268 70
267 41
266 31
265 74
264 61
263 69
262 76
261 3
260 63
259 4
258 9
257 69
256 66
255 94
254 82
253 77
252 78
251 93
250 64
249 75
248 38
247 82
246 94
245 33
244 49
243 38
242 90
241 70
240 93
239 80
238 63
237 57
236 51
235 22
234 34
233 90
232 48
231 55
230 0
229 61
228 89
227 19
226 91
225 96
224 62
223 3
222 38
221 60
220 36
219 20
218 37
217 43
216 30
215 28
214 63
213 43
212 100
211 13
210 15
209 60
208 25
207 15
206 59
205 18
204 26
203 19
202 41
201 30
200 57
199 87
198 59
197 68
196 80
195 92
194 72
193 68
192 65
191 35
190 86
189 68
188 11
187 54
186 16
185 8
184 71
183 11
182 58
181 70
180 90
179 73
178 19
177 75
176 98
175 95
174 31
173 42
172 55
171 35
170 87
169 13
168 70
167 83
166 8
165 23
164 0
163 79
162 61
161 88
160 16
159 70
158 30
157 79
156 29
155 71
154 56
153 56
152 70
151 41
150 97
149 68
148 44
147 96
146 56
145 89
144 42
143 15
142 15
141 31
140 31
139 40
138 93
137 80
136 29
135 16
134 65
133 28
132 33
131 73
130 90
129 26
128 94
127 38
126 40
125 23
124 20
123 89
122 65
121 44
120 88
119 56
118 92
117 64
116 85
115 82
114 78
113 45
112 62
111 97
110 70
109 36
108 79
107 94
106 36
105 41
104 51
103 57
102 72
101 26
100 97
99 71
98 1
97 37
96 42
95 34
94 45
93 38
92 12
91 92
90 15
89 24
88 27
87 38
86 79
85 6
84 56
83 20
82 97
81 66
80 65
79 81
78 93
77 45
76 7
75 47
74 5
73 94
72 92
71 64
70 40
69 3
68 83
67 89
66 43
65 56
64 96
63 16
62 55
61 51
60 3
59 13
58 67
57 26
56 75
55 66
54 87
53 23
52 67
51 41
50 35
49 50
48 29
47 29
46 75
45 14
44 37
43 25
42 73
41 16
40 59
39 11
38 88
37 27
36 62
35 63
34 80
33 93
32 60
31 8
30 60
29 21
28 10
27 46
26 94
25 17
24 72
23 58
22 15
21 56
20 25
19 63
18 36
17 1
16 4
15 88
14 96
13 63
12 20
11 6
10 55
9 34
8 75
7 2
6 9
5 76
4 41
3 92
2 54
1 7
0 51
