1000 97
999 98
998 25
997 75
996 59
995 78
994 37
993 47
992 3
991 98
990 61
989 57
988 51
987 17
986 75
985 17
984 45
983 7
982 95
981 86
980 51
979 26
978 27
977 93
976 83
975 66
974 62
973 17
972 80
971 77
970 61
969 12
968 27
967 13
966 69
965 45
964 44
963 97
962 63
961 29
960 46
959 22
958 11
957 14
956 18
955 89
954 24
953 85
952 50
951 98
950 77
949 48
948 51
947 47
946 22
945 61
944 6
943 4
942 49
941 43
940 82
939 45
938 30
937 88
936 89
935 8
934 10
933 83
932 17
931 5
930 24
929 85
928 26
927 3
926 58
925 79
924 64
923 100
922 60
921 63
920 7
919 87
918 10
917 100
916 82
915 24
914 29
913 18
912 56
911 68
910 50
909 60
908 94
907 55
906 10
905 12
904 27
903 94
902 68
901 48
900 11
899 19
898 12
897 55
896 4
895 52
894 24
893 79
892 34
891 30
890 49
889 78
888 67
887 83
886 45
885 2
884 10
883 96
882 90
881 46
880 39
879 88
878 31
877 48
876 1
875 86
874 32
873 20
872 48
871 28
870 99
869 60
868 58
867 2
866 28
865 70
864 97
863 48
862 92
861 96
860 29
859 51
858 49
857 22
856 71
855 9
854 64
853 74
852 48
851 27
850 88
849 53
848 44
847 67
846 87
845 32
844 38
843 67
842 34
841 38
840 71
839 64
838 94
837 33
836 63
835 35
834 23
833 25
832 59
831 91
830 82
829 26
828 30
827 66
826 9
825 13
824 77
823 72
822 97
821 33
820 88
819 15
818 91
817 39
816 54
815 17
814 53
813 30
812 0
811 27
810 49
809 46
808 72
807 67
806 91
805 88
804 61
803 37
802 67
801 14
800 97
799 26
798 98
797 14
796 75
795 28
794 98
793 13
792 88
791 82
790 64
789 57
788 73
787 25
786 70
785 68
784 85
783 72
782 3
781 33
780 1
779 3
778 95
777 69
776 44
775 5
774 29
773 54
772 100
771 50
770 86
769 47
768 48
767 64
766 28
765 15
764 19
763 98
762 60
761 88
760 66
759 17
758 2
757 15
756 56
755 88
754 56
753 99
752 78
751 68
750 31
749 36
748 10
747 73
746 60
745 95
744 54
743 85
742 62
741 91
740 65
739 57
738 95
737 39
736 30
735 73
734 17
733 84
732 73
731 32
730 96
729 10
728 34
727 10
726 0
725 14
724 95
723 85
722 71
721 21
720 22
719 45
718 19
717 36
716 14
715 35
714 41
713 54
712 45
711 34
710 48
709 61
708 40
707 78
706 32
705 82
704 29
703 57
702 93
701 72
700 56
699 60
698 75
697 60
696 73
695 86
694 32
693 17
692 59
691 6
690 30
689 56
688 76
687 8
686 7
685 0
684 34
683 70
682 28
681 40
680 36
679 83
678 28
677 20
676 69
675 70
674 80
673 79
672 72
671 57
670 88
669 81
668 8
667 13
666 33
665 1
664 17
663 13
662 14
661 47
660 88
659 78
658 83
657 27
656 28
655 13
654 26
653 49
652 75
651 40
650 77
649 74
648 69
647 91
646 82
645 66
644 20
643 22
642 99
641 69
640 56
639 87
638 2
637 53
636 39
635 9
634 75
633 26
632 86
631 34
630 19
629 96
628 86
627 52
626 95
625 30
624 11
623 36
622 41
621 7
620 21
619 53
618 0
617 15
616 50
615 99
614 40
613 96
612 94
611 35
610 49
609 44
608 62
607 0
606 47
605 89
604 94
603 66
602 89
601 38
600 65
599 6
598 87
597 43
596 32
595 4
594 6
593 68
592 51
591 78
590 29
589 28
588 99
587 85
586 11
585 62
584 45
583 28
582 7
581 60
580 51
579 64
578 46
577 29
576 7
575 30
574 94
573 1
572 76
571 90
570 74
569 78
568 0
567 21
566 50
565 61
564 75
563 97
562 55
561 85
560 23
559 90
558 0
557 28
556 53
555 71
554 84
553 46
552 92
551 42
550 7
549 64
548 100
547 93
546 46
545 44
544 2
543 49
542 9
541 66
540 13
539 8
538 75
537 76
536 76
535 65
534 95
533 81
532 52
531 4
530 44
529 45
528 27
527 13
526 46
525 90
524 58
523 96
522 1
521 24
520 73
519 85
518 35
517 56
516 30
515 23
514 100
513 71
512 5
511 11
510 71
509 64
508 72
507 32
506 27
505 25
504 63
503 70
502 75
501 56
500 14
499 91
498 47
497 27
496 27
495 31
494 34
493 72
492 76
491 6
490 55
489 7
488 78
487 49
486 5
485 100
484 1
483 74
482 65
481 33
480 42
479 76
478 54
477 69
476 87
475 33
474 49
473 42
472 28
471 61
470 50
469 22
468 70
467 62
466 92
465 38
464 10
463 20
462 2
461 70
460 81
459 99
458 61
457 4
456 77
455 56
454 75
453 31
452 85
451 54
450 90
449 11
448 69
447 47
446 35
445 90
444 9
443 48
442 69
441 77
440 75
439 28
438 51
437 4
436 59
435 84
434 38
433 10
432 80
431 47
430 58
429 64
428 98
427 23
426 30
425 45
424 66
423 28
422 51
421 11
420 62
419 46
418 54
417 45
416 55
415 69
414 80
413 11
412 2
411 4
410 74
409 23
408 13
407 71
406 69
405 5
404 92
403 38
402 44
401 81
400 63
399 75
398 12
397 59
396 76
395 71
394 88
393 86
392 85
391 49
390 45
389 82
388 33
387 68
386 80
385 27
384 83
383 21
382 28
381 38
380 53
379 36
378 95
377 70
376 59
375 18
374 3
373 72
372 42
371 1
370 22
369 91
368 62
367 5
366 61
365 17
364 40
363 69
362 85
361 18
360 34
359 0
358 56
357 21
356 92
355 7
354 69
353 25
352 36
351 87
350 48
349 33
348 59
347 84
346 40
345 16
344 63
343 36
342 66
341 93
340 12
339 19
338 14
337 95
336 41
335 36
334 20
333 43
332 46
331 94
330 50
329 8
328 73
327 38
326 88
325 45
324 41
323 74
322 81
321 97
320 96
319 44
318 7
317 26
316 47
315 58
314 28
313 5
312 77
311 72
310 81
309 63
308 16
307 10
306 34
305 71
304 98
303 81
302 17
301 94
300 15
299 67
298 40
297 64
296 48
295 63
294 58
293 62
292 35
291 13
290 58
289 21
288 100
287 98
286 53
285 76
284 53
283 83
282 50
281 6
280 33
279 83
278 36
277 36
276 24
275 40
274 46
273 54
272 68
271 44
270 37
269 82
268 100
267 93
266 66
265 24
264 64
263 72
262 22
261 12
260 73
259 16
258 1
257 70
256 8
255 39
254 78
253 48
252 3
251 38
250 86
249 32
248 77
247 37
246 3
245 3
244 80
243 74
242 93
241 13
240 16
239 58
238 81
237 28
236 100
235 79
234 4
233 96
232 56
231 40
230 88
229 66
228 10
227 88
226 98
225 23
224 98
223 10
222 51
221 4
220 65
219 78
218 20
217 60
216 75
215 67
214 34
213 78
212 64
211 11
210 51
209 31
208 64
207 39
206 96
205 78
204 44
203 4
202 39
201 30
200 10
199 8
198 90
197 97
196 95
195 37
194 49
193 56
192 23
191 60
190 14
189 12
188 50
187 52
186 51
185 25
184 0
183 63
182 68
181 18
180 99
179 9
178 35
177 36
176 89
175 39
174 3
173 3
172 56
171 6
170 3
169 18
168 76
167 38
166 80
165 50
164 81
163 69
162 65
161 73
160 57
159 4
158 5
157 96
156 70
155 37
154 16
153 86
152 74
151 11
150 41
149 74
148 37
147 57
146 40
145 17
144 77
143 83
142 72
141 30
140 47
139 35
138 23
137 99
136 21
135 7
134 8
133 95
132 38
131 93
130 56
129 44
128 14
127 55
126 42
125 7
124 34
123 2
122 66
121 23
120 42
119 84
118 11
117 30
116 53
115 28
114 46
113 32
112 74
111 69
110 49
109 57
108 94
107 70
106 6
105 71
104 35
103 77
102 100
101 55
100 79
99 69
98 54
97 24
96 57
95 41
94 38
93 46
92 70
91 85
90 39
89 52
88 41
87 64
86 22
85 4
84 23
83 65
82 13
81 49
80 58
79 25
78 18
77 88
76 17
75 73
74 44
73 34
72 23
71 50
70 8
69 38
68 61
67 34
66 67
65 74
64 59
63 71
62 13
61 23
60 85
59 64
58 52
57 91
56 6
55 61
54 0
53 85
52 4
51 33
50 0
49 56
48 4
47 21
46 66
45 39
44 74
43 65
42 10
41 62
40 13
39 90
38 95
37 41
36 62
35 68
34 63
33 64
32 46
31 13
30 97
29 44
28 53
27 53
26 4
25 56
24 95
23 24
22 79
21 79
20 76
19 2
18 2
17 40
16 43
15 6
14 77
13 52
12 80
11 2
10 71
9 91
8 1
7 46
6 9
5 43
4 91
3 73
2 17
1 76
0 27
