5000 92
4999 2
4998 39
4997 73
4996 8
4995 30
4994 55
4993 13
4992 25
4991 94
4990 96
4989 0
4988 54
4987 93
4986 20
4985 96
4984 29
4983 54
4982 48
4981 97
4980 69
4979 48
4978 68
4977 13
4976 5
4975 59
4974 69
4973 60
4972 60
4971 57
4970 59
4969 2
4968 42
4967 35
4966 0
4965 84
4964 22
4963 100
4962 89
4961 45
4960 41
4959 55
4958 29
4957 75
4956 37
4955 2
4954 65
4953 59
4952 4
4951 20
4950 67
4949 42
4948 97
4947 22
4946 28
4945 84
4944 36
4943 23
4942 86
4941 82
4940 34
4939 98
4938 30
4937 91
4936 78
4935 42
4934 4
4933 70
4932 91
4931 32
4930 65
4929 56
4928 19
4927 93
4926 76
4925 18
4924 65
4923 97
4922 86
4921 12
4920 81
4919 38
4918 43
4917 14
4916 75
4915 15
4914 83
4913 30
4912 42
4911 20
4910 48
4909 35
4908 56
4907 68
4906 98
4905 42
4904 95
4903 46
4902 1
4901 78
4900 38
4899 47
4898 63
4897 88
4896 73
4895 69
4894 34
4893 66
4892 2
4891 53
4890 87
4889 42
4888 60
4887 63
4886 80
4885 76
4884 64
4883 60
4882 62
4881 42
4880 44
4879 56
4878 83
4877 41
4876 14
4875 35
4874 95
4873 22
4872 33
4871 64
4870 48
4869 31
4868 32
4867 94
4866 69
4865 21
4864 29
4863 23
4862 8
4861 1
4860 87
4859 28
4858 55
4857 19
4856 95
4855 36
4854 72
4853 98
4852 8
4851 12
4850 33
4849 43
4848 51
4847 64
4846 82
4845 88
4844 63
4843 74
4842 5
4841 61
4840 38
4839 34
4838 52
4837 40
4836 59
4835 69
4834 18
4833 99
4832 14
4831 26
4830 80
4829 84
4828 82
4827 56
4826 18
4825 16
4824 83
4823 11
4822 91
4821 28
4820 82
4819 18
4818 57
4817 3
4816 64
4815 58
4814 95
4813 4
4812 49
4811 30
4810 74
4809 72
4808 39
4807 65
4806 70
4805 99
4804 48
4803 74
4802 75
4801 47
4800 52
4799 46
4798 93
4797 82
4796 88
4795 85
4794 91
4793 64
4792 49
4791 84
4790 33
4789 44
4788 97
4787 91
4786 45
4785 38
4784 78
4783 40
4782 31
4781 93
4780 51
4779 28
4778 44
4777 32
4776 11
4775 41
4774 89
4773 4
4772 31
4771 30
4770 53
4769 81
4768 86
4767 9
4766 22
4765 77
4764 30
4763 69
4762 44
4761 42
4760 29
4759 76
4758 54
4757 48
4756 24
4755 98
4754 86
4753 75
4752 63
4751 13
4750 94
4749 59
4748 68
4747 52
4746 90
4745 62
4744 25
4743 85
4742 90
4741 81
4740 83
4739 52
4738 50
4737 38
4736 100
4735 75
4734 53
4733 42
4732 50
4731 12
4730 23
4729 49
4728 2
4727 60
4726 31
4725 58
4724 4
4723 72
4722 33
4721 22
4720 12
4719 40
4718 88
4717 37
4716 48
4715 31
4714 45
4713 88
4712 9
4711 6
4710 31
4709 14
4708 90
4707 34
4706 43
4705 68
4704 36
4703 99
4702 32
4701 21
4700 61
4699 91
4698 22
4697 86
4696 29
4695 79
4694 53
4693 6
4692 23
4691 19
4690 20
4689 68
4688 71
4687 42
4686 67
4685 20
4684 67
4683 76
4682 21
4681 13
4680 75
4679 47
4678 9
4677 25
4676 10
4675 97
4674 2
4673 77
4672 78
4671 3
4670 83
4669 16
4668 13
4667 93
4666 3
4665 12
4664 0
4663 26
4662 33
4661 66
4660 27
4659 50
4658 88
4657 75
4656 88
4655 44
4654 52
4653 36
4652 12
4651 78
4650 26
4649 10
4648 7
4647 75
4646 51
4645 96
4644 27
4643 18
4642 0
4641 98
4640 27
4639 87
4638 14
4637 48
4636 29
4635 44
4634 11
4633 95
4632 65
4631 32
4630 48
4629 50
4628 33
4627 19
4626 88
4625 50
4624 94
4623 33
4622 84
4621 44
4620 53
4619 59
4618 2
4617 4
4616 67
4615 36
4614 32
4613 19
4612 87
4611 54
4610 43
4609 86
4608 51
4607 97
4606 91
4605 14
4604 73
4603 48
4602 68
4601 35
4600 97
4599 36
4598 34
4597 37
4596 37
4595 11
4594 45
4593 65
4592 66
4591 87
4590 51
4589 35
4588 17
4587 28
4586 36
4585 93
4584 82
4583 35
4582 8
4581 19
4580 1
4579 44
4578 21
4577 0
4576 15
4575 39
4574 34
4573 30
4572 87
4571 75
4570 50
4569 66
4568 75
4567 33
4566 13
4565 45
4564 24
4563 37
4562 91
4561 24
4560 81
4559 82
4558 87
4557 57
4556 81
4555 75
4554 44
4553 18
4552 76
4551 93
4550 37
4549 81
4548 70
4547 2
4546 17
4545 86
4544 32
4543 61
4542 22
4541 67
4540 41
4539 37
4538 100
4537 73
4536 6
4535 86
4534 72
4533 19
4532 83
4531 48
4530 18
4529 19
4528 57
4527 84
4526 5
4525 39
4524 37
4523 7
4522 49
4521 78
4520 46
4519 8
4518 37
4517 20
4516 95
4515 40
4514 81
4513 93
4512 18
4511 23
4510 86
4509 61
4508 46
4507 14
4506 66
4505 7
4504 56
4503 22
4502 69
4501 77
4500 69
4499 23
4498 85
4497 26
4496 52
4495 74
4494 41
4493 15
4492 45
4491 36
4490 80
4489 18
4488 53
4487 100
4486 84
4485 73
4484 88
4483 58
4482 43
4481 46
4480 36
4479 94
4478 58
4477 36
4476 66
4475 88
4474 18
4473 76
4472 23
4471 80
4470 2
4469 0
4468 59
4467 70
4466 55
4465 21
4464 54
4463 87
4462 61
4461 37
4460 88
4459 58
4458 32
4457 32
4456 94
4455 69
4454 65
4453 76
4452 32
4451 43
4450 38
4449 15
4448 13
4447 21
4446 68
4445 20
4444 15
4443 35
4442 71
4441 91
4440 56
4439 32
4438 32
4437 79
4436 78
4435 8
4434 10
4433 84
4432 50
4431 34
4430 43
4429 59
4428 40
4427 18
4426 35
4425 15
4424 41
4423 96
4422 76
4421 80
4420 71
4419 74
4418 31
4417 58
4416 15
4415 66
4414 53
4413 45
4412 39
4411 69
4410 23
4409 72
4408 51
4407 31
4406 66
4405 37
4404 19
4403 62
4402 50
4401 34
4400 99
4399 24
4398 3
4397 12
4396 58
4395 20
4394 25
4393 44
4392 48
4391 15
4390 81
4389 11
4388 91
4387 57
4386 20
4385 74
4384 91
4383 76
4382 38
4381 38
4380 86
4379 93
4378 92
4377 62
4376 83
4375 94
4374 65
4373 82
4372 72
4371 67
4370 93
4369 38
4368 12
4367 70
4366 49
4365 49
4364 98
4363 66
4362 66
4361 94
4360 85
4359 17
4358 74
4357 39
4356 47
4355 2
4354 46
4353 30
4352 67
4351 21
4350 12
4349 34
4348 96
4347 74
4346 60
4345 39
4344 62
4343 71
4342 48
4341 63
4340 98
4339 16
4338 51
4337 78
4336 4
4335 69
4334 10
4333 13
4332 65
4331 9
4330 83
4329 73
4328 53
4327 76
4326 38
4325 92
4324 73
4323 76
4322 68
4321 31
4320 98
4319 16
4318 32
4317 10
4316 12
4315 100
4314 11
4313 6
4312 15
4311 35
4310 80
4309 25
4308 35
4307 65
4306 22
4305 15
4304 48
4303 97
4302 72
4301 39
4300 26
4299 92
4298 2
4297 95
4296 55
4295 92
4294 79
4293 35
4292 49
4291 77
4290 95
4289 19
4288 49
4287 78
4286 56
4285 42
4284 11
4283 47
4282 52
4281 5
4280 91
4279 41
4278 94
4277 99
4276 71
4275 2
4274 60
4273 35
4272 3
4271 35
4270 83
4269 87
4268 43
4267 39
4266 9
4265 100
4264 11
4263 32
4262 76
4261 47
4260 94
4259 98
4258 38
4257 29
4256 42
4255 57
4254 9
4253 49
4252 52
4251 13
4250 81
4249 13
4248 33
4247 7
4246 100
4245 57
4244 4
4243 42
4242 65
4241 65
4240 22
4239 28
4238 26
4237 99
4236 8
4235 76
4234 4
4233 20
4232 2
4231 91
4230 28
4229 11
4228 22
4227 84
4226 84
4225 5
4224 69
4223 40
4222 73
4221 53
4220 49
4219 11
4218 18
4217 0
4216 71
4215 77
4214 20
4213 77
4212 60
4211 20
4210 83
4209 18
4208 52
4207 26
4206 41
4205 96
4204 76
4203 47
4202 19
4201 25
4200 54
4199 70
4198 0
4197 46
4196 40
4195 26
4194 67
4193 67
4192 92
4191 44
4190 49
4189 78
4188 95
4187 34
4186 49
4185 27
4184 76
4183 96
4182 16
4181 29
4180 42
4179 78
4178 98
4177 49
4176 15
4175 29
4174 71
4173 61
4172 84
4171 11
4170 29
4169 39
4168 11
4167 49
4166 98
4165 81
4164 60
4163 69
4162 88
4161 39
4160 90
4159 22
4158 35
4157 83
4156 71
4155 50
4154 20
4153 9
4152 41
4151 26
4150 12
4149 6
4148 83
4147 19
4146 52
4145 88
4144 62
4143 49
4142 84
4141 99
4140 71
4139 77
4138 54
4137 42
4136 65
4135 20
4134 57
4133 69
4132 76
4131 4
4130 61
4129 1
4128 21
4127 64
4126 83
4125 100
4124 15
4123 4
4122 22
4121 90
4120 57
4119 30
4118 33
4117 82
4116 100
4115 17
4114 73
4113 61
4112 61
4111 13
4110 41
4109 38
4108 29
4107 49
4106 28
4105 77
4104 29
4103 64
4102 48
4101 22
4100 58
4099 24
4098 52
4097 68
4096 30
4095 7
4094 2
4093 13
4092 5
4091 78
4090 28
4089 41
4088 7
4087 43
4086 51
4085 44
4084 100
4083 29
4082 59
4081 64
4080 58
4079 79
4078 57
4077 25
4076 42
4075 80
4074 90
4073 77
4072 66
4071 98
4070 33
4069 36
4068 12
4067 62
4066 70
4065 45
4064 100
4063 74
4062 43
4061 44
4060 28
4059 54
4058 10
4057 77
4056 3
4055 49
4054 4
4053 52
4052 12
4051 95
4050 31
4049 3
4048 16
4047 49
4046 74
4045 17
4044 27
4043 66
4042 71
4041 60
4040 35
4039 62
4038 70
4037 10
4036 59
4035 76
4034 84
4033 29
4032 56
4031 84
4030 90
4029 69
4028 75
4027 12
4026 52
4025 60
4024 60
4023 22
4022 97
4021 7
4020 52
4019 74
4018 54
4017 4
4016 20
4015 86
4014 33
4013 34
4012 31
4011 49
4010 42
4009 45
4008 56
4007 20
4006 9
4005 95
4004 37
4003 37
4002 96
4001 82
4000 17
3999 98
3998 38
3997 13
3996 50
3995 93
3994 70
3993 90
3992 55
3991 58
3990 66
3989 43
3988 17
3987 7
3986 15
3985 87
3984 89
3983 42
3982 56
3981 18
3980 30
3979 60
3978 90
3977 1
3976 60
3975 19
3974 90
3973 59
3972 99
3971 88
3970 1
3969 34
3968 93
3967 99
3966 84
3965 22
3964 8
3963 94
3962 60
3961 11
3960 53
3959 82
3958 31
3957 100
3956 22
3955 75
3954 39
3953 99
3952 95
3951 58
3950 65
3949 5
3948 46
3947 5
3946 52
3945 20
3944 17
3943 100
3942 43
3941 62
3940 31
3939 72
3938 84
3937 83
3936 23
3935 73
3934 22
3933 87
3932 2
3931 29
3930 31
3929 44
3928 19
3927 42
3926 18
3925 83
3924 59
3923 17
3922 1
3921 90
3920 89
3919 87
3918 32
3917 15
3916 42
3915 29
3914 85
3913 91
3912 65
3911 41
3910 25
3909 0
3908 31
3907 31
3906 11
3905 73
3904 41
3903 31
3902 29
3901 63
3900 92
3899 1
3898 55
3897 67
3896 3
3895 10
3894 22
3893 37
3892 93
3891 52
3890 75
3889 18
3888 24
3887 74
3886 13
3885 49
3884 27
3883 79
3882 45
3881 25
3880 69
3879 79
3878 79
3877 33
3876 11
3875 81
3874 14
3873 40
3872 41
3871 91
3870 55
3869 79
3868 0
3867 85
3866 97
3865 47
3864 27
3863 41
3862 14
3861 44
3860 58
3859 83
3858 66
3857 44
3856 69
3855 71
3854 39
3853 75
3852 4
3851 86
3850 20
3849 24
3848 83
3847 99
3846 8
3845 49
3844 55
3843 45
3842 70
3841 80
3840 1
3839 35
3838 30
3837 54
3836 98
3835 98
3834 79
3833 32
3832 93
3831 0
3830 21
3829 26
3828 20
3827 45
3826 63
3825 4
3824 68
3823 4
3822 55
3821 82
3820 72
3819 48
3818 67
3817 24
3816 86
3815 0
3814 74
3813 39
3812 37
3811 39
3810 82
3809 97
3808 16
3807 67
3806 86
3805 25
3804 30
3803 93
3802 49
3801 94
3800 95
3799 84
3798 88
3797 19
3796 68
3795 72
3794 66
3793 76
3792 100
3791 40
3790 60
3789 59
3788 91
3787 92
3786 85
3785 54
3784 42
3783 32
3782 62
3781 24
3780 28
3779 83
3778 48
3777 93
3776 5
3775 34
3774 84
3773 42
3772 45
3771 22
3770 76
3769 45
3768 10
3767 44
3766 73
3765 5
3764 77
3763 64
3762 34
3761 70
3760 85
3759 9
3758 85
3757 50
3756 13
3755 36
3754 21
3753 35
3752 42
3751 69
3750 90
3749 4
3748 32
3747 56
3746 92
3745 30
3744 17
3743 62
3742 30
3741 98
3740 23
3739 31
3738 96
3737 66
3736 98
3735 40
3734 59
3733 24
3732 95
3731 78
3730 15
3729 6
3728 20
3727 89
3726 75
3725 16
3724 74
3723 46
3722 29
3721 97
3720 63
3719 29
3718 69
3717 38
3716 39
3715 21
3714 74
3713 100
3712 27
3711 74
3710 100
3709 36
3708 51
3707 89
3706 42
3705 29
3704 40
3703 54
3702 99
3701 74
3700 43
3699 59
3698 80
3697 62
3696 35
3695 52
3694 13
3693 90
3692 36
3691 69
3690 61
3689 98
3688 79
3687 97
3686 10
3685 52
3684 76
3683 52
3682 33
3681 33
3680 35
3679 66
3678 38
3677 33
3676 53
3675 10
3674 33
3673 18
3672 94
3671 74
3670 47
3669 21
3668 67
3667 52
3666 22
3665 13
3664 64
3663 37
3662 5
3661 65
3660 45
3659 41
3658 79
3657 65
3656 62
3655 81
3654 64
3653 65
3652 75
3651 31
3650 82
3649 49
3648 60
3647 100
3646 50
3645 72
3644 7
3643 95
3642 38
3641 10
3640 56
3639 5
3638 22
3637 80
3636 66
3635 90
3634 93
3633 52
3632 18
3631 14
3630 87
3629 5
3628 99
3627 82
3626 73
3625 71
3624 60
3623 85
3622 81
3621 84
3620 41
3619 19
3618 59
3617 50
3616 66
3615 73
3614 21
3613 2
3612 88
3611 78
3610 37
3609 86
3608 99
3607 48
3606 22
3605 42
3604 76
3603 31
3602 18
3601 15
3600 0
3599 8
3598 9
3597 36
3596 89
3595 5
3594 60
3593 26
3592 31
3591 80
3590 91
3589 11
3588 71
3587 31
3586 5
3585 12
3584 51
3583 96
3582 71
3581 99
3580 82
3579 100
3578 94
3577 23
3576 88
3575 6
3574 35
3573 2
3572 34
3571 77
3570 43
3569 13
3568 91
3567 91
3566 64
3565 6
3564 30
3563 2
3562 54
3561 19
3560 27
3559 50
3558 34
3557 65
3556 33
3555 43
3554 100
3553 68
3552 95
3551 51
3550 0
3549 57
3548 8
3547 27
3546 46
3545 86
3544 1
3543 91
3542 75
3541 92
3540 95
3539 25
3538 6
3537 12
3536 68
3535 89
3534 73
3533 42
3532 91
3531 2
3530 57
3529 90
3528 29
3527 86
3526 6
3525 1
3524 1
3523 43
3522 7
3521 8
3520 53
3519 81
3518 100
3517 98
3516 43
3515 90
3514 30
3513 43
3512 38
3511 60
3510 76
3509 93
3508 86
3507 19
3506 43
3505 30
3504 11
3503 92
3502 55
3501 36
3500 46
3499 4
3498 78
3497 95
3496 3
3495 95
3494 56
3493 19
3492 51
3491 46
3490 69
3489 76
3488 94
3487 92
3486 56
3485 40
3484 44
3483 96
3482 67
3481 79
3480 90
3479 18
3478 11
3477 54
3476 31
3475 93
3474 70
3473 21
3472 68
3471 19
3470 96
3469 31
3468 98
3467 23
3466 89
3465 75
3464 4
3463 48
3462 93
3461 2
3460 11
3459 25
3458 27
3457 54
3456 50
3455 98
3454 90
3453 86
3452 80
3451 35
3450 55
3449 40
3448 28
3447 85
3446 41
3445 69
3444 35
3443 69
3442 69
3441 27
3440 21
3439 19
3438 15
3437 30
3436 19
3435 36
3434 56
3433 5
3432 100
3431 11
3430 26
3429 38
3428 38
3427 62
3426 25
3425 71
3424 21
3423 68
3422 54
3421 95
3420 36
3419 6
3418 73
3417 22
3416 8
3415 18
3414 10
3413 87
3412 70
3411 75
3410 46
3409 34
3408 16
3407 46
3406 26
3405 77
3404 68
3403 8
3402 53
3401 17
3400 43
3399 88
3398 6
3397 89
3396 50
3395 18
3394 20
3393 36
3392 22
3391 50
3390 96
3389 51
3388 77
3387 8
3386 34
3385 28
3384 33
3383 54
3382 17
3381 3
3380 95
3379 92
3378 9
3377 20
3376 67
3375 84
3374 0
3373 25
3372 48
3371 63
3370 18
3369 9
3368 35
3367 1
3366 62
3365 84
3364 23
3363 64
3362 91
3361 63
3360 8
3359 74
3358 46
3357 50
3356 95
3355 96
3354 98
3353 82
3352 10
3351 20
3350 99
3349 34
3348 71
3347 95
3346 85
3345 5
3344 23
3343 51
3342 36
3341 14
3340 87
3339 87
3338 50
3337 91
3336 36
3335 61
3334 74
3333 14
3332 65
3331 25
3330 63
3329 14
3328 20
3327 16
3326 44
3325 73
3324 14
3323 17
3322 96
3321 70
3320 42
3319 4
3318 9
3317 40
3316 86
3315 27
3314 69
3313 0
3312 60
3311 3
3310 40
3309 32
3308 14
3307 11
3306 92
3305 42
3304 91
3303 75
3302 15
3301 50
3300 64
3299 17
3298 34
3297 4
3296 4
3295 18
3294 17
3293 48
3292 11
3291 1
3290 80
3289 94
3288 61
3287 100
3286 27
3285 74
3284 29
3283 37
3282 66
3281 91
3280 56
3279 61
3278 69
3277 13
3276 0
3275 10
3274 77
3273 56
3272 14
3271 98
3270 96
3269 5
3268 77
3267 2
3266 8
3265 36
3264 17
3263 75
3262 31
3261 6
3260 28
3259 84
3258 24
3257 78
3256 11
3255 30
3254 19
3253 34
3252 82
3251 3
3250 71
3249 42
3248 58
3247 31
3246 16
3245 0
3244 61
3243 94
3242 36
3241 87
3240 87
3239 1
3238 30
3237 18
3236 64
3235 63
3234 70
3233 42
3232 78
3231 60
3230 64
3229 50
3228 31
3227 1
3226 6
3225 31
3224 70
3223 63
3222 64
3221 18
3220 59
3219 64
3218 75
3217 85
3216 4
3215 26
3214 64
3213 100
3212 80
3211 86
3210 35
3209 40
3208 2
3207 20
3206 53
3205 35
3204 23
3203 66
3202 0
3201 32
3200 62
3199 89
3198 79
3197 52
3196 65
3195 55
3194 16
3193 66
3192 45
3191 63
3190 28
3189 79
3188 30
3187 39
3186 41
3185 23
3184 36
3183 5
3182 50
3181 3
3180 40
3179 36
3178 66
3177 52
3176 43
3175 38
3174 90
3173 68
3172 1
3171 17
3170 59
3169 93
3168 50
3167 13
3166 28
3165 73
3164 85
3163 29
3162 10
3161 90
3160 51
3159 31
3158 14
3157 41
3156 31
3155 13
3154 7
3153 12
3152 62
3151 76
3150 58
3149 72
3148 4
3147 85
3146 6
3145 32
3144 94
3143 19
3142 1
3141 39
3140 20
3139 25
3138 86
3137 78
3136 84
3135 21
3134 81
3133 60
3132 51
3131 26
3130 90
3129 2
3128 60
3127 23
3126 90
3125 63
3124 79
3123 48
3122 26
3121 27
3120 16
3119 61
3118 27
3117 19
3116 5
3115 52
3114 36
3113 64
3112 46
3111 67
3110 92
3109 84
3108 99
3107 37
3106 25
3105 85
3104 77
3103 65
3102 89
3101 84
3100 38
3099 20
3098 61
3097 61
3096 65
3095 84
3094 6
3093 59
3092 81
3091 27
3090 29
3089 78
3088 3
3087 18
3086 20
3085 82
3084 77
3083 24
3082 83
3081 42
3080 60
3079 0
3078 19
3077 80
3076 58
3075 41
3074 78
3073 66
3072 29
3071 3
3070 40
3069 12
3068 66
3067 51
3066 53
3065 46
3064 49
3063 89
3062 26
3061 55
3060 19
3059 92
3058 65
3057 77
3056 96
3055 98
3054 41
3053 69
3052 74
3051 89
3050 88
3049 23
3048 95
3047 28
3046 8
3045 43
3044 28
3043 8
3042 36
3041 49
3040 67
3039 33
3038 84
3037 53
3036 48
3035 49
3034 47
3033 36
3032 33
3031 84
3030 89
3029 13
3028 91
3027 73
3026 94
3025 45
3024 89
3023 44
3022 78
3021 62
3020 91
3019 2
3018 16
3017 88
3016 80
3015 38
3014 92
3013 1
3012 73
3011 8
3010 83
3009 62
3008 18
3007 100
3006 5
3005 78
3004 67
3003 64
3002 34
3001 44
3000 1
2999 18
2998 46
2997 33
2996 23
2995 93
2994 53
2993 15
2992 51
2991 43
2990 30
2989 82
2988 5
2987 51
2986 8
2985 48
2984 78
2983 48
2982 85
2981 44
2980 39
2979 22
2978 74
2977 72
2976 46
2975 100
2974 83
2973 1
2972 60
2971 54
2970 50
2969 33
2968 65
2967 42
2966 61
2965 68
2964 14
2963 17
2962 52
2961 68
2960 19
2959 11
2958 63
2957 55
2956 91
2955 57
2954 74
2953 98
2952 26
2951 38
2950 73
2949 15
2948 64
2947 0
2946 83
2945 87
2944 23
2943 95
2942 86
2941 17
2940 71
2939 47
2938 34
2937 57
2936 43
2935 8
2934 84
2933 95
2932 44
2931 46
2930 32
2929 31
2928 56
2927 31
2926 40
2925 43
2924 46
2923 61
2922 34
2921 79
2920 6
2919 20
2918 79
2917 14
2916 42
2915 85
2914 65
2913 76
2912 56
2911 19
2910 22
2909 27
2908 8
2907 64
2906 7
2905 49
2904 14
2903 62
2902 100
2901 71
2900 48
2899 30
2898 23
2897 51
2896 26
2895 60
2894 90
2893 30
2892 98
2891 80
2890 37
2889 84
2888 14
2887 12
2886 18
2885 41
2884 16
2883 37
2882 77
2881 56
2880 52
2879 67
2878 36
2877 14
2876 2
2875 43
2874 70
2873 4
2872 46
2871 3
2870 66
2869 2
2868 97
2867 47
2866 4
2865 17
2864 69
2863 85
2862 44
2861 14
2860 58
2859 69
2858 24
2857 43
2856 6
2855 86
2854 38
2853 48
2852 89
2851 74
2850 97
2849 56
2848 7
2847 65
2846 2
2845 12
2844 5
2843 36
2842 8
2841 72
2840 32
2839 78
2838 34
2837 4
2836 65
2835 12
2834 88
2833 68
2832 12
2831 54
2830 49
2829 92
2828 48
2827 31
2826 66
2825 58
2824 71
2823 54
2822 2
2821 38
2820 62
2819 36
2818 82
2817 49
2816 38
2815 32
2814 28
2813 30
2812 56
2811 62
2810 9
2809 6
2808 48
2807 65
2806 41
2805 36
2804 10
2803 16
2802 40
2801 81
2800 94
2799 50
2798 84
2797 3
2796 45
2795 96
2794 45
2793 6
2792 6
2791 31
2790 100
2789 68
2788 35
2787 63
2786 70
2785 70
2784 26
2783 61
2782 1
2781 64
2780 20
2779 32
2778 70
2777 10
2776 70
2775 26
2774 50
2773 30
2772 42
2771 50
2770 1
2769 5
2768 52
2767 77
2766 73
2765 80
2764 33
2763 41
2762 21
2761 94
2760 67
2759 66
2758 29
2757 63
2756 25
2755 4
2754 20
2753 93
2752 7
2751 38
2750 48
2749 24
2748 27
2747 80
2746 6
2745 14
2744 13
2743 31
2742 25
2741 96
2740 96
2739 10
2738 37
2737 86
2736 59
2735 52
2734 82
2733 89
2732 2
2731 58
2730 32
2729 87
2728 7
2727 79
2726 43
2725 44
2724 77
2723 2
2722 62
2721 96
2720 54
2719 72
2718 16
2717 66
2716 18
2715 76
2714 48
2713 95
2712 78
2711 98
2710 90
2709 20
2708 4
2707 51
2706 14
2705 59
2704 89
2703 53
2702 77
2701 96
2700 94
2699 96
2698 45
2697 55
2696 34
2695 80
2694 34
2693 55
2692 99
2691 10
2690 10
2689 19
2688 87
2687 82
2686 84
2685 22
2684 60
2683 98
2682 45
2681 99
2680 37
2679 41
2678 82
2677 69
2676 40
2675 70
2674 18
2673 9
2672 25
2671 21
2670 60
2669 79
2668 55
2667 31
2666 18
2665 24
2664 54
2663 77
2662 77
2661 76
2660 60
2659 53
2658 97
2657 44
2656 49
2655 56
2654 4
2653 44
2652 26
2651 74
2650 35
2649 24
2648 66
2647 19
2646 35
2645 89
2644 43
2643 90
2642 98
2641 65
2640 49
2639 33
2638 72
2637 51
2636 39
2635 32
2634 34
2633 73
2632 52
2631 42
2630 81
2629 75
2628 38
2627 17
2626 34
2625 66
2624 16
2623 23
2622 42
2621 16
2620 57
2619 56
2618 56
2617 98
2616 86
2615 7
2614 84
2613 49
2612 32
2611 7
2610 72
2609 75
2608 49
2607 95
2606 0
2605 94
2604 57
2603 86
2602 85
2601 11
2600 90
2599 1
2598 71
2597 28
2596 64
2595 19
2594 58
2593 21
2592 33
2591 70
2590 73
2589 31
2588 16
2587 29
2586 84
2585 13
2584 12
2583 33
2582 24
2581 7
2580 4
2579 95
2578 75
2577 13
2576 22
2575 28
2574 63
2573 46
2572 28
2571 5
2570 98
2569 66
2568 79
2567 45
2566 41
2565 36
2564 53
2563 42
2562 40
2561 44
2560 83
2559 90
2558 82
2557 90
2556 83
2555 12
2554 51
2553 92
2552 21
2551 88
2550 75
2549 21
2548 38
2547 5
2546 94
2545 87
2544 34
2543 24
2542 54
2541 98
2540 53
2539 72
2538 2
2537 81
2536 46
2535 97
2534 98
2533 90
2532 67
2531 35
2530 40
2529 68
2528 45
2527 36
2526 93
2525 82
2524 90
2523 77
2522 56
2521 25
2520 11
2519 88
2518 54
2517 49
2516 25
2515 4
2514 40
2513 29
2512 27
2511 11
2510 72
2509 69
2508 66
2507 62
2506 17
2505 24
2504 52
2503 64
2502 81
2501 0
2500 57
2499 37
2498 69
2497 65
2496 39
2495 38
2494 52
2493 63
2492 20
2491 70
2490 53
2489 34
2488 58
2487 14
2486 21
2485 30
2484 75
2483 29
2482 53
2481 11
2480 55
2479 67
2478 77
2477 98
2476 89
2475 5
2474 35
2473 49
2472 83
2471 62
2470 12
2469 63
2468 42
2467 77
2466 84
2465 67
2464 3
2463 34
2462 85
2461 17
2460 85
2459 9
2458 64
2457 99
2456 32
2455 68
2454 10
2453 55
2452 42
2451 43
2450 34
2449 0
2448 39
2447 5
2446 56
2445 85
2444 41
2443 29
2442 95
2441 51
2440 76
2439 39
2438 20
2437 26
2436 70
2435 35
2434 68
2433 16
2432 96
2431 78
2430 75
2429 3
2428 59
2427 2
2426 44
2425 40
2424 3
2423 43
2422 19
2421 11
2420 68
2419 28
2418 81
2417 35
2416 86
2415 39
2414 27
2413 67
2412 55
2411 65
2410 27
2409 21
2408 85
2407 75
2406 10
2405 10
2404 75
2403 66
2402 71
2401 98
2400 39
2399 84
2398 11
2397 32
2396 34
2395 36
2394 32
2393 68
2392 46
2391 74
2390 91
2389 28
2388 36
2387 24
2386 47
2385 44
2384 77
2383 28
2382 80
2381 59
2380 37
2379 4
2378 16
2377 96
2376 67
2375 92
2374 1
2373 4
2372 88
2371 84
2370 69
2369 74
2368 18
2367 41
2366 28
2365 89
2364 99
2363 37
2362 51
2361 67
2360 28
2359 2
2358 25
2357 50
2356 46
2355 43
2354 82
2353 23
2352 71
2351 23
2350 19
2349 21
2348 16
2347 66
2346 96
2345 23
2344 92
2343 96
2342 94
2341 57
2340 42
2339 1
2338 14
2337 67
2336 16
2335 21
2334 8
2333 18
2332 25
2331 90
2330 28
2329 42
2328 6
2327 94
2326 45
2325 54
2324 34
2323 74
2322 12
2321 85
2320 74
2319 71
2318 16
2317 94
2316 85
2315 60
2314 27
2313 12
2312 95
2311 97
2310 37
2309 99
2308 33
2307 98
2306 15
2305 1
2304 71
2303 66
2302 85
2301 27
2300 92
2299 98
2298 41
2297 88
2296 97
2295 94
2294 55
2293 92
2292 82
2291 87
2290 45
2289 98
2288 46
2287 41
2286 65
2285 25
2284 41
2283 4
2282 64
2281 18
2280 16
2279 35
2278 4
2277 84
2276 76
2275 82
2274 32
2273 6
2272 43
2271 98
2270 35
2269 49
2268 44
2267 32
2266 71
2265 1
2264 57
2263 5
2262 89
2261 6
2260 99
2259 91
2258 21
2257 66
2256 20
2255 89
2254 69
2253 32
2252 25
2251 12
2250 9
2249 10
2248 72
2247 44
2246 23
2245 30
2244 75
2243 82
2242 30
2241 71
2240 32
2239 81
2238 9
2237 47
2236 95
2235 32
2234 54
2233 91
2232 82
2231 50
2230 26
2229 82
2228 64
2227 32
2226 73
2225 7
2224 52
2223 7
2222 79
2221 90
2220 46
2219 51
2218 2
2217 88
2216 50
2215 51
2214 51
2213 49
2212 65
2211 80
2210 25
2209 25
2208 7
2207 35
2206 17
2205 63
2204 51
2203 49
2202 41
2201 28
2200 63
2199 99
2198 24
2197 87
2196 43
2195 81
2194 41
2193 55
2192 84
2191 64
2190 89
2189 15
2188 76
2187 17
2186 34
2185 63
2184 52
2183 60
2182 6
2181 32
2180 66
2179 39
2178 54
2177 13
2176 50
2175 31
2174 14
2173 29
2172 57
2171 77
2170 87
2169 100
2168 46
2167 28
2166 42
2165 99
2164 27
2163 82
2162 1
2161 65
2160 40
2159 87
2158 11
2157 22
2156 36
2155 9
2154 52
2153 2
2152 98
2151 61
2150 51
2149 69
2148 34
2147 50
2146 100
2145 53
2144 10
2143 79
2142 16
2141 93
2140 71
2139 36
2138 47
2137 60
2136 36
2135 55
2134 32
2133 46
2132 46
2131 67
2130 76
2129 26
2128 33
2127 82
2126 18
2125 32
2124 15
2123 18
2122 100
2121 71
2120 66
2119 90
2118 80
2117 88
2116 38
2115 99
2114 65
2113 25
2112 47
2111 90
2110 7
2109 41
2108 66
2107 32
2106 39
2105 24
2104 77
2103 48
2102 84
2101 39
2100 74
2099 1
2098 86
2097 94
2096 38
2095 37
2094 28
2093 82
2092 76
2091 23
2090 75
2089 54
2088 38
2087 53
2086 43
2085 88
2084 57
2083 90
2082 57
2081 12
2080 13
2079 39
2078 18
2077 99
2076 91
2075 43
2074 47
2073 97
2072 79
2071 26
2070 88
2069 42
2068 11
2067 48
2066 30
2065 91
2064 9
2063 37
2062 19
2061 64
2060 64
2059 26
2058 59
2057 26
2056 35
2055 66
2054 69
2053 98
2052 32
2051 50
2050 35
2049 69
2048 55
2047 95
2046 60
2045 64
2044 76
2043 74
2042 16
2041 65
2040 46
2039 99
2038 74
2037 3
2036 84
2035 8
2034 69
2033 47
2032 69
2031 76
2030 94
2029 3
2028 73
2027 26
2026 30
2025 69
2024 5
2023 54
2022 16
2021 34
2020 92
2019 97
2018 75
2017 44
2016 57
2015 21
2014 92
2013 17
2012 65
2011 46
2010 33
2009 71
2008 62
2007 61
2006 92
2005 75
2004 96
2003 13
2002 62
2001 97
2000 31
1999 100
1998 33
1997 84
1996 81
1995 14
1994 79
1993 56
1992 28
1991 6
1990 39
1989 37
1988 41
1987 17
1986 96
1985 64
1984 5
1983 78
1982 79
1981 68
1980 2
1979 19
1978 23
1977 76
1976 32
1975 30
1974 59
1973 98
1972 89
1971 53
1970 16
1969 11
1968 70
1967 39
1966 39
1965 78
1964 66
1963 61
1962 44
1961 27
1960 2
1959 54
1958 66
1957 49
1956 7
1955 44
1954 74
1953 64
1952 93
1951 55
1950 24
1949 6
1948 95
1947 9
1946 71
1945 74
1944 24
1943 33
1942 36
1941 95
1940 96
1939 59
1938 91
1937 67
1936 20
1935 37
1934 98
1933 79
1932 68
1931 20
1930 83
1929 67
1928 87
1927 36
1926 34
1925 38
1924 15
1923 42
1922 84
1921 64
1920 10
1919 16
1918 20
1917 25
1916 77
1915 50
1914 52
1913 92
1912 29
1911 41
1910 52
1909 29
1908 100
1907 27
1906 36
1905 2
1904 60
1903 4
1902 59
1901 23
1900 96
1899 75
1898 30
1897 65
1896 28
1895 25
1894 76
1893 95
1892 71
1891 56
1890 84
1889 71
1888 14
1887 39
1886 30
1885 84
1884 51
1883 70
1882 62
1881 9
1880 24
1879 54
1878 28
1877 60
1876 50
1875 55
1874 67
1873 57
1872 21
1871 98
1870 16
1869 7
1868 48
1867 55
1866 23
1865 14
1864 3
1863 2
1862 6
1861 67
1860 30
1859 78
1858 49
1857 37
1856 76
1855 51
1854 42
1853 4
1852 20
1851 60
1850 56
1849 38
1848 50
1847 92
1846 97
1845 70
1844 26
1843 93
1842 63
1841 89
1840 43
1839 64
1838 95
1837 9
1836 6
1835 31
1834 14
1833 69
1832 44
1831 97
1830 92
1829 20
1828 23
1827 33
1826 62
1825 84
1824 78
1823 18
1822 38
1821 83
1820 2
1819 83
1818 75
1817 39
1816 60
1815 80
1814 34
1813 56
1812 45
1811 71
1810 67
1809 9
1808 74
1807 75
1806 33
1805 1
1804 81
1803 18
1802 15
1801 91
1800 58
1799 74
1798 63
1797 53
1796 8
1795 87
1794 58
1793 96
1792 61
1791 50
1790 75
1789 62
1788 8
1787 67
1786 93
1785 76
1784 87
1783 2
1782 65
1781 96
1780 58
1779 74
1778 58
1777 37
1776 59
1775 93
1774 52
1773 94
1772 100
1771 50
1770 71
1769 98
1768 18
1767 87
1766 53
1765 0
1764 80
1763 8
1762 37
1761 37
1760 14
1759 18
1758 45
1757 78
1756 26
1755 58
1754 86
1753 10
1752 39
1751 12
1750 82
1749 1
1748 33
1747 64
1746 7
1745 25
1744 89
1743 84
1742 81
1741 72
1740 34
1739 100
1738 87
1737 74
1736 53
1735 76
1734 48
1733 81
1732 68
1731 18
1730 83
1729 86
1728 43
1727 41
1726 85
1725 21
1724 4
1723 74
1722 46
1721 92
1720 96
1719 85
1718 68
1717 28
1716 4
1715 38
1714 49
1713 51
1712 33
1711 79
1710 99
1709 77
1708 21
1707 35
1706 25
1705 97
1704 72
1703 100
1702 84
1701 12
1700 96
1699 28
1698 53
1697 0
1696 30
1695 67
1694 94
1693 55
1692 81
1691 57
1690 91
1689 58
1688 83
1687 54
1686 95
1685 56
1684 25
1683 19
1682 29
1681 2
1680 66
1679 73
1678 4
1677 64
1676 8
1675 65
1674 27
1673 75
1672 61
1671 79
1670 75
1669 76
1668 61
1667 58
1666 84
1665 4
1664 61
1663 66
1662 30
1661 18
1660 36
1659 64
1658 14
1657 98
1656 48
1655 94
1654 0
1653 35
1652 86
1651 67
1650 78
1649 2
1648 46
1647 4
1646 31
1645 36
1644 64
1643 68
1642 51
1641 99
1640 10
1639 73
1638 71
1637 54
1636 79
1635 87
1634 23
1633 92
1632 9
1631 47
1630 2
1629 56
1628 33
1627 13
1626 70
1625 20
1624 6
1623 55
1622 8
1621 7
1620 93
1619 24
1618 58
1617 93
1616 51
1615 45
1614 30
1613 41
1612 22
1611 52
1610 94
1609 32
1608 11
1607 72
1606 57
1605 76
1604 39
1603 50
1602 85
1601 38
1600 60
1599 57
1598 43
1597 97
1596 77
1595 46
1594 57
1593 1
1592 91
1591 72
1590 46
1589 48
1588 23
1587 58
1586 89
1585 52
1584 3
1583 94
1582 24
1581 61
1580 72
1579 46
1578 48
1577 54
1576 87
1575 53
1574 76
1573 77
1572 4
1571 26
1570 24
1569 10
1568 92
1567 35
1566 66
1565 31
1564 22
1563 39
1562 10
1561 15
1560 47
1559 59
1558 21
1557 26
1556 1
1555 60
1554 70
1553 18
1552 81
1551 26
1550 1
1549 31
1548 30
1547 36
1546 6
1545 4
1544 57
1543 44
1542 60
1541 63
1540 78
1539 3
1538 7
1537 30
1536 24
1535 78
1534 33
1533 63
1532 79
1531 30
1530 27
1529 21
1528 45
1527 85
1526 26
1525 46
1524 51
1523 79
1522 62
1521 64
1520 55
1519 43
1518 11
1517 64
1516 25
1515 68
1514 18
1513 18
1512 78
1511 32
1510 26
1509 52
1508 50
1507 52
1506 37
1505 34
1504 60
1503 69
1502 68
1501 30
1500 28
1499 67
1498 91
1497 43
1496 59
1495 62
1494 28
1493 43
1492 5
1491 16
1490 42
1489 86
1488 79
1487 0
1486 68
1485 56
1484 55
1483 72
1482 72
1481 91
1480 5
1479 72
1478 41
1477 93
1476 88
1475 29
1474 96
1473 41
1472 66
1471 48
1470 51
1469 4
1468 99
1467 29
1466 4
1465 82
1464 95
1463 51
1462 93
1461 27
1460 89
1459 14
1458 48
1457 43
1456 39
1455 85
1454 88
1453 40
1452 61
1451 16
1450 73
1449 100
1448 2
1447 71
1446 13
1445 54
1444 88
1443 87
1442 21
1441 3
1440 4
1439 6
1438 57
1437 81
1436 55
1435 11
1434 52
1433 11
1432 20
1431 8
1430 87
1429 81
1428 63
1427 9
1426 29
1425 47
1424 87
1423 96
1422 2
1421 57
1420 47
1419 81
1418 58
1417 100
1416 41
1415 13
1414 26
1413 3
1412 89
1411 23
1410 98
1409 54
1408 79
1407 66
1406 10
1405 94
1404 16
1403 11
1402 74
1401 30
1400 90
1399 59
1398 96
1397 38
1396 70
1395 78
1394 57
1393 99
1392 96
1391 71
1390 74
1389 59
1388 43
1387 92
1386 87
1385 96
1384 47
1383 52
1382 1
1381 42
1380 71
1379 100
1378 8
1377 70
1376 55
1375 75
1374 51
1373 85
1372 52
1371 84
1370 30
1369 25
1368 52
1367 2
1366 3
1365 16
1364 11
1363 13
1362 66
1361 68
1360 46
1359 30
1358 43
1357 49
1356 78
1355 75
1354 8
1353 22
1352 4
1351 51
1350 63
1349 32
1348 46
1347 30
1346 75
1345 96
1344 74
1343 89
1342 7
1341 55
1340 8
1339 90
1338 13
1337 97
1336 26
1335 47
1334 58
1333 66
1332 26
1331 70
1330 3
1329 0
1328 57
1327 50
1326 30
1325 41
1324 66
1323 84
1322 14
1321 52
1320 66
1319 87
1318 2
1317 25
1316 79
1315 75
1314 24
1313 62
1312 32
1311 43
1310 63
1309 18
1308 42
1307 12
1306 16
1305 28
1304 34
1303 49
1302 11
1301 100
1300 0
1299 21
1298 61
1297 67
1296 79
1295 92
1294 89
1293 93
1292 10
1291 62
1290 28
1289 86
1288 30
1287 67
1286 10
1285 6
1284 87
1283 4
1282 3
1281 56
1280 86
1279 0
1278 18
1277 57
1276 54
1275 86
1274 55
1273 88
1272 63
1271 39
1270 29
1269 48
1268 7
1267 4
1266 18
1265 93
1264 6
1263 69
1262 78
1261 96
1260 41
1259 18
1258 39
1257 21
1256 24
1255 83
1254 42
1253 100
1252 48
1251 32
1250 99
1249 50
1248 63
1247 59
1246 84
1245 51
1244 65
1243 3
1242 35
1241 69
1240 81
1239 55
1238 14
1237 94
1236 18
1235 98
1234 11
1233 37
1232 51
1231 28
1230 28
1229 97
1228 75
1227 47
1226 83
1225 37
1224 78
1223 3
1222 50
1221 72
1220 50
1219 91
1218 61
1217 55
1216 58
1215 75
1214 35
1213 20
1212 23
1211 42
1210 84
1209 94
1208 51
1207 70
1206 3
1205 17
1204 11
1203 91
1202 39
1201 96
1200 27
1199 67
1198 60
1197 86
1196 13
1195 14
1194 33
1193 76
1192 11
1191 5
1190 83
1189 25
1188 74
1187 36
1186 73
1185 64
1184 45
1183 4
1182 27
1181 20
1180 18
1179 43
1178 87
1177 64
1176 4
1175 50
1174 75
1173 78
1172 75
1171 91
1170 21
1169 72
1168 4
1167 6
1166 53
1165 42
1164 60
1163 29
1162 2
1161 89
1160 84
1159 51
1158 54
1157 44
1156 62
1155 67
1154 16
1153 85
1152 96
1151 64
1150 51
1149 31
1148 64
1147 1
1146 57
1145 38
1144 3
1143 76
1142 94
1141 91
1140 17
1139 7
1138 40
1137 41
1136 40
1135 26
1134 41
1133 48
1132 72
1131 11
1130 21
1129 7
1128 75
1127 59
1126 38
1125 80
1124 88
1123 70
1122 59
1121 36
1120 85
1119 79
1118 64
1117 68
1116 18
1115 46
1114 12
1113 17
1112 3
1111 35
1110 41
1109 8
1108 6
1107 29
1106 96
1105 26
1104 71
1103 61
1102 65
1101 66
1100 35
1099 47
1098 26
1097 46
1096 43
1095 31
1094 44
1093 45
1092 32
1091 13
1090 99
1089 55
1088 39
1087 42
1086 45
1085 6
1084 43
1083 62
1082 48
1081 99
1080 35
1079 1
1078 36
1077 35
1076 40
1075 29
1074 7
1073 23
1072 98
1071 84
1070 97
1069 8
1068 11
1067 77
1066 30
1065 93
1064 78
1063 66
1062 11
1061 90
1060 5
1059 99
1058 95
1057 43
1056 6
1055 40
1054 83
1053 37
1052 26
1051 38
1050 52
1049 30
1048 50
1047 93
1046 58
1045 4
1044 50
1043 59
1042 37
1041 39
1040 84
1039 30
1038 78
1037 39
1036 95
1035 62
1034 30
1033 70
1032 84
1031 98
1030 15
1029 74
1028 41
1027 67
1026 100
1025 56
1024 97
1023 11
1022 19
1021 76
1020 16
1019 19
1018 50
1017 7
1016 57
1015 6
1014 11
1013 5
1012 41
1011 55
1010 83
1009 15
1008 48
1007 32
1006 51
1005 80
1004 92
1003 87
1002 67
1001 81
1000 15
999 95
998 98
997 30
996 97
995 22
994 25
993 28
992 76
991 8
990 4
989 89
988 56
987 90
986 25
985 0
984 90
983 48
982 4
981 88
980 95
979 54
978 66
977 35
976 46
975 59
974 73
973 97
972 95
971 16
970 50
969 93
968 24
967 70
966 41
965 60
964 61
963 77
962 32
961 82
960 38
959 29
958 27
957 76
956 53
955 59
954 2
953 52
952 61
951 24
950 98
949 24
948 1
947 22
946 24
945 72
944 74
943 11
942 55
941 69
940 20
939 47
938 46
937 38
936 61
935 61
934 69
933 75
932 8
931 88
930 71
929 93
928 27
927 84
926 62
925 46
924 87
923 10
922 40
921 18
920 81
919 65
918 58
917 19
916 68
915 30
914 61
913 30
912 58
911 15
910 83
909 34
908 11
907 73
906 57
905 58
904 65
903 52
902 49
901 84
900 89
899 41
898 13
897 16
896 5
895 61
894 64
893 78
892 54
891 20
890 81
889 32
888 33
887 48
886 7
885 6
884 81
883 75
882 100
881 60
880 4
879 65
878 74
877 54
876 59
875 57
874 93
873 19
872 30
871 36
870 95
869 45
868 89
867 62
866 19
865 70
864 32
863 67
862 2
861 66
860 19
859 6
858 21
857 53
856 11
855 18
854 81
853 93
852 78
851 80
850 31
849 92
848 34
847 8
846 98
845 18
844 32
843 52
842 4
841 55
840 0
839 46
838 41
837 46
836 81
835 43
834 72
833 3
832 28
831 63
830 50
829 28
828 29
827 11
826 68
825 5
824 18
823 42
822 63
821 20
820 10
819 70
818 31
817 50
816 77
815 79
814 47
813 71
812 57
811 16
810 50
809 98
808 40
807 29
806 76
805 40
804 60
803 27
802 55
801 63
800 50
799 3
798 44
797 64
796 3
795 88
794 74
793 30
792 52
791 47
790 67
789 86
788 12
787 68
786 4
785 20
784 82
783 61
782 34
781 39
780 67
779 18
778 83
777 10
776 60
775 26
774 85
773 5
772 76
771 10
770 80
769 46
768 83
767 15
766 32
765 34
764 27
763 47
762 66
761 63
760 89
759 46
758 16
757 98
756 67
755 26
754 34
753 26
752 58
751 51
750 66
749 50
748 8
747 3
746 97
745 84
744 94
743 54
742 81
741 74
740 54
739 34
738 66
737 41
736 76
735 75
734 28
733 68
732 48
731 41
730 59
729 28
728 27
727 7
726 45
725 36
724 99
723 14
722 53
721 93
720 31
719 72
718 89
717 99
716 47
715 46
714 11
713 75
712 97
711 100
710 54
709 36
708 76
707 97
706 49
705 0
704 90
703 19
702 50
701 48
700 3
699 49
698 16
697 89
696 89
695 2
694 66
693 8
692 47
691 10
690 87
689 25
688 61
687 55
686 38
685 78
684 99
683 67
682 7
681 72
680 89
679 83
678 33
677 23
676 11
675 16
674 47
673 92
672 5
671 98
670 64
669 97
668 30
667 57
666 3
665 45
664 81
663 74
662 79
661 45
660 86
659 8
658 96
657 65
656 71
655 41
654 56
653 46
652 91
651 6
650 22
649 22
648 87
647 94
646 1
645 3
644 52
643 23
642 75
641 87
640 58
639 19
638 56
637 38
636 29
635 41
634 91
633 24
632 16
631 76
630 66
629 91
628 28
627 41
626 80
625 2
624 15
623 88
622 22
621 85
620 50
619 53
618 84
617 13
616 19
615 69
614 62
613 43
612 27
611 95
610 30
609 29
608 73
607 38
606 96
605 26
604 86
603 49
602 36
601 49
600 67
599 78
598 16
597 34
596 84
595 8
594 8
593 63
592 23
591 49
590 39
589 90
588 55
587 96
586 24
585 93
584 66
583 40
582 50
581 17
580 44
579 50
578 50
577 0
576 63
575 45
574 66
573 21
572 73
571 22
570 100
569 41
568 62
567 29
566 30
565 39
564 24
563 56
562 0
561 51
560 68
559 46
558 79
557 59
556 16
555 79
554 2
553 41
552 33
551 55
550 71
549 66
548 98
547 3
546 8
545 71
544 95
543 52
542 26
541 89
540 74
539 35
538 1
537 20
536 33
535 22
534 39
533 0
532 4
531 1
530 10
529 100
528 94
527 29
526 10
525 41
524 15
523 34
522 40
521 13
520 38
519 42
518 78
517 86
516 16
515 95
514 93
513 77
512 45
511 19
510 63
509 22
508 32
507 18
506 65
505 52
504 99
503 27
502 19
501 85
500 30
499 67
498 73
497 49
496 32
495 65
494 51
493 52
492 9
491 47
490 26
489 29
488 18
487 40
486 42
485 1
484 23
483 17
482 76
481 91
480 57
479 50
478 76
477 20
476 47
475 71
474 86
473 88
472 91
471 78
470 33
469 88
468 45
467 94
466 87
465 88
464 71
463 65
462 5
461 14
460 98
459 76
458 88
457 79
456 9
455 42
454 100
453 14
452 1
451 55
450 41
449 45
448 100
447 51
446 26
445 51
444 96
443 41
442 80
441 77
440 32
439 0
438 61
437 3
436 27
435 73
434 21
433 100
432 11
431 11
430 29
429 73
428 47
427 1
426 4
425 67
424 73
423 71
422 22
421 89
420 0
419 58
418 1
417 47
416 46
415 94
414 49
413 74
412 67
411 12
410 85
409 88
408 13
407 70
406 52
405 26
404 43
403 15
402 98
401 4
400 19
399 48
398 6
397 21
396 13
395 29
394 1
393 34
392 69
391 2
390 65
389 52
388 15
387 48
386 71
385 83
384 97
383 88
382 89
381 80
380 26
379 81
378 24
377 91
376 21
375 27
374 54
373 14
372 77
371 37
370 59
369 28
368 63
367 64
366 53
365 45
364 61
363 21
362 62
361 99
360 81
359 92
358 71
357 38
356 9
355 70
354 93
353 52
352 48
351 40
350 77
349 90
348 24
347 4
346 72
345 85
344 67
343 33
342 71
341 59
340 16
339 26
338 48
337 16
336 67
335 60
334 12
333 48
332 74
331 79
330 66
329 32
328 3
327 30
326 55
325 0
324 13
323 9
322 98
321 18
320 50
319 99
318 86
317 73
316 1
315 88
314 19
313 17
312 73
311 49
310 76
309 95
308 12
307 15
306 3
305 67
304 67
303 27
302 27
301 85
300 62
299 30
298 24
297 54
296 97
295 23
294 37
293 75
292 91
291 14
290 78
289 85
288 33
287 86
286 39
285 21
284 69
283 23
282 86
281 17
280 49
279 16
278 97
277 91
276 64
275 77
274 10
273 35
272 76
271 4
270 11
269 8
268 36
267 26
266 79
265 32
264 74
263 2
262 0
261 80
260 52
259 21
258 85
257 99
256 91
255 9
254 56
253 43
252 87
251 15
250 53
249 24
248 70
247 36
246 3
245 1
244 47
243 48
242 17
241 4
240 14
239 69
238 0
237 4
236 33
235 7
234 19
233 33
232 33
231 65
230 55
229 28
228 9
227 55
226 58
225 42
224 71
223 33
222 86
221 87
220 20
219 49
218 14
217 60
216 2
215 44
214 12
213 98
212 25
211 58
210 51
209 22
208 86
207 16
206 32
205 66
204 44
203 57
202 74
201 45
200 75
199 73
198 26
197 51
196 68
195 61
194 30
193 47
192 85
191 29
190 10
189 36
188 90
187 51
186 81
185 94
184 63
183 50
182 63
181 9
180 13
179 40
178 34
177 61
176 54
175 8
174 38
173 46
172 6
171 46
170 48
169 19
168 37
167 44
166 64
165 22
164 59
163 76
162 39
161 33
160 62
159 81
158 42
157 16
156 70
155 92
154 2
153 22
152 42
151 44
150 0
149 32
148 26
147 48
146 31
145 93
144 65
143 73
142 99
141 34
140 84
139 37
138 35
137 12
136 87
135 56
134 87
133 70
132 85
131 8
130 15
129 43
128 19
127 42
126 85
125 1
124 13
123 41
122 12
121 76
120 75
119 99
118 73
117 4
116 29
115 0
114 90
113 45
112 100
111 4
110 81
109 65
108 44
107 80
106 45
105 53
104 21
103 48
102 64
101 19
100 2
99 47
98 66
97 22
96 41
95 76
94 15
93 55
92 85
91 78
90 86
89 1
88 84
87 31
86 67
85 47
84 27
83 46
82 51
81 6
80 71
79 49
78 100
77 57
76 72
75 94
74 68
73 71
72 62
71 74
70 95
69 57
68 12
67 50
66 16
65 67
64 44
63 49
62 52
61 23
60 100
59 40
58 54
57 73
56 74
55 43
54 47
53 76
52 80
51 6
50 94
49 13
48 60
47 98
46 100
45 12
44 65
43 23
42 60
41 89
40 59
39 86
38 52
37 23
36 58
35 92
34 71
33 60
32 22
31 15
30 85
29 51
28 25
27 32
26 6
25 87
24 57
23 42
22 87
21 80
20 84
19 100
18 2
17 86
16 53
15 53
14 91
13 52
12 2
11 29
10 61
9 42
8 91
7 61
6 36
5 99
4 100
3 66
2 35
1 28
0 3
