10000 17
9999 89
9998 20
9997 96
9996 32
9995 93
9994 56
9993 26
9992 27
9991 87
9990 13
9989 94
9988 96
9987 61
9986 63
9985 93
9984 2
9983 67
9982 43
9981 92
9980 63
9979 49
9978 85
9977 69
9976 70
9975 7
9974 52
9973 39
9972 85
9971 44
9970 16
9969 16
9968 91
9967 92
9966 5
9965 95
9964 24
9963 32
9962 98
9961 53
9960 7
9959 82
9958 95
9957 30
9956 28
9955 88
9954 20
9953 69
9952 94
9951 73
9950 27
9949 34
9948 60
9947 22
9946 3
9945 43
9944 6
9943 3
9942 68
9941 73
9940 23
9939 53
9938 19
9937 41
9936 20
9935 4
9934 73
9933 69
9932 69
9931 89
9930 82
9929 34
9928 84
9927 99
9926 81
9925 80
9924 19
9923 14
9922 80
9921 90
9920 47
9919 74
9918 9
9917 82
9916 98
9915 64
9914 55
9913 67
9912 87
9911 71
9910 18
9909 60
9908 34
9907 49
9906 84
9905 39
9904 56
9903 48
9902 76
9901 22
9900 15
9899 57
9898 40
9897 3
9896 61
9895 67
9894 42
9893 36
9892 66
9891 94
9890 64
9889 16
9888 69
9887 60
9886 70
9885 31
9884 22
9883 73
9882 17
9881 24
9880 23
9879 39
9878 10
9877 53
9876 71
9875 22
9874 79
9873 6
9872 68
9871 41
9870 89
9869 76
9868 16
9867 45
9866 18
9865 26
9864 100
9863 98
9862 67
9861 17
9860 34
9859 7
9858 39
9857 62
9856 16
9855 44
9854 60
9853 56
9852 32
9851 41
9850 23
9849 71
9848 36
9847 36
9846 38
9845 80
9844 76
9843 43
9842 80
9841 44
9840 62
9839 77
9838 26
9837 57
9836 93
9835 70
9834 18
9833 95
9832 88
9831 7
9830 72
9829 84
9828 88
9827 87
9826 20
9825 23
9824 11
9823 15
9822 15
9821 17
9820 31
9819 88
9818 92
9817 80
9816 45
9815 82
9814 68
9813 84
9812 1
9811 14
9810 61
9809 42
9808 36
9807 97
9806 93
9805 16
9804 10
9803 54
9802 20
9801 11
9800 50
9799 19
9798 59
9797 61
9796 6
9795 45
9794 84
9793 65
9792 31
9791 9
9790 76
9789 26
9788 18
9787 91
9786 64
9785 59
9784 54
9783 71
9782 37
9781 59
9780 3
9779 95
9778 21
9777 48
9776 91
9775 4
9774 14
9773 80
9772 7
9771 34
9770 21
9769 52
9768 9
9767 17
9766 25
9765 33
9764 72
9763 5
9762 93
9761 75
9760 76
9759 50
9758 9
9757 28
9756 85
9755 26
9754 52
9753 82
9752 25
9751 49
9750 58
9749 31
9748 98
9747 74
9746 85
9745 24
9744 88
9743 81
9742 91
9741 10
9740 62
9739 11
9738 62
9737 6
9736 56
9735 78
9734 82
9733 12
9732 11
9731 9
9730 74
9729 10
9728 73
9727 40
9726 68
9725 29
9724 49
9723 1
9722 24
9721 84
9720 35
9719 40
9718 66
9717 81
9716 94
9715 61
9714 70
9713 87
9712 27
9711 30
9710 27
9709 78
9708 49
9707 41
9706 100
9705 14
9704 67
9703 19
9702 93
9701 8
9700 96
9699 51
9698 6
9697 43
9696 96
9695 25
9694 58
9693 52
9692 70
9691 92
9690 45
9689 47
9688 20
9687 37
9686 65
9685 49
9684 55
9683 19
9682 32
9681 71
9680 4
9679 73
9678 68
9677 82
9676 42
9675 35
9674 72
9673 36
9672 66
9671 98
9670 64
9669 74
9668 72
9667 64
9666 51
9665 19
9664 17
9663 9
9662 90
9661 67
9660 21
9659 38
9658 9
9657 72
9656 81
9655 76
9654 24
9653 96
9652 100
9651 74
9650 10
9649 78
9648 89
9647 97
9646 65
9645 69
9644 99
9643 4
9642 35
9641 86
9640 35
9639 87
9638 11
9637 55
9636 51
9635 100
9634 71
9633 10
9632 78
9631 34
9630 39
9629 16
9628 52
9627 93
9626 29
9625 45
9624 95
9623 72
9622 81
9621 93
9620 2
9619 7
9618 47
9617 85
9616 78
9615 81
9614 47
9613 41
9612 14
9611 74
9610 99
9609 0
9608 100
9607 69
9606 44
9605 80
9604 97
9603 84
9602 21
9601 90
9600 21
9599 53
9598 78
9597 80
9596 45
9595 80
9594 27
9593 2
9592 1
9591 8
9590 37
9589 80
9588 99
9587 32
9586 80
9585 92
9584 79
9583 27
9582 66
9581 30
9580 46
9579 80
9578 100
9577 73
9576 60
9575 80
9574 29
9573 22
9572 62
9571 76
9570 62
9569 99
9568 15
9567 35
9566 33
9565 69
9564 51
9563 8
9562 40
9561 32
9560 89
9559 15
9558 86
9557 89
9556 85
9555 6
9554 38
9553 39
9552 59
9551 82
9550 34
9549 20
9548 100
9547 3
9546 1
9545 57
9544 75
9543 28
9542 49
9541 67
9540 34
9539 36
9538 6
9537 29
9536 69
9535 90
9534 39
9533 99
9532 28
9531 68
9530 95
9529 26
9528 16
9527 14
9526 90
9525 90
9524 33
9523 67
9522 39
9521 36
9520 98
9519 77
9518 13
9517 78
9516 68
9515 48
9514 8
9513 23
9512 82
9511 40
9510 86
9509 80
9508 93
9507 57
9506 65
9505 72
9504 68
9503 23
9502 51
9501 47
9500 18
9499 7
9498 63
9497 35
9496 46
9495 68
9494 47
9493 43
9492 96
9491 38
9490 68
9489 75
9488 100
9487 24
9486 25
9485 96
9484 88
9483 26
9482 28
9481 2
9480 68
9479 68
9478 81
9477 26
9476 37
9475 70
9474 49
9473 86
9472 46
9471 93
9470 84
9469 67
9468 38
9467 67
9466 96
9465 29
9464 5
9463 38
9462 25
9461 75
9460 48
9459 57
9458 15
9457 38
9456 13
9455 21
9454 41
9453 74
9452 15
9451 85
9450 95
9449 78
9448 55
9447 72
9446 21
9445 13
9444 6
9443 24
9442 8
9441 78
9440 31
9439 11
9438 84
9437 44
9436 97
9435 23
9434 23
9433 71
9432 62
9431 21
9430 5
9429 25
9428 7
9427 75
9426 34
9425 23
9424 16
9423 92
9422 37
9421 82
9420 98
9419 80
9418 25
9417 48
9416 59
9415 61
9414 20
9413 87
9412 56
9411 73
9410 35
9409 58
9408 70
9407 94
9406 25
9405 14
9404 30
9403 56
9402 6
9401 26
9400 56
9399 53
9398 30
9397 82
9396 9
9395 7
9394 20
9393 49
9392 91
9391 58
9390 57
9389 59
9388 48
9387 54
9386 80
9385 27
9384 30
9383 93
9382 46
9381 54
9380 96
9379 52
9378 56
9377 42
9376 91
9375 81
9374 6
9373 26
9372 6
9371 93
9370 65
9369 50
9368 23
9367 50
9366 94
9365 55
9364 28
9363 96
9362 11
9361 28
9360 49
9359 55
9358 68
9357 1
9356 22
9355 54
9354 26
9353 74
9352 39
9351 21
9350 57
9349 19
9348 57
9347 45
9346 26
9345 35
9344 76
9343 41
9342 28
9341 57
9340 64
9339 43
9338 36
9337 13
9336 33
9335 31
9334 43
9333 11
9332 59
9331 49
9330 13
9329 42
9328 40
9327 41
9326 65
9325 9
9324 46
9323 33
9322 98
9321 51
9320 47
9319 61
9318 100
9317 95
9316 86
9315 9
9314 22
9313 53
9312 77
9311 85
9310 50
9309 49
9308 65
9307 13
9306 62
9305 8
9304 14
9303 78
9302 78
9301 8
9300 43
9299 33
9298 79
9297 89
9296 43
9295 16
9294 2
9293 61
9292 54
9291 50
9290 54
9289 57
9288 9
9287 54
9286 10
9285 35
9284 99
9283 11
9282 28
9281 66
9280 1
9279 51
9278 29
9277 25
9276 46
9275 6
9274 32
9273 83
9272 42
9271 94
9270 63
9269 83
9268 20
9267 0
9266 2
9265 65
9264 37
9263 5
9262 70
9261 84
9260 83
9259 23
9258 81
9257 83
9256 39
9255 41
9254 35
9253 70
9252 54
9251 30
9250 85
9249 76
9248 43
9247 80
9246 26
9245 63
9244 87
9243 0
9242 86
9241 66
9240 69
9239 83
9238 85
9237 18
9236 21
9235 9
9234 49
9233 57
9232 61
9231 13
9230 61
9229 7
9228 73
9227 79
9226 88
9225 44
9224 71
9223 55
9222 76
9221 42
9220 35
9219 69
9218 4
9217 16
9216 22
9215 84
9214 99
9213 45
9212 31
9211 23
9210 77
9209 86
9208 86
9207 22
9206 6
9205 67
9204 97
9203 49
9202 58
9201 92
9200 86
9199 15
9198 22
9197 63
9196 56
9195 22
9194 37
9193 70
9192 45
9191 88
9190 28
9189 54
9188 48
9187 1
9186 48
9185 21
9184 30
9183 80
9182 71
9181 73
9180 12
9179 26
9178 26
9177 73
9176 59
9175 87
9174 33
9173 0
9172 77
9171 40
9170 79
9169 1
9168 5
9167 46
9166 61
9165 51
9164 84
9163 6
9162 45
9161 63
9160 36
9159 47
9158 66
9157 22
9156 79
9155 92
9154 66
9153 14
9152 17
9151 43
9150 13
9149 83
9148 81
9147 61
9146 73
9145 63
9144 5
9143 67
9142 95
9141 99
9140 67
9139 96
9138 58
9137 22
9136 14
9135 69
9134 68
9133 88
9132 47
9131 19
9130 84
9129 92
9128 23
9127 21
9126 11
9125 58
9124 17
9123 49
9122 70
9121 71
9120 59
9119 68
9118 29
9117 29
9116 69
9115 91
9114 8
9113 14
9112 34
9111 6
9110 11
9109 98
9108 87
9107 15
9106 45
9105 57
9104 55
9103 64
9102 1
9101 38
9100 99
9099 35
9098 78
9097 47
9096 75
9095 68
9094 41
9093 41
9092 77
9091 25
9090 98
9089 28
9088 57
9087 71
9086 97
9085 76
9084 79
9083 96
9082 20
9081 95
9080 25
9079 71
9078 66
9077 69
9076 31
9075 27
9074 94
9073 17
9072 67
9071 35
9070 8
9069 7
9068 35
9067 84
9066 75
9065 66
9064 84
9063 66
9062 65
9061 10
9060 92
9059 9
9058 47
9057 37
9056 86
9055 73
9054 79
9053 6
9052 46
9051 19
9050 70
9049 45
9048 88
9047 28
9046 18
9045 96
9044 43
9043 19
9042 76
9041 64
9040 3
9039 7
9038 18
9037 60
9036 83
9035 96
9034 54
9033 22
9032 39
9031 48
9030 59
9029 46
9028 63
9027 3
9026 68
9025 31
9024 83
9023 96
9022 83
9021 60
9020 10
9019 12
9018 92
9017 14
9016 42
9015 62
9014 14
9013 12
9012 19
9011 69
9010 94
9009 18
9008 76
9007 39
9006 6
9005 68
9004 40
9003 79
9002 19
9001 83
9000 20
8999 41
8998 5
8997 39
8996 50
8995 61
8994 21
8993 34
8992 75
8991 26
8990 29
8989 76
8988 32
8987 43
8986 57
8985 10
8984 51
8983 71
8982 95
8981 48
8980 17
8979 67
8978 4
8977 9
8976 40
8975 18
8974 88
8973 78
8972 24
8971 15
8970 14
8969 25
8968 93
8967 91
8966 94
8965 18
8964 24
8963 68
8962 34
8961 22
8960 82
8959 8
8958 34
8957 57
8956 64
8955 8
8954 55
8953 9
8952 49
8951 26
8950 45
8949 19
8948 27
8947 40
8946 44
8945 61
8944 37
8943 83
8942 24
8941 82
8940 82
8939 29
8938 89
8937 97
8936 25
8935 78
8934 58
8933 100
8932 22
8931 55
8930 83
8929 19
8928 66
8927 57
8926 33
8925 31
8924 83
8923 80
8922 15
8921 61
8920 9
8919 84
8918 17
8917 73
8916 91
8915 1
8914 57
8913 80
8912 46
8911 25
8910 56
8909 39
8908 59
8907 60
8906 7
8905 0
8904 85
8903 30
8902 41
8901 56
8900 56
8899 95
8898 41
8897 82
8896 82
8895 2
8894 89
8893 77
8892 83
8891 81
8890 66
8889 79
8888 16
8887 52
8886 65
8885 74
8884 38
8883 64
8882 1
8881 82
8880 65
8879 47
8878 14
8877 96
8876 76
8875 20
8874 90
8873 45
8872 3
8871 69
8870 94
8869 9
8868 46
8867 56
8866 93
8865 86
8864 72
8863 33
8862 66
8861 51
8860 40
8859 35
8858 78
8857 60
8856 76
8855 56
8854 78
8853 69
8852 44
8851 50
8850 54
8849 52
8848 88
8847 3
8846 63
8845 26
8844 95
8843 83
8842 53
8841 34
8840 33
8839 22
8838 76
8837 81
8836 56
8835 67
8834 4
8833 4
8832 73
8831 24
8830 66
8829 23
8828 90
8827 76
8826 42
8825 24
8824 93
8823 87
8822 97
8821 79
8820 39
8819 34
8818 92
8817 48
8816 54
8815 61
8814 10
8813 10
8812 15
8811 88
8810 87
8809 17
8808 5
8807 31
8806 52
8805 93
8804 11
8803 56
8802 68
8801 50
8800 58
8799 2
8798 89
8797 71
8796 8
8795 96
8794 33
8793 14
8792 60
8791 33
8790 93
8789 53
8788 100
8787 5
8786 9
8785 30
8784 62
8783 49
8782 92
8781 92
8780 85
8779 19
8778 65
8777 7
8776 79
8775 27
8774 16
8773 99
8772 92
8771 86
8770 97
8769 40
8768 57
8767 97
8766 24
8765 49
8764 62
8763 26
8762 35
8761 89
8760 5
8759 93
8758 40
8757 16
8756 98
8755 74
8754 75
8753 43
8752 50
8751 56
8750 95
8749 36
8748 42
8747 93
8746 20
8745 64
8744 21
8743 69
8742 27
8741 28
8740 100
8739 71
8738 25
8737 65
8736 20
8735 91
8734 74
8733 91
8732 2
8731 52
8730 61
8729 98
8728 92
8727 75
8726 33
8725 28
8724 28
8723 94
8722 24
8721 50
8720 74
8719 84
8718 40
8717 50
8716 32
8715 49
8714 98
8713 42
8712 83
8711 48
8710 29
8709 27
8708 42
8707 20
8706 43
8705 43
8704 51
8703 60
8702 56
8701 78
8700 96
8699 89
8698 60
8697 95
8696 8
8695 94
8694 8
8693 19
8692 96
8691 24
8690 62
8689 87
8688 57
8687 18
8686 79
8685 57
8684 12
8683 28
8682 21
8681 80
8680 36
8679 91
8678 46
8677 15
8676 51
8675 66
8674 80
8673 16
8672 88
8671 51
8670 91
8669 8
8668 66
8667 3
8666 24
8665 96
8664 74
8663 18
8662 15
8661 43
8660 43
8659 79
8658 64
8657 5
8656 68
8655 17
8654 84
8653 0
8652 87
8651 12
8650 88
8649 39
8648 72
8647 61
8646 6
8645 72
8644 21
8643 79
8642 29
8641 26
8640 86
8639 37
8638 93
8637 43
8636 32
8635 94
8634 48
8633 4
8632 37
8631 45
8630 79
8629 80
8628 82
8627 16
8626 92
8625 0
8624 100
8623 91
8622 53
8621 5
8620 88
8619 17
8618 39
8617 26
8616 37
8615 22
8614 99
8613 36
8612 18
8611 4
8610 2
8609 96
8608 15
8607 51
8606 10
8605 3
8604 68
8603 0
8602 50
8601 52
8600 21
8599 62
8598 20
8597 8
8596 19
8595 79
8594 1
8593 29
8592 19
8591 95
8590 2
8589 70
8588 62
8587 52
8586 85
8585 3
8584 79
8583 6
8582 26
8581 70
8580 66
8579 31
8578 11
8577 67
8576 94
8575 32
8574 79
8573 22
8572 12
8571 97
8570 57
8569 73
8568 37
8567 96
8566 69
8565 9
8564 27
8563 42
8562 3
8561 8
8560 41
8559 45
8558 46
8557 11
8556 51
8555 63
8554 9
8553 71
8552 16
8551 5
8550 32
8549 71
8548 13
8547 56
8546 42
8545 76
8544 32
8543 8
8542 9
8541 82
8540 11
8539 67
8538 72
8537 93
8536 62
8535 68
8534 29
8533 33
8532 9
8531 48
8530 48
8529 42
8528 48
8527 16
8526 59
8525 80
8524 78
8523 11
8522 0
8521 74
8520 39
8519 3
8518 11
8517 15
8516 8
8515 2
8514 36
8513 6
8512 20
8511 73
8510 2
8509 29
8508 12
8507 21
8506 79
8505 88
8504 32
8503 77
8502 73
8501 27
8500 0
8499 80
8498 94
8497 92
8496 62
8495 65
8494 64
8493 89
8492 14
8491 33
8490 96
8489 88
8488 1
8487 28
8486 3
8485 78
8484 51
8483 96
8482 95
8481 27
8480 88
8479 18
8478 25
8477 87
8476 9
8475 88
8474 96
8473 87
8472 30
8471 69
8470 24
8469 99
8468 77
8467 85
8466 75
8465 47
8464 63
8463 33
8462 4
8461 46
8460 67
8459 32
8458 0
8457 93
8456 49
8455 18
8454 72
8453 87
8452 85
8451 16
8450 79
8449 5
8448 36
8447 62
8446 81
8445 34
8444 86
8443 18
8442 30
8441 44
8440 47
8439 43
8438 27
8437 71
8436 60
8435 11
8434 40
8433 1
8432 63
8431 69
8430 97
8429 74
8428 80
8427 94
8426 10
8425 16
8424 70
8423 38
8422 56
8421 91
8420 7
8419 26
8418 42
8417 58
8416 87
8415 10
8414 6
8413 92
8412 43
8411 53
8410 22
8409 26
8408 82
8407 24
8406 15
8405 9
8404 60
8403 58
8402 65
8401 28
8400 57
8399 11
8398 79
8397 25
8396 3
8395 64
8394 99
8393 49
8392 47
8391 3
8390 82
8389 58
8388 86
8387 28
8386 32
8385 64
8384 27
8383 38
8382 38
8381 69
8380 16
8379 60
8378 44
8377 100
8376 80
8375 17
8374 59
8373 1
8372 19
8371 0
8370 5
8369 66
8368 63
8367 44
8366 39
8365 59
8364 34
8363 9
8362 6
8361 79
8360 97
8359 94
8358 82
8357 85
8356 80
8355 30
8354 43
8353 35
8352 78
8351 66
8350 23
8349 53
8348 53
8347 62
8346 0
8345 100
8344 2
8343 66
8342 50
8341 46
8340 27
8339 0
8338 51
8337 31
8336 2
8335 53
8334 0
8333 100
8332 50
8331 47
8330 29
8329 40
8328 52
8327 78
8326 35
8325 74
8324 16
8323 90
8322 6
8321 56
8320 19
8319 4
8318 46
8317 28
8316 5
8315 51
8314 45
8313 65
8312 11
8311 13
8310 32
8309 63
8308 29
8307 60
8306 50
8305 83
8304 14
8303 16
8302 18
8301 78
8300 65
8299 60
8298 77
8297 51
8296 55
8295 92
8294 87
8293 55
8292 34
8291 79
8290 47
8289 43
8288 42
8287 50
8286 32
8285 29
8284 53
8283 46
8282 65
8281 23
8280 11
8279 44
8278 61
8277 7
8276 86
8275 88
8274 46
8273 6
8272 64
8271 4
8270 10
8269 72
8268 40
8267 40
8266 65
8265 25
8264 98
8263 50
8262 45
8261 76
8260 38
8259 72
8258 30
8257 36
8256 94
8255 46
8254 87
8253 66
8252 11
8251 6
8250 19
8249 42
8248 37
8247 25
8246 19
8245 7
8244 83
8243 44
8242 82
8241 49
8240 20
8239 38
8238 93
8237 96
8236 63
8235 23
8234 38
8233 37
8232 76
8231 99
8230 5
8229 31
8228 75
8227 93
8226 75
8225 24
8224 37
8223 43
8222 100
8221 12
8220 65
8219 27
8218 4
8217 29
8216 82
8215 93
8214 25
8213 7
8212 23
8211 39
8210 37
8209 12
8208 38
8207 62
8206 14
8205 65
8204 49
8203 49
8202 67
8201 38
8200 53
8199 17
8198 13
8197 98
8196 1
8195 5
8194 64
8193 56
8192 90
8191 39
8190 1
8189 71
8188 55
8187 82
8186 13
8185 65
8184 15
8183 74
8182 26
8181 69
8180 49
8179 100
8178 83
8177 99
8176 65
8175 40
8174 66
8173 40
8172 24
8171 12
8170 72
8169 20
8168 70
8167 69
8166 12
8165 78
8164 13
8163 37
8162 82
8161 21
8160 61
8159 33
8158 90
8157 28
8156 54
8155 56
8154 52
8153 17
8152 94
8151 20
8150 58
8149 70
8148 100
8147 24
8146 64
8145 40
8144 23
8143 31
8142 84
8141 8
8140 84
8139 42
8138 22
8137 60
8136 71
8135 1
8134 9
8133 42
8132 73
8131 51
8130 91
8129 52
8128 4
8127 19
8126 43
8125 53
8124 6
8123 60
8122 85
8121 23
8120 15
8119 77
8118 16
8117 36
8116 34
8115 45
8114 20
8113 17
8112 49
8111 66
8110 3
8109 8
8108 39
8107 37
8106 95
8105 16
8104 2
8103 54
8102 19
8101 53
8100 20
8099 4
8098 54
8097 65
8096 12
8095 26
8094 68
8093 24
8092 79
8091 54
8090 34
8089 23
8088 75
8087 61
8086 96
8085 72
8084 1
8083 10
8082 92
8081 32
8080 74
8079 83
8078 71
8077 43
8076 4
8075 28
8074 40
8073 43
8072 29
8071 33
8070 64
8069 53
8068 22
8067 99
8066 41
8065 50
8064 80
8063 70
8062 41
8061 0
8060 75
8059 70
8058 13
8057 51
8056 59
8055 78
8054 48
8053 82
8052 28
8051 35
8050 77
8049 31
8048 1
8047 46
8046 94
8045 84
8044 76
8043 28
8042 15
8041 49
8040 62
8039 72
8038 74
8037 63
8036 7
8035 18
8034 51
8033 1
8032 46
8031 49
8030 5
8029 82
8028 72
8027 0
8026 45
8025 87
8024 72
8023 81
8022 0
8021 27
8020 91
8019 80
8018 12
8017 89
8016 86
8015 91
8014 97
8013 0
8012 38
8011 85
8010 78
8009 7
8008 27
8007 6
8006 25
8005 15
8004 66
8003 85
8002 38
8001 32
8000 82
7999 81
7998 2
7997 47
7996 12
7995 91
7994 8
7993 31
7992 78
7991 0
7990 21
7989 14
7988 12
7987 90
7986 16
7985 67
7984 68
7983 12
7982 50
7981 21
7980 17
7979 45
7978 24
7977 16
7976 57
7975 0
7974 4
7973 0
7972 36
7971 72
7970 26
7969 98
7968 78
7967 52
7966 64
7965 89
7964 82
7963 58
7962 13
7961 73
7960 67
7959 81
7958 94
7957 11
7956 4
7955 1
7954 36
7953 7
7952 98
7951 45
7950 56
7949 53
7948 44
7947 91
7946 52
7945 44
7944 11
7943 81
7942 6
7941 76
7940 65
7939 36
7938 34
7937 62
7936 77
7935 83
7934 62
7933 16
7932 85
7931 86
7930 67
7929 74
7928 3
7927 59
7926 96
7925 25
7924 63
7923 43
7922 36
7921 98
7920 36
7919 23
7918 20
7917 89
7916 99
7915 87
7914 32
7913 49
7912 99
7911 61
7910 32
7909 20
7908 77
7907 45
7906 83
7905 48
7904 87
7903 25
7902 56
7901 32
7900 32
7899 79
7898 95
7897 21
7896 1
7895 83
7894 82
7893 22
7892 52
7891 63
7890 65
7889 5
7888 0
7887 3
7886 46
7885 77
7884 43
7883 36
7882 10
7881 24
7880 20
7879 9
7878 21
7877 58
7876 57
7875 45
7874 43
7873 96
7872 58
7871 53
7870 64
7869 68
7868 29
7867 23
7866 97
7865 100
7864 82
7863 100
7862 83
7861 94
7860 3
7859 90
7858 76
7857 82
7856 7
7855 28
7854 8
7853 26
7852 92
7851 48
7850 8
7849 92
7848 47
7847 66
7846 8
7845 58
7844 38
7843 97
7842 6
7841 68
7840 44
7839 81
7838 8
7837 27
7836 78
7835 43
7834 52
7833 86
7832 85
7831 87
7830 35
7829 33
7828 71
7827 90
7826 41
7825 37
7824 85
7823 51
7822 58
7821 88
7820 73
7819 72
7818 32
7817 31
7816 93
7815 3
7814 52
7813 68
7812 71
7811 25
7810 25
7809 63
7808 68
7807 40
7806 99
7805 29
7804 6
7803 94
7802 94
7801 35
7800 8
7799 92
7798 91
7797 76
7796 96
7795 85
7794 87
7793 57
7792 44
7791 6
7790 31
7789 10
7788 93
7787 82
7786 5
7785 50
7784 79
7783 49
7782 65
7781 22
7780 5
7779 28
7778 12
7777 47
7776 62
7775 91
7774 37
7773 88
7772 86
7771 87
7770 31
7769 30
7768 23
7767 5
7766 65
7765 96
7764 68
7763 97
7762 77
7761 8
7760 29
7759 7
7758 25
7757 49
7756 62
7755 1
7754 47
7753 75
7752 66
7751 38
7750 33
7749 92
7748 40
7747 35
7746 37
7745 60
7744 82
7743 82
7742 30
7741 57
7740 40
7739 82
7738 10
7737 15
7736 91
7735 50
7734 92
7733 68
7732 2
7731 66
7730 62
7729 2
7728 84
7727 20
7726 21
7725 67
7724 21
7723 70
7722 9
7721 84
7720 47
7719 97
7718 77
7717 32
7716 25
7715 57
7714 90
7713 63
7712 69
7711 18
7710 37
7709 74
7708 72
7707 49
7706 25
7705 22
7704 49
7703 69
7702 20
7701 39
7700 95
7699 20
7698 75
7697 73
7696 72
7695 100
7694 61
7693 31
7692 34
7691 81
7690 19
7689 39
7688 100
7687 29
7686 70
7685 49
7684 68
7683 90
7682 0
7681 77
7680 9
7679 46
7678 18
7677 50
7676 55
7675 96
7674 56
7673 57
7672 5
7671 51
7670 51
7669 10
7668 2
7667 81
7666 87
7665 44
7664 42
7663 68
7662 39
7661 40
7660 64
7659 34
7658 54
7657 6
7656 36
7655 97
7654 64
7653 22
7652 24
7651 38
7650 32
7649 48
7648 81
7647 4
7646 30
7645 46
7644 0
7643 25
7642 70
7641 8
7640 68
7639 46
7638 79
7637 67
7636 40
7635 58
7634 13
7633 23
7632 12
7631 88
7630 24
7629 30
7628 3
7627 96
7626 17
7625 58
7624 87
7623 99
7622 73
7621 80
7620 89
7619 97
7618 99
7617 45
7616 96
7615 1
7614 99
7613 98
7612 99
7611 30
7610 11
7609 17
7608 75
7607 64
7606 80
7605 96
7604 34
7603 88
7602 82
7601 67
7600 73
7599 84
7598 24
7597 63
7596 19
7595 98
7594 17
7593 95
7592 37
7591 50
7590 60
7589 36
7588 40
7587 81
7586 70
7585 84
7584 94
7583 17
7582 75
7581 60
7580 33
7579 60
7578 54
7577 96
7576 3
7575 98
7574 64
7573 70
7572 50
7571 83
7570 16
7569 83
7568 66
7567 17
7566 43
7565 82
7564 63
7563 77
7562 45
7561 7
7560 100
7559 27
7558 21
7557 9
7556 54
7555 85
7554 30
7553 80
7552 39
7551 5
7550 88
7549 74
7548 63
7547 75
7546 44
7545 82
7544 7
7543 14
7542 81
7541 29
7540 54
7539 27
7538 9
7537 74
7536 92
7535 46
7534 54
7533 13
7532 88
7531 1
7530 18
7529 34
7528 83
7527 7
7526 5
7525 7
7524 0
7523 90
7522 42
7521 94
7520 97
7519 52
7518 31
7517 44
7516 84
7515 48
7514 33
7513 41
7512 65
7511 83
7510 84
7509 30
7508 10
7507 94
7506 56
7505 9
7504 83
7503 35
7502 62
7501 57
7500 55
7499 59
7498 32
7497 23
7496 16
7495 74
7494 90
7493 52
7492 9
7491 59
7490 93
7489 10
7488 75
7487 61
7486 73
7485 69
7484 90
7483 23
7482 45
7481 3
7480 92
7479 9
7478 50
7477 84
7476 44
7475 52
7474 99
7473 77
7472 16
7471 59
7470 15
7469 61
7468 8
7467 94
7466 68
7465 86
7464 44
7463 58
7462 68
7461 42
7460 93
7459 95
7458 87
7457 12
7456 87
7455 68
7454 23
7453 0
7452 82
7451 16
7450 58
7449 46
7448 100
7447 56
7446 97
7445 30
7444 46
7443 89
7442 72
7441 63
7440 86
7439 86
7438 12
7437 67
7436 14
7435 82
7434 13
7433 22
7432 79
7431 41
7430 56
7429 96
7428 60
7427 41
7426 17
7425 7
7424 12
7423 18
7422 39
7421 69
7420 72
7419 73
7418 22
7417 78
7416 83
7415 13
7414 7
7413 77
7412 72
7411 38
7410 29
7409 77
7408 8
7407 8
7406 79
7405 8
7404 60
7403 90
7402 8
7401 78
7400 47
7399 89
7398 79
7397 17
7396 30
7395 14
7394 95
7393 63
7392 37
7391 3
7390 17
7389 43
7388 40
7387 37
7386 100
7385 37
7384 50
7383 66
7382 70
7381 34
7380 86
7379 27
7378 90
7377 70
7376 72
7375 78
7374 16
7373 73
7372 94
7371 65
7370 68
7369 65
7368 74
7367 82
7366 8
7365 53
7364 35
7363 47
7362 66
7361 26
7360 67
7359 85
7358 81
7357 100
7356 83
7355 45
7354 24
7353 97
7352 20
7351 84
7350 81
7349 77
7348 24
7347 34
7346 81
7345 69
7344 99
7343 31
7342 20
7341 21
7340 15
7339 10
7338 22
7337 19
7336 85
7335 19
7334 42
7333 6
7332 45
7331 100
7330 10
7329 81
7328 85
7327 27
7326 68
7325 46
7324 11
7323 28
7322 34
7321 5
7320 60
7319 97
7318 61
7317 77
7316 16
7315 53
7314 92
7313 1
7312 67
7311 34
7310 36
7309 35
7308 83
7307 92
7306 84
7305 55
7304 10
7303 47
7302 44
7301 65
7300 2
7299 8
7298 18
7297 55
7296 46
7295 76
7294 37
7293 27
7292 89
7291 38
7290 82
7289 75
7288 26
7287 35
7286 49
7285 94
7284 16
7283 90
7282 98
7281 37
7280 38
7279 14
7278 79
7277 21
7276 60
7275 32
7274 52
7273 48
7272 85
7271 13
7270 20
7269 67
7268 97
7267 77
7266 11
7265 2
7264 53
7263 42
7262 81
7261 57
7260 30
7259 50
7258 48
7257 72
7256 7
7255 16
7254 92
7253 69
7252 94
7251 42
7250 86
7249 54
7248 78
7247 5
7246 27
7245 49
7244 53
7243 69
7242 80
7241 94
7240 76
7239 39
7238 89
7237 32
7236 82
7235 30
7234 19
7233 40
7232 33
7231 38
7230 54
7229 86
7228 60
7227 26
7226 79
7225 86
7224 40
7223 97
7222 85
7221 6
7220 71
7219 90
7218 53
7217 49
7216 16
7215 21
7214 92
7213 69
7212 60
7211 33
7210 87
7209 24
7208 37
7207 64
7206 89
7205 15
7204 46
7203 82
7202 20
7201 44
7200 27
7199 81
7198 8
7197 4
7196 21
7195 53
7194 42
7193 73
7192 30
7191 6
7190 47
7189 99
7188 47
7187 4
7186 21
7185 82
7184 68
7183 4
7182 8
7181 4
7180 28
7179 90
7178 54
7177 93
7176 100
7175 15
7174 11
7173 5
7172 11
7171 0
7170 17
7169 82
7168 90
7167 54
7166 8
7165 88
7164 6
7163 0
7162 17
7161 2
7160 70
7159 84
7158 8
7157 2
7156 47
7155 98
7154 100
7153 61
7152 93
7151 73
7150 8
7149 30
7148 36
7147 67
7146 42
7145 25
7144 82
7143 50
7142 44
7141 63
7140 90
7139 15
7138 35
7137 0
7136 22
7135 29
7134 28
7133 94
7132 93
7131 62
7130 13
7129 16
7128 75
7127 20
7126 99
7125 89
7124 42
7123 21
7122 12
7121 24
7120 82
7119 68
7118 26
7117 6
7116 11
7115 49
7114 21
7113 42
7112 1
7111 87
7110 63
7109 64
7108 7
7107 62
7106 26
7105 14
7104 56
7103 14
7102 17
7101 77
7100 3
7099 50
7098 1
7097 23
7096 72
7095 42
7094 47
7093 16
7092 37
7091 73
7090 79
7089 99
7088 24
7087 17
7086 6
7085 84
7084 45
7083 90
7082 23
7081 99
7080 82
7079 11
7078 73
7077 42
7076 46
7075 27
7074 25
7073 81
7072 6
7071 71
7070 89
7069 60
7068 63
7067 72
7066 50
7065 46
7064 42
7063 68
7062 55
7061 77
7060 66
7059 61
7058 8
7057 90
7056 48
7055 78
7054 81
7053 52
7052 36
7051 88
7050 10
7049 44
7048 91
7047 40
7046 37
7045 88
7044 18
7043 73
7042 14
7041 13
7040 70
7039 42
7038 9
7037 51
7036 71
7035 85
7034 83
7033 24
7032 55
7031 4
7030 9
7029 27
7028 79
7027 32
7026 62
7025 47
7024 25
7023 71
7022 84
7021 38
7020 1
7019 50
7018 24
7017 64
7016 65
7015 54
7014 10
7013 59
7012 35
7011 90
7010 43
7009 19
7008 24
7007 28
7006 75
7005 50
7004 34
7003 79
7002 96
7001 45
7000 16
6999 20
6998 1
6997 96
6996 75
6995 97
6994 91
6993 63
6992 83
6991 1
6990 69
6989 68
6988 81
6987 21
6986 89
6985 99
6984 41
6983 87
6982 64
6981 27
6980 100
6979 29
6978 17
6977 30
6976 81
6975 39
6974 23
6973 65
6972 55
6971 35
6970 32
6969 34
6968 78
6967 50
6966 55
6965 77
6964 97
6963 47
6962 5
6961 43
6960 71
6959 99
6958 99
6957 51
6956 13
6955 65
6954 3
6953 19
6952 43
6951 2
6950 22
6949 2
6948 23
6947 99
6946 41
6945 97
6944 68
6943 90
6942 32
6941 59
6940 37
6939 0
6938 87
6937 25
6936 61
6935 49
6934 30
6933 33
6932 98
6931 77
6930 97
6929 11
6928 40
6927 1
6926 62
6925 34
6924 2
6923 73
6922 41
6921 13
6920 38
6919 35
6918 18
6917 52
6916 82
6915 4
6914 74
6913 46
6912 59
6911 71
6910 58
6909 72
6908 59
6907 55
6906 0
6905 41
6904 38
6903 81
6902 26
6901 15
6900 72
6899 59
6898 42
6897 89
6896 75
6895 72
6894 75
6893 100
6892 86
6891 30
6890 73
6889 60
6888 41
6887 97
6886 88
6885 77
6884 82
6883 59
6882 97
6881 1
6880 81
6879 1
6878 84
6877 96
6876 90
6875 17
6874 12
6873 74
6872 32
6871 80
6870 36
6869 27
6868 63
6867 90
6866 3
6865 73
6864 38
6863 57
6862 68
6861 41
6860 32
6859 14
6858 41
6857 79
6856 67
6855 18
6854 61
6853 36
6852 67
6851 61
6850 59
6849 25
6848 54
6847 92
6846 20
6845 71
6844 71
6843 78
6842 41
6841 81
6840 79
6839 23
6838 64
6837 41
6836 96
6835 59
6834 51
6833 55
6832 76
6831 35
6830 60
6829 82
6828 73
6827 10
6826 87
6825 69
6824 97
6823 90
6822 24
6821 1
6820 11
6819 77
6818 10
6817 97
6816 18
6815 78
6814 5
6813 32
6812 18
6811 74
6810 56
6809 56
6808 59
6807 8
6806 93
6805 84
6804 56
6803 53
6802 100
6801 8
6800 55
6799 87
6798 52
6797 0
6796 28
6795 52
6794 51
6793 62
6792 82
6791 24
6790 69
6789 29
6788 10
6787 4
6786 2
6785 17
6784 89
6783 76
6782 64
6781 6
6780 45
6779 60
6778 15
6777 28
6776 35
6775 63
6774 19
6773 90
6772 23
6771 19
6770 38
6769 79
6768 1
6767 42
6766 77
6765 72
6764 31
6763 97
6762 10
6761 54
6760 38
6759 28
6758 54
6757 22
6756 25
6755 58
6754 54
6753 5
6752 30
6751 73
6750 60
6749 25
6748 9
6747 10
6746 81
6745 88
6744 34
6743 11
6742 65
6741 12
6740 27
6739 60
6738 83
6737 80
6736 7
6735 60
6734 91
6733 78
6732 53
6731 17
6730 11
6729 27
6728 73
6727 2
6726 22
6725 18
6724 99
6723 8
6722 38
6721 26
6720 66
6719 0
6718 48
6717 94
6716 48
6715 28
6714 41
6713 36
6712 55
6711 26
6710 27
6709 97
6708 13
6707 56
6706 85
6705 55
6704 36
6703 45
6702 36
6701 0
6700 88
6699 88
6698 70
6697 15
6696 6
6695 70
6694 55
6693 93
6692 85
6691 45
6690 81
6689 52
6688 3
6687 47
6686 52
6685 79
6684 41
6683 14
6682 85
6681 21
6680 19
6679 11
6678 72
6677 63
6676 34
6675 52
6674 19
6673 15
6672 26
6671 32
6670 72
6669 22
6668 76
6667 99
6666 50
6665 17
6664 56
6663 75
6662 87
6661 23
6660 18
6659 92
6658 5
6657 70
6656 17
6655 56
6654 30
6653 71
6652 56
6651 7
6650 75
6649 6
6648 60
6647 97
6646 98
6645 68
6644 94
6643 77
6642 75
6641 44
6640 98
6639 44
6638 3
6637 67
6636 12
6635 58
6634 92
6633 71
6632 11
6631 74
6630 98
6629 40
6628 0
6627 42
6626 23
6625 72
6624 99
6623 20
6622 50
6621 80
6620 53
6619 61
6618 67
6617 90
6616 15
6615 69
6614 9
6613 16
6612 66
6611 49
6610 89
6609 4
6608 23
6607 8
6606 95
6605 21
6604 36
6603 55
6602 60
6601 90
6600 51
6599 31
6598 84
6597 36
6596 52
6595 54
6594 12
6593 23
6592 57
6591 8
6590 7
6589 2
6588 15
6587 9
6586 7
6585 17
6584 54
6583 49
6582 68
6581 21
6580 18
6579 59
6578 73
6577 85
6576 31
6575 25
6574 28
6573 98
6572 34
6571 86
6570 41
6569 73
6568 4
6567 8
6566 51
6565 94
6564 87
6563 96
6562 58
6561 2
6560 10
6559 82
6558 56
6557 85
6556 96
6555 17
6554 38
6553 20
6552 47
6551 66
6550 70
6549 36
6548 31
6547 37
6546 95
6545 14
6544 14
6543 24
6542 95
6541 6
6540 93
6539 61
6538 26
6537 9
6536 27
6535 55
6534 19
6533 2
6532 90
6531 75
6530 27
6529 31
6528 77
6527 1
6526 20
6525 56
6524 26
6523 49
6522 41
6521 43
6520 98
6519 49
6518 50
6517 14
6516 89
6515 55
6514 87
6513 51
6512 61
6511 65
6510 93
6509 40
6508 29
6507 47
6506 80
6505 17
6504 19
6503 57
6502 42
6501 1
6500 40
6499 1
6498 45
6497 2
6496 47
6495 70
6494 76
6493 65
6492 79
6491 75
6490 100
6489 27
6488 25
6487 12
6486 45
6485 37
6484 6
6483 54
6482 27
6481 67
6480 68
6479 65
6478 22
6477 63
6476 72
6475 69
6474 86
6473 45
6472 96
6471 65
6470 10
6469 10
6468 79
6467 26
6466 21
6465 36
6464 91
6463 63
6462 20
6461 18
6460 86
6459 51
6458 92
6457 26
6456 1
6455 1
6454 70
6453 65
6452 57
6451 78
6450 67
6449 10
6448 36
6447 45
6446 24
6445 12
6444 91
6443 58
6442 54
6441 77
6440 62
6439 71
6438 38
6437 76
6436 17
6435 75
6434 51
6433 98
6432 45
6431 27
6430 9
6429 47
6428 12
6427 94
6426 72
6425 2
6424 74
6423 83
6422 30
6421 93
6420 37
6419 55
6418 19
6417 70
6416 82
6415 61
6414 49
6413 83
6412 69
6411 41
6410 69
6409 38
6408 71
6407 62
6406 95
6405 18
6404 24
6403 61
6402 41
6401 6
6400 75
6399 58
6398 86
6397 52
6396 57
6395 18
6394 50
6393 55
6392 47
6391 37
6390 52
6389 63
6388 28
6387 92
6386 60
6385 72
6384 0
6383 79
6382 99
6381 7
6380 97
6379 43
6378 33
6377 92
6376 98
6375 98
6374 89
6373 58
6372 28
6371 35
6370 3
6369 18
6368 4
6367 60
6366 33
6365 39
6364 33
6363 52
6362 21
6361 66
6360 79
6359 1
6358 73
6357 86
6356 69
6355 48
6354 31
6353 84
6352 11
6351 53
6350 35
6349 26
6348 74
6347 59
6346 46
6345 13
6344 14
6343 90
6342 1
6341 34
6340 82
6339 40
6338 5
6337 51
6336 29
6335 48
6334 1
6333 35
6332 89
6331 46
6330 36
6329 81
6328 3
6327 75
6326 16
6325 41
6324 84
6323 87
6322 83
6321 23
6320 54
6319 8
6318 98
6317 59
6316 64
6315 72
6314 16
6313 88
6312 28
6311 14
6310 63
6309 81
6308 60
6307 97
6306 92
6305 94
6304 40
6303 53
6302 44
6301 57
6300 60
6299 81
6298 77
6297 1
6296 67
6295 34
6294 100
6293 29
6292 29
6291 45
6290 88
6289 31
6288 66
6287 13
6286 14
6285 59
6284 95
6283 74
6282 15
6281 9
6280 10
6279 22
6278 87
6277 56
6276 75
6275 36
6274 60
6273 23
6272 72
6271 21
6270 67
6269 97
6268 39
6267 80
6266 80
6265 80
6264 27
6263 58
6262 87
6261 35
6260 63
6259 44
6258 93
6257 59
6256 10
6255 43
6254 96
6253 34
6252 69
6251 74
6250 21
6249 49
6248 28
6247 73
6246 7
6245 89
6244 58
6243 34
6242 11
6241 4
6240 12
6239 70
6238 91
6237 32
6236 76
6235 22
6234 36
6233 60
6232 32
6231 56
6230 80
6229 73
6228 50
6227 14
6226 10
6225 45
6224 54
6223 20
6222 47
6221 24
6220 31
6219 32
6218 2
6217 92
6216 31
6215 83
6214 16
6213 65
6212 5
6211 13
6210 55
6209 26
6208 76
6207 76
6206 19
6205 41
6204 50
6203 51
6202 57
6201 22
6200 59
6199 3
6198 89
6197 42
6196 9
6195 1
6194 15
6193 42
6192 100
6191 47
6190 72
6189 9
6188 12
6187 20
6186 37
6185 90
6184 40
6183 52
6182 28
6181 10
6180 35
6179 21
6178 79
6177 28
6176 58
6175 20
6174 98
6173 53
6172 29
6171 20
6170 99
6169 42
6168 34
6167 87
6166 31
6165 2
6164 26
6163 84
6162 77
6161 1
6160 91
6159 60
6158 22
6157 38
6156 83
6155 73
6154 65
6153 40
6152 25
6151 79
6150 83
6149 54
6148 24
6147 77
6146 87
6145 64
6144 54
6143 28
6142 27
6141 67
6140 13
6139 40
6138 47
6137 46
6136 14
6135 83
6134 18
6133 27
6132 99
6131 34
6130 65
6129 43
6128 46
6127 57
6126 75
6125 19
6124 63
6123 30
6122 70
6121 73
6120 89
6119 47
6118 72
6117 29
6116 95
6115 20
6114 26
6113 44
6112 33
6111 78
6110 86
6109 97
6108 69
6107 59
6106 57
6105 20
6104 48
6103 84
6102 73
6101 32
6100 88
6099 2
6098 65
6097 80
6096 66
6095 26
6094 23
6093 74
6092 72
6091 9
6090 37
6089 84
6088 99
6087 37
6086 42
6085 73
6084 58
6083 74
6082 57
6081 27
6080 78
6079 17
6078 99
6077 38
6076 95
6075 72
6074 26
6073 15
6072 29
6071 25
6070 92
6069 97
6068 100
6067 98
6066 21
6065 87
6064 29
6063 18
6062 21
6061 47
6060 2
6059 64
6058 74
6057 99
6056 29
6055 80
6054 22
6053 43
6052 27
6051 64
6050 65
6049 56
6048 1
6047 65
6046 44
6045 78
6044 28
6043 71
6042 83
6041 39
6040 2
6039 57
6038 79
6037 85
6036 79
6035 31
6034 98
6033 44
6032 67
6031 38
6030 19
6029 41
6028 98
6027 39
6026 62
6025 63
6024 90
6023 57
6022 14
6021 98
6020 22
6019 92
6018 64
6017 34
6016 7
6015 57
6014 85
6013 26
6012 57
6011 24
6010 10
6009 7
6008 59
6007 15
6006 23
6005 94
6004 90
6003 97
6002 99
6001 41
6000 98
5999 57
5998 78
5997 18
5996 84
5995 47
5994 14
5993 9
5992 16
5991 97
5990 94
5989 17
5988 91
5987 64
5986 33
5985 87
5984 21
5983 23
5982 63
5981 68
5980 73
5979 59
5978 27
5977 18
5976 48
5975 11
5974 46
5973 70
5972 44
5971 27
5970 4
5969 91
5968 96
5967 13
5966 77
5965 86
5964 48
5963 75
5962 5
5961 49
5960 33
5959 94
5958 98
5957 99
5956 38
5955 40
5954 13
5953 29
5952 1
5951 28
5950 14
5949 27
5948 61
5947 6
5946 57
5945 89
5944 14
5943 79
5942 28
5941 85
5940 28
5939 12
5938 39
5937 79
5936 90
5935 63
5934 71
5933 17
5932 65
5931 45
5930 85
5929 94
5928 29
5927 1
5926 85
5925 57
5924 77
5923 41
5922 72
5921 83
5920 88
5919 73
5918 60
5917 60
5916 4
5915 53
5914 27
5913 72
5912 52
5911 78
5910 100
5909 14
5908 27
5907 76
5906 46
5905 14
5904 5
5903 80
5902 1
5901 23
5900 36
5899 40
5898 46
5897 24
5896 49
5895 26
5894 90
5893 28
5892 66
5891 69
5890 90
5889 37
5888 58
5887 50
5886 8
5885 51
5884 8
5883 88
5882 63
5881 82
5880 14
5879 59
5878 53
5877 38
5876 60
5875 19
5874 66
5873 22
5872 62
5871 12
5870 60
5869 25
5868 46
5867 9
5866 81
5865 74
5864 59
5863 72
5862 84
5861 82
5860 83
5859 56
5858 92
5857 54
5856 32
5855 72
5854 33
5853 40
5852 60
5851 18
5850 62
5849 91
5848 11
5847 76
5846 79
5845 19
5844 71
5843 94
5842 94
5841 99
5840 75
5839 28
5838 70
5837 51
5836 28
5835 16
5834 9
5833 24
5832 25
5831 98
5830 56
5829 35
5828 59
5827 65
5826 54
5825 19
5824 42
5823 47
5822 65
5821 61
5820 62
5819 21
5818 48
5817 99
5816 62
5815 61
5814 26
5813 29
5812 1
5811 29
5810 97
5809 46
5808 23
5807 70
5806 93
5805 53
5804 56
5803 65
5802 40
5801 26
5800 83
5799 66
5798 74
5797 46
5796 64
5795 16
5794 66
5793 2
5792 53
5791 28
5790 95
5789 34
5788 100
5787 59
5786 98
5785 17
5784 63
5783 92
5782 54
5781 15
5780 96
5779 78
5778 77
5777 35
5776 22
5775 38
5774 14
5773 63
5772 96
5771 89
5770 34
5769 93
5768 59
5767 93
5766 61
5765 3
5764 61
5763 54
5762 98
5761 5
5760 13
5759 11
5758 55
5757 77
5756 97
5755 61
5754 4
5753 86
5752 52
5751 40
5750 70
5749 65
5748 29
5747 92
5746 74
5745 45
5744 85
5743 55
5742 93
5741 31
5740 68
5739 69
5738 66
5737 86
5736 4
5735 61
5734 22
5733 97
5732 48
5731 91
5730 17
5729 74
5728 28
5727 72
5726 44
5725 28
5724 17
5723 12
5722 0
5721 73
5720 85
5719 21
5718 67
5717 97
5716 58
5715 95
5714 37
5713 35
5712 28
5711 18
5710 11
5709 57
5708 93
5707 75
5706 25
5705 74
5704 83
5703 64
5702 21
5701 18
5700 70
5699 15
5698 55
5697 35
5696 64
5695 18
5694 63
5693 31
5692 76
5691 66
5690 67
5689 5
5688 68
5687 60
5686 72
5685 78
5684 51
5683 89
5682 66
5681 89
5680 6
5679 68
5678 4
5677 23
5676 43
5675 59
5674 77
5673 17
5672 47
5671 49
5670 66
5669 44
5668 7
5667 8
5666 52
5665 71
5664 98
5663 17
5662 94
5661 66
5660 48
5659 66
5658 70
5657 53
5656 18
5655 75
5654 64
5653 56
5652 9
5651 13
5650 96
5649 61
5648 77
5647 46
5646 15
5645 17
5644 25
5643 21
5642 35
5641 92
5640 26
5639 96
5638 88
5637 84
5636 82
5635 96
5634 76
5633 41
5632 69
5631 2
5630 97
5629 91
5628 89
5627 64
5626 35
5625 71
5624 0
5623 3
5622 9
5621 98
5620 4
5619 15
5618 14
5617 65
5616 34
5615 36
5614 59
5613 38
5612 58
5611 20
5610 88
5609 37
5608 66
5607 17
5606 21
5605 34
5604 94
5603 77
5602 34
5601 86
5600 89
5599 53
5598 44
5597 17
5596 29
5595 39
5594 25
5593 2
5592 23
5591 61
5590 55
5589 12
5588 66
5587 36
5586 94
5585 54
5584 82
5583 28
5582 92
5581 79
5580 15
5579 85
5578 39
5577 17
5576 65
5575 39
5574 16
5573 43
5572 13
5571 48
5570 19
5569 69
5568 72
5567 25
5566 6
5565 24
5564 36
5563 47
5562 68
5561 38
5560 60
5559 78
5558 75
5557 60
5556 87
5555 97
5554 12
5553 54
5552 26
5551 24
5550 38
5549 55
5548 66
5547 49
5546 7
5545 31
5544 37
5543 96
5542 51
5541 75
5540 85
5539 39
5538 43
5537 35
5536 21
5535 88
5534 38
5533 65
5532 23
5531 47
5530 57
5529 62
5528 82
5527 8
5526 90
5525 26
5524 57
5523 21
5522 2
5521 51
5520 50
5519 49
5518 74
5517 66
5516 16
5515 76
5514 65
5513 37
5512 19
5511 35
5510 69
5509 81
5508 57
5507 21
5506 12
5505 83
5504 83
5503 69
5502 89
5501 47
5500 89
5499 13
5498 93
5497 28
5496 84
5495 76
5494 49
5493 32
5492 67
5491 48
5490 10
5489 62
5488 42
5487 94
5486 56
5485 85
5484 9
5483 76
5482 2
5481 30
5480 82
5479 20
5478 93
5477 50
5476 78
5475 77
5474 22
5473 74
5472 81
5471 19
5470 48
5469 49
5468 1
5467 65
5466 71
5465 26
5464 66
5463 70
5462 3
5461 36
5460 76
5459 35
5458 22
5457 64
5456 30
5455 58
5454 78
5453 98
5452 95
5451 22
5450 9
5449 34
5448 95
5447 93
5446 60
5445 20
5444 20
5443 54
5442 26
5441 32
5440 86
5439 84
5438 78
5437 3
5436 90
5435 78
5434 41
5433 1
5432 30
5431 31
5430 72
5429 2
5428 26
5427 40
5426 74
5425 37
5424 52
5423 1
5422 4
5421 84
5420 94
5419 12
5418 42
5417 9
5416 0
5415 0
5414 2
5413 70
5412 87
5411 79
5410 89
5409 10
5408 68
5407 73
5406 9
5405 8
5404 6
5403 13
5402 83
5401 37
5400 67
5399 28
5398 16
5397 32
5396 79
5395 49
5394 7
5393 7
5392 17
5391 29
5390 5
5389 77
5388 97
5387 34
5386 97
5385 41
5384 0
5383 32
5382 78
5381 14
5380 64
5379 49
5378 14
5377 44
5376 15
5375 0
5374 36
5373 57
5372 59
5371 1
5370 79
5369 59
5368 32
5367 27
5366 4
5365 24
5364 64
5363 14
5362 2
5361 55
5360 9
5359 8
5358 90
5357 61
5356 88
5355 84
5354 17
5353 15
5352 90
5351 34
5350 43
5349 69
5348 9
5347 94
5346 66
5345 75
5344 67
5343 79
5342 67
5341 9
5340 23
5339 1
5338 11
5337 31
5336 74
5335 47
5334 88
5333 7
5332 86
5331 43
5330 41
5329 31
5328 88
5327 95
5326 81
5325 51
5324 76
5323 47
5322 73
5321 37
5320 32
5319 12
5318 21
5317 59
5316 95
5315 9
5314 79
5313 66
5312 16
5311 66
5310 2
5309 97
5308 86
5307 51
5306 92
5305 41
5304 46
5303 74
5302 49
5301 21
5300 48
5299 61
5298 10
5297 85
5296 45
5295 57
5294 24
5293 10
5292 12
5291 66
5290 33
5289 10
5288 87
5287 83
5286 6
5285 30
5284 48
5283 54
5282 78
5281 80
5280 32
5279 26
5278 18
5277 98
5276 67
5275 30
5274 31
5273 46
5272 50
5271 28
5270 66
5269 45
5268 94
5267 94
5266 82
5265 71
5264 54
5263 66
5262 68
5261 83
5260 83
5259 71
5258 78
5257 83
5256 77
5255 25
5254 93
5253 31
5252 49
5251 68
5250 88
5249 82
5248 38
5247 30
5246 59
5245 38
5244 10
5243 11
5242 66
5241 8
5240 87
5239 30
5238 95
5237 11
5236 2
5235 53
5234 59
5233 93
5232 51
5231 68
5230 45
5229 99
5228 23
5227 0
5226 75
5225 23
5224 72
5223 41
5222 79
5221 41
5220 95
5219 9
5218 0
5217 10
5216 82
5215 0
5214 12
5213 80
5212 55
5211 87
5210 8
5209 18
5208 36
5207 12
5206 62
5205 58
5204 64
5203 50
5202 29
5201 53
5200 17
5199 74
5198 22
5197 23
5196 5
5195 84
5194 29
5193 71
5192 13
5191 37
5190 26
5189 22
5188 74
5187 10
5186 56
5185 37
5184 73
5183 69
5182 93
5181 50
5180 35
5179 57
5178 56
5177 53
5176 24
5175 63
5174 18
5173 69
5172 48
5171 4
5170 88
5169 28
5168 98
5167 100
5166 94
5165 51
5164 85
5163 10
5162 58
5161 41
5160 26
5159 69
5158 94
5157 68
5156 31
5155 30
5154 66
5153 30
5152 99
5151 78
5150 74
5149 100
5148 92
5147 60
5146 1
5145 40
5144 72
5143 18
5142 16
5141 89
5140 86
5139 81
5138 6
5137 33
5136 75
5135 38
5134 97
5133 5
5132 42
5131 29
5130 75
5129 41
5128 34
5127 100
5126 62
5125 59
5124 57
5123 15
5122 51
5121 34
5120 5
5119 58
5118 56
5117 37
5116 92
5115 56
5114 84
5113 2
5112 6
5111 22
5110 81
5109 95
5108 70
5107 59
5106 98
5105 69
5104 65
5103 28
5102 81
5101 54
5100 0
5099 71
5098 36
5097 40
5096 91
5095 69
5094 68
5093 92
5092 67
5091 64
5090 33
5089 57
5088 71
5087 82
5086 56
5085 26
5084 85
5083 58
5082 90
5081 39
5080 82
5079 98
5078 92
5077 34
5076 8
5075 97
5074 53
5073 56
5072 49
5071 34
5070 34
5069 30
5068 94
5067 31
5066 60
5065 51
5064 93
5063 11
5062 89
5061 83
5060 55
5059 62
5058 58
5057 12
5056 34
5055 4
5054 70
5053 84
5052 32
5051 21
5050 20
5049 12
5048 36
5047 83
5046 78
5045 59
5044 3
5043 62
5042 27
5041 26
5040 74
5039 90
5038 51
5037 25
5036 40
5035 5
5034 5
5033 32
5032 35
5031 32
5030 75
5029 34
5028 22
5027 86
5026 14
5025 22
5024 82
5023 31
5022 46
5021 14
5020 10
5019 38
5018 16
5017 52
5016 50
5015 86
5014 47
5013 26
5012 30
5011 46
5010 87
5009 1
5008 48
5007 9
5006 33
5005 8
5004 16
5003 33
5002 94
5001 69
5000 79
4999 10
4998 37
4997 57
4996 48
4995 20
4994 60
4993 22
4992 99
4991 80
4990 71
4989 51
4988 49
4987 61
4986 37
4985 53
4984 44
4983 1
4982 89
4981 27
4980 58
4979 30
4978 28
4977 81
4976 74
4975 42
4974 99
4973 32
4972 51
4971 41
4970 27
4969 41
4968 33
4967 11
4966 36
4965 10
4964 45
4963 2
4962 56
4961 55
4960 97
4959 7
4958 67
4957 83
4956 19
4955 36
4954 36
4953 60
4952 85
4951 10
4950 20
4949 79
4948 72
4947 23
4946 78
4945 35
4944 80
4943 91
4942 20
4941 69
4940 33
4939 38
4938 39
4937 67
4936 14
4935 53
4934 39
4933 34
4932 81
4931 78
4930 58
4929 93
4928 57
4927 28
4926 0
4925 5
4924 82
4923 53
4922 1
4921 18
4920 85
4919 77
4918 42
4917 15
4916 21
4915 14
4914 85
4913 64
4912 84
4911 96
4910 44
4909 77
4908 33
4907 85
4906 85
4905 70
4904 21
4903 9
4902 72
4901 4
4900 51
4899 91
4898 82
4897 63
4896 37
4895 24
4894 35
4893 86
4892 48
4891 53
4890 77
4889 71
4888 82
4887 92
4886 58
4885 47
4884 85
4883 78
4882 33
4881 34
4880 95
4879 62
4878 62
4877 49
4876 5
4875 97
4874 25
4873 94
4872 46
4871 51
4870 4
4869 73
4868 62
4867 48
4866 43
4865 88
4864 95
4863 85
4862 62
4861 5
4860 84
4859 41
4858 83
4857 94
4856 54
4855 21
4854 48
4853 35
4852 58
4851 13
4850 40
4849 43
4848 68
4847 87
4846 39
4845 35
4844 40
4843 33
4842 88
4841 60
4840 49
4839 1
4838 7
4837 70
4836 20
4835 51
4834 60
4833 35
4832 49
4831 77
4830 42
4829 41
4828 44
4827 65
4826 64
4825 6
4824 3
4823 30
4822 70
4821 55
4820 80
4819 9
4818 49
4817 90
4816 15
4815 52
4814 26
4813 80
4812 26
4811 90
4810 87
4809 51
4808 91
4807 43
4806 96
4805 21
4804 31
4803 72
4802 52
4801 86
4800 17
4799 69
4798 64
4797 71
4796 52
4795 60
4794 95
4793 89
4792 8
4791 6
4790 13
4789 30
4788 35
4787 16
4786 70
4785 56
4784 92
4783 25
4782 25
4781 91
4780 100
4779 31
4778 12
4777 70
4776 27
4775 41
4774 47
4773 27
4772 85
4771 57
4770 63
4769 71
4768 64
4767 92
4766 67
4765 56
4764 88
4763 92
4762 6
4761 41
4760 89
4759 30
4758 14
4757 15
4756 46
4755 94
4754 47
4753 48
4752 32
4751 24
4750 73
4749 100
4748 69
4747 38
4746 28
4745 19
4744 9
4743 9
4742 19
4741 25
4740 36
4739 15
4738 28
4737 94
4736 12
4735 82
4734 61
4733 88
4732 74
4731 79
4730 49
4729 15
4728 29
4727 85
4726 90
4725 37
4724 42
4723 9
4722 85
4721 13
4720 46
4719 23
4718 17
4717 53
4716 96
4715 95
4714 91
4713 92
4712 60
4711 99
4710 62
4709 45
4708 80
4707 30
4706 86
4705 30
4704 82
4703 31
4702 38
4701 1
4700 76
4699 59
4698 1
4697 62
4696 21
4695 34
4694 36
4693 66
4692 64
4691 90
4690 11
4689 95
4688 81
4687 54
4686 69
4685 22
4684 74
4683 74
4682 13
4681 48
4680 38
4679 58
4678 91
4677 53
4676 50
4675 23
4674 34
4673 73
4672 53
4671 21
4670 80
4669 64
4668 3
4667 16
4666 55
4665 37
4664 24
4663 14
4662 8
4661 78
4660 61
4659 66
4658 25
4657 84
4656 88
4655 86
4654 18
4653 47
4652 45
4651 90
4650 62
4649 9
4648 72
4647 54
4646 7
4645 84
4644 49
4643 7
4642 15
4641 83
4640 16
4639 91
4638 95
4637 54
4636 55
4635 84
4634 37
4633 32
4632 53
4631 93
4630 68
4629 0
4628 74
4627 87
4626 3
4625 17
4624 18
4623 64
4622 27
4621 32
4620 75
4619 25
4618 12
4617 66
4616 80
4615 29
4614 70
4613 59
4612 1
4611 63
4610 54
4609 66
4608 83
4607 93
4606 9
4605 85
4604 98
4603 33
4602 50
4601 69
4600 12
4599 71
4598 9
4597 30
4596 66
4595 61
4594 83
4593 40
4592 84
4591 61
4590 17
4589 12
4588 26
4587 4
4586 19
4585 31
4584 98
4583 83
4582 3
4581 66
4580 4
4579 64
4578 38
4577 75
4576 24
4575 53
4574 2
4573 91
4572 23
4571 50
4570 46
4569 2
4568 90
4567 57
4566 55
4565 68
4564 8
4563 27
4562 53
4561 68
4560 57
4559 88
4558 71
4557 69
4556 1
4555 5
4554 7
4553 53
4552 52
4551 94
4550 8
4549 90
4548 35
4547 29
4546 90
4545 79
4544 0
4543 77
4542 79
4541 86
4540 8
4539 55
4538 84
4537 71
4536 3
4535 84
4534 61
4533 39
4532 86
4531 89
4530 77
4529 100
4528 98
4527 80
4526 53
4525 76
4524 6
4523 11
4522 41
4521 68
4520 88
4519 65
4518 32
4517 34
4516 55
4515 28
4514 30
4513 57
4512 74
4511 33
4510 95
4509 81
4508 48
4507 45
4506 25
4505 82
4504 30
4503 93
4502 65
4501 84
4500 13
4499 37
4498 26
4497 13
4496 87
4495 85
4494 57
4493 74
4492 60
4491 17
4490 89
4489 38
4488 24
4487 8
4486 75
4485 31
4484 68
4483 38
4482 85
4481 56
4480 92
4479 51
4478 93
4477 51
4476 97
4475 56
4474 35
4473 2
4472 1
4471 66
4470 71
4469 7
4468 16
4467 56
4466 53
4465 20
4464 15
4463 86
4462 97
4461 68
4460 86
4459 22
4458 20
4457 9
4456 47
4455 54
4454 63
4453 72
4452 16
4451 94
4450 5
4449 7
4448 19
4447 55
4446 41
4445 23
4444 12
4443 58
4442 40
4441 38
4440 34
4439 24
4438 71
4437 1
4436 87
4435 65
4434 26
4433 42
4432 24
4431 92
4430 24
4429 22
4428 81
4427 25
4426 46
4425 15
4424 86
4423 98
4422 46
4421 66
4420 60
4419 83
4418 69
4417 10
4416 2
4415 15
4414 31
4413 8
4412 79
4411 65
4410 75
4409 31
4408 37
4407 68
4406 54
4405 52
4404 62
4403 14
4402 83
4401 94
4400 89
4399 98
4398 29
4397 9
4396 7
4395 68
4394 47
4393 27
4392 96
4391 39
4390 40
4389 78
4388 20
4387 44
4386 60
4385 74
4384 51
4383 42
4382 3
4381 28
4380 57
4379 25
4378 27
4377 89
4376 50
4375 30
4374 74
4373 20
4372 89
4371 25
4370 13
4369 4
4368 56
4367 85
4366 98
4365 57
4364 88
4363 44
4362 82
4361 94
4360 99
4359 26
4358 19
4357 66
4356 53
4355 39
4354 28
4353 85
4352 51
4351 26
4350 68
4349 82
4348 58
4347 31
4346 3
4345 33
4344 22
4343 91
4342 32
4341 48
4340 38
4339 8
4338 82
4337 15
4336 36
4335 86
4334 46
4333 84
4332 90
4331 32
4330 18
4329 95
4328 52
4327 25
4326 90
4325 67
4324 76
4323 20
4322 70
4321 10
4320 63
4319 12
4318 53
4317 43
4316 73
4315 13
4314 53
4313 79
4312 28
4311 8
4310 0
4309 35
4308 37
4307 63
4306 25
4305 32
4304 68
4303 82
4302 90
4301 68
4300 56
4299 56
4298 14
4297 69
4296 84
4295 28
4294 16
4293 73
4292 64
4291 46
4290 38
4289 26
4288 18
4287 3
4286 82
4285 96
4284 19
4283 79
4282 63
4281 93
4280 22
4279 54
4278 83
4277 34
4276 26
4275 54
4274 85
4273 67
4272 42
4271 83
4270 82
4269 2
4268 82
4267 57
4266 43
4265 41
4264 47
4263 17
4262 56
4261 32
4260 28
4259 96
4258 88
4257 40
4256 5
4255 52
4254 79
4253 36
4252 24
4251 83
4250 59
4249 23
4248 64
4247 86
4246 49
4245 24
4244 59
4243 40
4242 46
4241 96
4240 72
4239 22
4238 19
4237 42
4236 3
4235 18
4234 13
4233 15
4232 22
4231 1
4230 17
4229 4
4228 35
4227 91
4226 49
4225 5
4224 10
4223 19
4222 98
4221 45
4220 44
4219 91
4218 55
4217 81
4216 5
4215 60
4214 51
4213 3
4212 61
4211 5
4210 15
4209 41
4208 43
4207 47
4206 27
4205 92
4204 45
4203 87
4202 98
4201 28
4200 91
4199 83
4198 92
4197 99
4196 38
4195 52
4194 92
4193 41
4192 48
4191 57
4190 88
4189 18
4188 97
4187 22
4186 5
4185 38
4184 32
4183 61
4182 31
4181 55
4180 2
4179 83
4178 73
4177 75
4176 20
4175 48
4174 30
4173 29
4172 98
4171 70
4170 51
4169 44
4168 93
4167 50
4166 10
4165 15
4164 13
4163 68
4162 99
4161 4
4160 30
4159 52
4158 79
4157 19
4156 90
4155 82
4154 6
4153 3
4152 60
4151 17
4150 89
4149 65
4148 97
4147 80
4146 51
4145 67
4144 0
4143 55
4142 79
4141 82
4140 30
4139 54
4138 79
4137 44
4136 99
4135 13
4134 9
4133 94
4132 87
4131 84
4130 90
4129 26
4128 43
4127 65
4126 99
4125 74
4124 67
4123 64
4122 36
4121 63
4120 45
4119 78
4118 36
4117 18
4116 8
4115 91
4114 73
4113 65
4112 80
4111 7
4110 95
4109 4
4108 96
4107 14
4106 19
4105 13
4104 21
4103 59
4102 45
4101 25
4100 49
4099 23
4098 85
4097 12
4096 26
4095 93
4094 17
4093 22
4092 16
4091 59
4090 36
4089 70
4088 59
4087 81
4086 80
4085 14
4084 18
4083 47
4082 3
4081 51
4080 77
4079 15
4078 34
4077 6
4076 71
4075 16
4074 83
4073 100
4072 81
4071 46
4070 27
4069 54
4068 75
4067 49
4066 93
4065 41
4064 71
4063 37
4062 88
4061 26
4060 65
4059 58
4058 6
4057 73
4056 70
4055 73
4054 55
4053 19
4052 73
4051 95
4050 98
4049 97
4048 66
4047 79
4046 10
4045 52
4044 31
4043 11
4042 68
4041 99
4040 37
4039 60
4038 32
4037 29
4036 24
4035 23
4034 30
4033 44
4032 48
4031 82
4030 44
4029 81
4028 57
4027 20
4026 4
4025 18
4024 65
4023 60
4022 26
4021 77
4020 23
4019 0
4018 99
4017 56
4016 98
4015 44
4014 91
4013 71
4012 12
4011 85
4010 69
4009 10
4008 16
4007 4
4006 99
4005 50
4004 45
4003 20
4002 71
4001 34
4000 58
3999 13
3998 33
3997 61
3996 99
3995 49
3994 60
3993 58
3992 36
3991 0
3990 98
3989 58
3988 70
3987 53
3986 58
3985 27
3984 65
3983 97
3982 27
3981 81
3980 13
3979 11
3978 32
3977 26
3976 3
3975 20
3974 42
3973 2
3972 70
3971 18
3970 65
3969 76
3968 40
3967 98
3966 67
3965 40
3964 90
3963 95
3962 60
3961 70
3960 41
3959 10
3958 96
3957 32
3956 76
3955 63
3954 14
3953 60
3952 30
3951 93
3950 28
3949 12
3948 57
3947 46
3946 25
3945 76
3944 56
3943 68
3942 9
3941 6
3940 31
3939 96
3938 72
3937 34
3936 35
3935 46
3934 13
3933 70
3932 0
3931 29
3930 77
3929 15
3928 3
3927 68
3926 32
3925 42
3924 56
3923 25
3922 55
3921 48
3920 86
3919 56
3918 92
3917 91
3916 24
3915 30
3914 61
3913 88
3912 90
3911 87
3910 62
3909 1
3908 48
3907 29
3906 78
3905 10
3904 86
3903 47
3902 68
3901 99
3900 89
3899 86
3898 10
3897 72
3896 42
3895 60
3894 92
3893 71
3892 16
3891 43
3890 5
3889 14
3888 41
3887 79
3886 53
3885 42
3884 38
3883 40
3882 11
3881 3
3880 85
3879 32
3878 59
3877 74
3876 95
3875 63
3874 94
3873 70
3872 76
3871 95
3870 0
3869 24
3868 61
3867 97
3866 67
3865 7
3864 51
3863 41
3862 50
3861 82
3860 16
3859 15
3858 0
3857 47
3856 62
3855 56
3854 55
3853 99
3852 30
3851 37
3850 94
3849 60
3848 25
3847 31
3846 40
3845 17
3844 78
3843 55
3842 88
3841 40
3840 82
3839 35
3838 21
3837 49
3836 57
3835 70
3834 50
3833 64
3832 3
3831 18
3830 76
3829 5
3828 20
3827 55
3826 89
3825 22
3824 20
3823 62
3822 35
3821 91
3820 54
3819 35
3818 81
3817 43
3816 37
3815 25
3814 4
3813 37
3812 23
3811 54
3810 53
3809 100
3808 31
3807 51
3806 78
3805 35
3804 63
3803 62
3802 97
3801 78
3800 34
3799 30
3798 92
3797 82
3796 56
3795 0
3794 38
3793 78
3792 26
3791 88
3790 70
3789 97
3788 77
3787 71
3786 65
3785 36
3784 48
3783 46
3782 58
3781 57
3780 3
3779 18
3778 34
3777 93
3776 0
3775 68
3774 10
3773 27
3772 80
3771 19
3770 82
3769 78
3768 90
3767 12
3766 93
3765 7
3764 35
3763 62
3762 24
3761 79
3760 85
3759 54
3758 67
3757 34
3756 23
3755 19
3754 69
3753 0
3752 13
3751 57
3750 60
3749 70
3748 19
3747 68
3746 80
3745 11
3744 93
3743 20
3742 43
3741 12
3740 71
3739 21
3738 41
3737 56
3736 52
3735 13
3734 93
3733 63
3732 87
3731 21
3730 11
3729 1
3728 59
3727 57
3726 81
3725 23
3724 67
3723 49
3722 38
3721 25
3720 8
3719 64
3718 29
3717 50
3716 9
3715 85
3714 5
3713 3
3712 14
3711 82
3710 92
3709 44
3708 15
3707 51
3706 61
3705 50
3704 63
3703 84
3702 50
3701 34
3700 50
3699 41
3698 82
3697 67
3696 94
3695 84
3694 13
3693 93
3692 32
3691 25
3690 96
3689 76
3688 9
3687 48
3686 92
3685 21
3684 17
3683 37
3682 67
3681 74
3680 72
3679 23
3678 80
3677 40
3676 71
3675 11
3674 19
3673 24
3672 19
3671 37
3670 28
3669 29
3668 41
3667 25
3666 98
3665 1
3664 10
3663 63
3662 37
3661 37
3660 81
3659 73
3658 96
3657 39
3656 39
3655 8
3654 18
3653 12
3652 62
3651 89
3650 49
3649 83
3648 70
3647 57
3646 100
3645 78
3644 1
3643 63
3642 31
3641 2
3640 11
3639 45
3638 12
3637 21
3636 14
3635 48
3634 2
3633 11
3632 31
3631 20
3630 28
3629 39
3628 79
3627 41
3626 14
3625 70
3624 13
3623 26
3622 36
3621 63
3620 53
3619 66
3618 7
3617 79
3616 50
3615 24
3614 83
3613 19
3612 52
3611 3
3610 1
3609 69
3608 90
3607 88
3606 43
3605 70
3604 6
3603 45
3602 65
3601 50
3600 40
3599 33
3598 34
3597 44
3596 8
3595 79
3594 80
3593 37
3592 41
3591 68
3590 25
3589 33
3588 49
3587 43
3586 8
3585 43
3584 3
3583 59
3582 57
3581 89
3580 22
3579 73
3578 90
3577 78
3576 40
3575 89
3574 76
3573 21
3572 98
3571 33
3570 86
3569 64
3568 73
3567 57
3566 49
3565 74
3564 1
3563 83
3562 88
3561 37
3560 59
3559 46
3558 3
3557 50
3556 97
3555 86
3554 68
3553 17
3552 70
3551 93
3550 69
3549 93
3548 59
3547 38
3546 56
3545 70
3544 72
3543 14
3542 73
3541 20
3540 92
3539 59
3538 19
3537 68
3536 46
3535 53
3534 12
3533 82
3532 78
3531 27
3530 5
3529 67
3528 98
3527 56
3526 52
3525 27
3524 72
3523 10
3522 87
3521 42
3520 28
3519 44
3518 29
3517 0
3516 69
3515 66
3514 38
3513 99
3512 85
3511 24
3510 41
3509 79
3508 51
3507 15
3506 97
3505 2
3504 80
3503 84
3502 30
3501 57
3500 72
3499 90
3498 22
3497 5
3496 0
3495 64
3494 22
3493 22
3492 41
3491 39
3490 79
3489 70
3488 74
3487 12
3486 27
3485 70
3484 22
3483 3
3482 79
3481 99
3480 40
3479 13
3478 100
3477 43
3476 79
3475 11
3474 15
3473 9
3472 93
3471 14
3470 78
3469 32
3468 5
3467 7
3466 53
3465 21
3464 52
3463 5
3462 2
3461 69
3460 26
3459 30
3458 36
3457 28
3456 97
3455 84
3454 27
3453 62
3452 53
3451 19
3450 28
3449 54
3448 42
3447 45
3446 35
3445 58
3444 23
3443 86
3442 40
3441 32
3440 91
3439 16
3438 25
3437 68
3436 41
3435 12
3434 95
3433 84
3432 52
3431 40
3430 54
3429 14
3428 15
3427 17
3426 84
3425 26
3424 43
3423 85
3422 10
3421 6
3420 33
3419 22
3418 22
3417 55
3416 36
3415 69
3414 19
3413 32
3412 32
3411 64
3410 79
3409 34
3408 26
3407 68
3406 16
3405 89
3404 46
3403 76
3402 94
3401 67
3400 34
3399 13
3398 38
3397 26
3396 84
3395 75
3394 70
3393 4
3392 76
3391 78
3390 97
3389 44
3388 21
3387 67
3386 67
3385 10
3384 41
3383 8
3382 41
3381 62
3380 32
3379 34
3378 85
3377 5
3376 94
3375 28
3374 29
3373 50
3372 14
3371 94
3370 6
3369 62
3368 40
3367 35
3366 53
3365 40
3364 60
3363 65
3362 15
3361 66
3360 83
3359 65
3358 67
3357 5
3356 85
3355 74
3354 35
3353 20
3352 88
3351 53
3350 77
3349 20
3348 77
3347 31
3346 77
3345 84
3344 82
3343 16
3342 0
3341 21
3340 91
3339 79
3338 0
3337 83
3336 89
3335 79
3334 23
3333 49
3332 95
3331 23
3330 31
3329 17
3328 24
3327 4
3326 46
3325 52
3324 88
3323 69
3322 42
3321 44
3320 58
3319 57
3318 31
3317 46
3316 36
3315 68
3314 18
3313 71
3312 35
3311 57
3310 52
3309 50
3308 85
3307 36
3306 22
3305 36
3304 2
3303 22
3302 36
3301 91
3300 89
3299 34
3298 29
3297 59
3296 21
3295 43
3294 85
3293 53
3292 33
3291 72
3290 88
3289 78
3288 65
3287 16
3286 24
3285 63
3284 51
3283 13
3282 86
3281 65
3280 80
3279 87
3278 91
3277 92
3276 29
3275 68
3274 93
3273 35
3272 82
3271 6
3270 30
3269 50
3268 9
3267 35
3266 28
3265 11
3264 52
3263 48
3262 24
3261 38
3260 57
3259 69
3258 14
3257 7
3256 67
3255 12
3254 49
3253 56
3252 21
3251 18
3250 87
3249 76
3248 45
3247 50
3246 41
3245 56
3244 54
3243 34
3242 43
3241 60
3240 18
3239 73
3238 23
3237 60
3236 44
3235 67
3234 29
3233 64
3232 98
3231 63
3230 5
3229 70
3228 19
3227 66
3226 47
3225 8
3224 54
3223 38
3222 34
3221 24
3220 68
3219 51
3218 74
3217 6
3216 89
3215 6
3214 85
3213 66
3212 4
3211 78
3210 90
3209 6
3208 86
3207 55
3206 38
3205 77
3204 1
3203 47
3202 50
3201 96
3200 13
3199 95
3198 56
3197 1
3196 10
3195 37
3194 91
3193 8
3192 74
3191 49
3190 90
3189 18
3188 54
3187 13
3186 5
3185 0
3184 90
3183 29
3182 68
3181 14
3180 15
3179 31
3178 29
3177 15
3176 53
3175 16
3174 92
3173 65
3172 48
3171 71
3170 55
3169 78
3168 56
3167 24
3166 20
3165 90
3164 51
3163 37
3162 59
3161 100
3160 57
3159 4
3158 9
3157 86
3156 90
3155 73
3154 65
3153 68
3152 3
3151 54
3150 6
3149 51
3148 56
3147 61
3146 13
3145 83
3144 32
3143 60
3142 18
3141 43
3140 75
3139 55
3138 85
3137 17
3136 80
3135 49
3134 38
3133 14
3132 14
3131 17
3130 96
3129 58
3128 49
3127 37
3126 70
3125 1
3124 54
3123 0
3122 77
3121 41
3120 53
3119 81
3118 6
3117 17
3116 63
3115 27
3114 86
3113 53
3112 14
3111 6
3110 61
3109 55
3108 41
3107 51
3106 48
3105 84
3104 11
3103 81
3102 62
3101 32
3100 4
3099 13
3098 80
3097 30
3096 16
3095 2
3094 80
3093 44
3092 69
3091 99
3090 25
3089 39
3088 88
3087 95
3086 73
3085 56
3084 54
3083 9
3082 23
3081 99
3080 43
3079 65
3078 18
3077 86
3076 35
3075 29
3074 16
3073 80
3072 90
3071 45
3070 95
3069 1
3068 23
3067 21
3066 3
3065 4
3064 12
3063 29
3062 89
3061 55
3060 27
3059 98
3058 84
3057 97
3056 38
3055 70
3054 34
3053 70
3052 53
3051 86
3050 40
3049 78
3048 42
3047 38
3046 5
3045 81
3044 74
3043 35
3042 99
3041 53
3040 60
3039 28
3038 24
3037 34
3036 58
3035 53
3034 30
3033 49
3032 32
3031 83
3030 25
3029 4
3028 71
3027 41
3026 14
3025 1
3024 40
3023 71
3022 61
3021 77
3020 31
3019 8
3018 30
3017 76
3016 77
3015 58
3014 64
3013 42
3012 13
3011 50
3010 32
3009 94
3008 0
3007 76
3006 21
3005 91
3004 34
3003 51
3002 55
3001 28
3000 47
2999 61
2998 81
2997 83
2996 58
2995 41
2994 66
2993 35
2992 27
2991 18
2990 93
2989 61
2988 31
2987 65
2986 77
2985 35
2984 80
2983 90
2982 53
2981 53
2980 4
2979 22
2978 58
2977 71
2976 31
2975 85
2974 100
2973 69
2972 78
2971 7
2970 14
2969 89
2968 38
2967 73
2966 97
2965 60
2964 2
2963 58
2962 23
2961 44
2960 85
2959 63
2958 65
2957 75
2956 68
2955 41
2954 59
2953 20
2952 100
2951 95
2950 90
2949 58
2948 54
2947 4
2946 0
2945 52
2944 21
2943 59
2942 95
2941 71
2940 77
2939 14
2938 36
2937 93
2936 39
2935 48
2934 28
2933 72
2932 24
2931 81
2930 50
2929 61
2928 73
2927 29
2926 6
2925 84
2924 47
2923 34
2922 63
2921 52
2920 83
2919 94
2918 9
2917 96
2916 40
2915 58
2914 66
2913 62
2912 12
2911 60
2910 83
2909 94
2908 63
2907 19
2906 95
2905 22
2904 3
2903 23
2902 16
2901 4
2900 86
2899 100
2898 8
2897 76
2896 86
2895 58
2894 7
2893 47
2892 32
2891 28
2890 32
2889 39
2888 86
2887 39
2886 97
2885 55
2884 56
2883 2
2882 21
2881 62
2880 51
2879 15
2878 57
2877 27
2876 50
2875 2
2874 84
2873 90
2872 34
2871 4
2870 29
2869 11
2868 9
2867 44
2866 85
2865 1
2864 4
2863 87
2862 25
2861 86
2860 24
2859 94
2858 1
2857 38
2856 8
2855 63
2854 13
2853 22
2852 48
2851 97
2850 53
2849 97
2848 88
2847 23
2846 61
2845 20
2844 56
2843 7
2842 56
2841 25
2840 53
2839 67
2838 81
2837 61
2836 28
2835 49
2834 83
2833 88
2832 24
2831 62
2830 51
2829 85
2828 55
2827 15
2826 23
2825 90
2824 38
2823 47
2822 29
2821 47
2820 78
2819 95
2818 68
2817 100
2816 24
2815 83
2814 51
2813 16
2812 93
2811 83
2810 12
2809 38
2808 67
2807 26
2806 59
2805 40
2804 64
2803 86
2802 23
2801 56
2800 70
2799 30
2798 96
2797 75
2796 99
2795 40
2794 38
2793 9
2792 70
2791 6
2790 9
2789 1
2788 48
2787 33
2786 80
2785 97
2784 4
2783 55
2782 95
2781 14
2780 33
2779 77
2778 98
2777 87
2776 88
2775 52
2774 18
2773 6
2772 20
2771 52
2770 92
2769 20
2768 28
2767 19
2766 58
2765 60
2764 24
2763 58
2762 29
2761 19
2760 74
2759 88
2758 48
2757 59
2756 91
2755 69
2754 40
2753 65
2752 3
2751 80
2750 87
2749 13
2748 9
2747 89
2746 2
2745 51
2744 1
2743 22
2742 59
2741 49
2740 65
2739 98
2738 1
2737 99
2736 94
2735 100
2734 52
2733 17
2732 71
2731 98
2730 67
2729 74
2728 79
2727 46
2726 84
2725 56
2724 6
2723 10
2722 21
2721 29
2720 72
2719 60
2718 31
2717 44
2716 63
2715 89
2714 50
2713 86
2712 95
2711 52
2710 69
2709 95
2708 56
2707 73
2706 92
2705 41
2704 99
2703 38
2702 14
2701 41
2700 31
2699 28
2698 97
2697 89
2696 26
2695 40
2694 97
2693 95
2692 41
2691 20
2690 65
2689 48
2688 39
2687 100
2686 87
2685 12
2684 20
2683 73
2682 79
2681 13
2680 71
2679 85
2678 13
2677 75
2676 66
2675 79
2674 4
2673 78
2672 97
2671 65
2670 2
2669 31
2668 88
2667 40
2666 53
2665 69
2664 82
2663 44
2662 90
2661 42
2660 47
2659 32
2658 95
2657 96
2656 6
2655 8
2654 0
2653 68
2652 86
2651 88
2650 49
2649 87
2648 78
2647 43
2646 95
2645 89
2644 43
2643 41
2642 17
2641 91
2640 57
2639 32
2638 79
2637 22
2636 90
2635 55
2634 14
2633 64
2632 47
2631 35
2630 51
2629 7
2628 83
2627 63
2626 63
2625 37
2624 8
2623 96
2622 44
2621 84
2620 69
2619 11
2618 11
2617 99
2616 38
2615 1
2614 86
2613 92
2612 74
2611 90
2610 67
2609 68
2608 45
2607 52
2606 75
2605 28
2604 20
2603 2
2602 52
2601 32
2600 92
2599 2
2598 64
2597 28
2596 25
2595 63
2594 56
2593 6
2592 81
2591 30
2590 74
2589 99
2588 84
2587 52
2586 67
2585 28
2584 83
2583 40
2582 8
2581 63
2580 10
2579 90
2578 28
2577 84
2576 54
2575 93
2574 88
2573 55
2572 1
2571 41
2570 58
2569 62
2568 94
2567 99
2566 3
2565 85
2564 54
2563 47
2562 65
2561 0
2560 67
2559 89
2558 48
2557 94
2556 93
2555 31
2554 83
2553 0
2552 20
2551 7
2550 46
2549 51
2548 78
2547 45
2546 17
2545 22
2544 50
2543 90
2542 15
2541 29
2540 25
2539 20
2538 22
2537 27
2536 64
2535 12
2534 6
2533 99
2532 24
2531 16
2530 13
2529 85
2528 15
2527 5
2526 16
2525 72
2524 81
2523 43
2522 74
2521 43
2520 49
2519 50
2518 33
2517 32
2516 67
2515 89
2514 71
2513 68
2512 35
2511 48
2510 22
2509 34
2508 86
2507 87
2506 66
2505 18
2504 76
2503 48
2502 34
2501 28
2500 66
2499 28
2498 65
2497 42
2496 32
2495 37
2494 24
2493 8
2492 12
2491 75
2490 70
2489 63
2488 99
2487 86
2486 23
2485 57
2484 44
2483 83
2482 64
2481 72
2480 63
2479 86
2478 52
2477 89
2476 37
2475 92
2474 56
2473 90
2472 82
2471 31
2470 77
2469 10
2468 80
2467 36
2466 41
2465 100
2464 52
2463 40
2462 92
2461 98
2460 24
2459 2
2458 15
2457 57
2456 18
2455 55
2454 85
2453 31
2452 55
2451 30
2450 73
2449 9
2448 99
2447 14
2446 62
2445 5
2444 95
2443 25
2442 36
2441 55
2440 0
2439 49
2438 76
2437 98
2436 24
2435 62
2434 84
2433 72
2432 49
2431 24
2430 42
2429 36
2428 19
2427 8
2426 58
2425 97
2424 58
2423 65
2422 54
2421 25
2420 99
2419 1
2418 93
2417 59
2416 65
2415 54
2414 78
2413 89
2412 16
2411 31
2410 43
2409 71
2408 57
2407 87
2406 24
2405 80
2404 61
2403 9
2402 38
2401 44
2400 24
2399 79
2398 0
2397 42
2396 75
2395 81
2394 27
2393 25
2392 67
2391 59
2390 45
2389 86
2388 67
2387 78
2386 50
2385 32
2384 8
2383 47
2382 100
2381 8
2380 31
2379 97
2378 42
2377 29
2376 99
2375 29
2374 30
2373 2
2372 37
2371 21
2370 75
2369 39
2368 64
2367 16
2366 44
2365 78
2364 48
2363 98
2362 46
2361 91
2360 15
2359 6
2358 48
2357 71
2356 98
2355 58
2354 62
2353 26
2352 42
2351 46
2350 95
2349 87
2348 89
2347 85
2346 83
2345 73
2344 90
2343 31
2342 70
2341 27
2340 75
2339 96
2338 31
2337 22
2336 43
2335 25
2334 30
2333 65
2332 0
2331 59
2330 95
2329 23
2328 66
2327 84
2326 59
2325 54
2324 45
2323 5
2322 58
2321 59
2320 74
2319 2
2318 81
2317 28
2316 80
2315 37
2314 25
2313 18
2312 51
2311 49
2310 54
2309 29
2308 83
2307 83
2306 31
2305 26
2304 35
2303 100
2302 99
2301 82
2300 78
2299 6
2298 4
2297 16
2296 6
2295 47
2294 86
2293 55
2292 68
2291 44
2290 54
2289 29
2288 56
2287 26
2286 51
2285 22
2284 46
2283 98
2282 70
2281 5
2280 86
2279 70
2278 49
2277 41
2276 30
2275 83
2274 14
2273 46
2272 97
2271 40
2270 16
2269 47
2268 14
2267 90
2266 12
2265 22
2264 96
2263 26
2262 29
2261 76
2260 78
2259 94
2258 78
2257 30
2256 43
2255 73
2254 70
2253 25
2252 35
2251 94
2250 21
2249 85
2248 1
2247 73
2246 97
2245 53
2244 7
2243 20
2242 18
2241 91
2240 59
2239 83
2238 45
2237 53
2236 94
2235 53
2234 0
2233 50
2232 69
2231 8
2230 70
2229 88
2228 58
2227 33
2226 57
2225 42
2224 7
2223 15
2222 33
2221 16
2220 69
2219 79
2218 87
2217 34
2216 69
2215 60
2214 12
2213 41
2212 95
2211 8
2210 36
2209 32
2208 3
2207 81
2206 40
2205 51
2204 27
2203 35
2202 4
2201 69
2200 92
2199 12
2198 61
2197 28
2196 21
2195 87
2194 87
2193 94
2192 99
2191 33
2190 37
2189 37
2188 58
2187 69
2186 1
2185 77
2184 30
2183 49
2182 94
2181 11
2180 38
2179 74
2178 57
2177 47
2176 63
2175 23
2174 1
2173 53
2172 1
2171 24
2170 73
2169 28
2168 41
2167 55
2166 2
2165 54
2164 26
2163 17
2162 95
2161 89
2160 90
2159 56
2158 50
2157 61
2156 6
2155 25
2154 35
2153 95
2152 84
2151 90
2150 19
2149 99
2148 43
2147 29
2146 52
2145 90
2144 42
2143 75
2142 68
2141 94
2140 94
2139 26
2138 59
2137 9
2136 38
2135 68
2134 40
2133 30
2132 44
2131 39
2130 22
2129 44
2128 37
2127 57
2126 78
2125 87
2124 84
2123 19
2122 54
2121 13
2120 87
2119 65
2118 25
2117 66
2116 65
2115 35
2114 6
2113 27
2112 12
2111 12
2110 23
2109 92
2108 37
2107 18
2106 2
2105 58
2104 99
2103 82
2102 25
2101 7
2100 79
2099 32
2098 94
2097 94
2096 96
2095 2
2094 81
2093 31
2092 89
2091 30
2090 55
2089 17
2088 92
2087 98
2086 59
2085 75
2084 28
2083 22
2082 34
2081 65
2080 14
2079 53
2078 76
2077 55
2076 83
2075 84
2074 67
2073 21
2072 36
2071 53
2070 95
2069 77
2068 100
2067 18
2066 10
2065 27
2064 76
2063 51
2062 12
2061 41
2060 91
2059 20
2058 70
2057 31
2056 45
2055 16
2054 61
2053 28
2052 38
2051 23
2050 1
2049 40
2048 60
2047 82
2046 93
2045 12
2044 2
2043 37
2042 10
2041 55
2040 32
2039 96
2038 9
2037 76
2036 3
2035 37
2034 31
2033 3
2032 26
2031 70
2030 72
2029 67
2028 18
2027 22
2026 98
2025 97
2024 82
2023 27
2022 16
2021 92
2020 14
2019 8
2018 71
2017 7
2016 91
2015 68
2014 98
2013 44
2012 42
2011 93
2010 42
2009 18
2008 10
2007 21
2006 20
2005 99
2004 18
2003 42
2002 75
2001 64
2000 23
1999 81
1998 54
1997 99
1996 65
1995 71
1994 12
1993 57
1992 17
1991 40
1990 66
1989 40
1988 30
1987 25
1986 82
1985 20
1984 31
1983 7
1982 64
1981 64
1980 92
1979 50
1978 9
1977 97
1976 73
1975 17
1974 81
1973 34
1972 97
1971 68
1970 47
1969 86
1968 51
1967 8
1966 69
1965 62
1964 1
1963 31
1962 63
1961 64
1960 26
1959 72
1958 87
1957 26
1956 64
1955 72
1954 23
1953 5
1952 62
1951 39
1950 0
1949 46
1948 89
1947 5
1946 5
1945 34
1944 58
1943 35
1942 31
1941 5
1940 97
1939 26
1938 82
1937 0
1936 64
1935 96
1934 67
1933 67
1932 50
1931 48
1930 48
1929 98
1928 98
1927 2
1926 33
1925 43
1924 22
1923 86
1922 45
1921 69
1920 22
1919 0
1918 33
1917 75
1916 70
1915 37
1914 81
1913 48
1912 17
1911 79
1910 93
1909 67
1908 77
1907 28
1906 82
1905 27
1904 61
1903 66
1902 99
1901 94
1900 24
1899 2
1898 23
1897 2
1896 39
1895 76
1894 55
1893 96
1892 18
1891 60
1890 82
1889 65
1888 30
1887 65
1886 85
1885 77
1884 50
1883 75
1882 28
1881 77
1880 79
1879 75
1878 97
1877 70
1876 44
1875 71
1874 2
1873 56
1872 80
1871 36
1870 43
1869 62
1868 61
1867 0
1866 4
1865 71
1864 56
1863 47
1862 33
1861 45
1860 79
1859 34
1858 97
1857 52
1856 75
1855 24
1854 71
1853 5
1852 89
1851 98
1850 16
1849 70
1848 66
1847 42
1846 98
1845 89
1844 93
1843 55
1842 69
1841 25
1840 45
1839 51
1838 12
1837 69
1836 95
1835 52
1834 80
1833 13
1832 77
1831 91
1830 24
1829 62
1828 74
1827 25
1826 68
1825 58
1824 14
1823 11
1822 43
1821 80
1820 42
1819 98
1818 95
1817 25
1816 36
1815 38
1814 12
1813 18
1812 18
1811 63
1810 36
1809 50
1808 20
1807 37
1806 46
1805 42
1804 84
1803 77
1802 82
1801 41
1800 96
1799 69
1798 99
1797 43
1796 16
1795 60
1794 53
1793 26
1792 18
1791 3
1790 72
1789 35
1788 16
1787 81
1786 8
1785 21
1784 75
1783 11
1782 11
1781 89
1780 93
1779 69
1778 53
1777 31
1776 29
1775 75
1774 25
1773 66
1772 43
1771 99
1770 67
1769 70
1768 53
1767 2
1766 51
1765 9
1764 43
1763 11
1762 40
1761 29
1760 18
1759 37
1758 9
1757 64
1756 61
1755 31
1754 61
1753 7
1752 73
1751 30
1750 49
1749 27
1748 87
1747 8
1746 95
1745 66
1744 4
1743 57
1742 73
1741 22
1740 38
1739 39
1738 25
1737 64
1736 36
1735 75
1734 98
1733 36
1732 66
1731 13
1730 37
1729 51
1728 64
1727 96
1726 69
1725 71
1724 32
1723 78
1722 41
1721 18
1720 32
1719 7
1718 29
1717 69
1716 80
1715 16
1714 3
1713 25
1712 5
1711 97
1710 6
1709 31
1708 10
1707 26
1706 58
1705 73
1704 87
1703 32
1702 51
1701 97
1700 44
1699 1
1698 50
1697 52
1696 26
1695 10
1694 69
1693 51
1692 72
1691 96
1690 40
1689 8
1688 84
1687 82
1686 12
1685 74
1684 50
1683 88
1682 39
1681 38
1680 41
1679 96
1678 44
1677 53
1676 99
1675 75
1674 25
1673 79
1672 55
1671 80
1670 56
1669 99
1668 54
1667 4
1666 33
1665 35
1664 99
1663 44
1662 72
1661 14
1660 9
1659 35
1658 32
1657 54
1656 33
1655 58
1654 71
1653 70
1652 95
1651 40
1650 51
1649 12
1648 82
1647 20
1646 64
1645 5
1644 30
1643 42
1642 23
1641 58
1640 1
1639 46
1638 56
1637 78
1636 50
1635 28
1634 59
1633 14
1632 85
1631 75
1630 55
1629 63
1628 92
1627 63
1626 7
1625 35
1624 21
1623 59
1622 40
1621 70
1620 18
1619 35
1618 80
1617 22
1616 83
1615 8
1614 85
1613 91
1612 69
1611 62
1610 2
1609 31
1608 45
1607 47
1606 23
1605 78
1604 17
1603 89
1602 66
1601 63
1600 22
1599 1
1598 65
1597 54
1596 26
1595 25
1594 71
1593 79
1592 8
1591 89
1590 53
1589 30
1588 59
1587 0
1586 42
1585 75
1584 31
1583 18
1582 59
1581 67
1580 71
1579 20
1578 81
1577 93
1576 86
1575 43
1574 64
1573 15
1572 26
1571 72
1570 83
1569 3
1568 82
1567 49
1566 12
1565 18
1564 91
1563 85
1562 32
1561 35
1560 15
1559 59
1558 75
1557 70
1556 50
1555 44
1554 68
1553 67
1552 66
1551 40
1550 98
1549 25
1548 22
1547 32
1546 93
1545 18
1544 45
1543 33
1542 10
1541 14
1540 35
1539 78
1538 7
1537 55
1536 67
1535 99
1534 20
1533 51
1532 95
1531 18
1530 83
1529 63
1528 45
1527 34
1526 49
1525 59
1524 77
1523 67
1522 67
1521 25
1520 93
1519 15
1518 3
1517 46
1516 65
1515 74
1514 75
1513 2
1512 48
1511 43
1510 19
1509 77
1508 64
1507 19
1506 57
1505 72
1504 76
1503 80
1502 74
1501 2
1500 93
1499 60
1498 40
1497 86
1496 62
1495 4
1494 15
1493 92
1492 80
1491 68
1490 74
1489 73
1488 72
1487 54
1486 30
1485 31
1484 93
1483 12
1482 49
1481 61
1480 53
1479 16
1478 67
1477 27
1476 89
1475 45
1474 4
1473 17
1472 81
1471 53
1470 86
1469 9
1468 62
1467 32
1466 79
1465 97
1464 63
1463 9
1462 6
1461 77
1460 85
1459 54
1458 63
1457 6
1456 65
1455 27
1454 25
1453 16
1452 36
1451 84
1450 42
1449 93
1448 25
1447 64
1446 76
1445 65
1444 67
1443 79
1442 28
1441 96
1440 31
1439 26
1438 40
1437 18
1436 60
1435 47
1434 57
1433 59
1432 27
1431 93
1430 39
1429 33
1428 38
1427 37
1426 30
1425 74
1424 22
1423 85
1422 94
1421 48
1420 27
1419 42
1418 74
1417 28
1416 94
1415 88
1414 41
1413 15
1412 83
1411 52
1410 35
1409 81
1408 25
1407 25
1406 49
1405 85
1404 51
1403 49
1402 36
1401 69
1400 92
1399 4
1398 29
1397 43
1396 77
1395 30
1394 90
1393 57
1392 98
1391 58
1390 82
1389 23
1388 11
1387 89
1386 7
1385 50
1384 85
1383 56
1382 58
1381 32
1380 32
1379 55
1378 41
1377 2
1376 60
1375 96
1374 80
1373 68
1372 6
1371 83
1370 55
1369 60
1368 49
1367 4
1366 69
1365 78
1364 0
1363 10
1362 97
1361 53
1360 63
1359 15
1358 12
1357 81
1356 69
1355 3
1354 76
1353 67
1352 27
1351 28
1350 39
1349 91
1348 53
1347 4
1346 20
1345 68
1344 18
1343 32
1342 72
1341 69
1340 77
1339 60
1338 3
1337 86
1336 62
1335 74
1334 14
1333 10
1332 10
1331 71
1330 19
1329 67
1328 64
1327 63
1326 73
1325 97
1324 96
1323 94
1322 100
1321 44
1320 20
1319 27
1318 11
1317 97
1316 26
1315 79
1314 77
1313 75
1312 3
1311 37
1310 52
1309 22
1308 73
1307 73
1306 15
1305 10
1304 65
1303 68
1302 79
1301 0
1300 54
1299 11
1298 46
1297 69
1296 100
1295 80
1294 96
1293 94
1292 53
1291 10
1290 82
1289 37
1288 95
1287 55
1286 67
1285 33
1284 68
1283 93
1282 27
1281 16
1280 76
1279 30
1278 6
1277 11
1276 47
1275 56
1274 59
1273 34
1272 27
1271 77
1270 73
1269 70
1268 1
1267 47
1266 25
1265 58
1264 3
1263 57
1262 78
1261 58
1260 5
1259 13
1258 27
1257 90
1256 69
1255 67
1254 50
1253 6
1252 45
1251 4
1250 91
1249 92
1248 1
1247 2
1246 90
1245 21
1244 54
1243 35
1242 53
1241 68
1240 59
1239 54
1238 9
1237 18
1236 94
1235 27
1234 53
1233 24
1232 100
1231 62
1230 5
1229 33
1228 72
1227 0
1226 9
1225 61
1224 40
1223 47
1222 8
1221 73
1220 24
1219 1
1218 36
1217 62
1216 5
1215 44
1214 46
1213 95
1212 14
1211 91
1210 35
1209 43
1208 12
1207 90
1206 58
1205 55
1204 88
1203 35
1202 57
1201 55
1200 12
1199 26
1198 46
1197 89
1196 91
1195 29
1194 85
1193 61
1192 24
1191 15
1190 48
1189 99
1188 73
1187 19
1186 0
1185 88
1184 44
1183 89
1182 78
1181 57
1180 52
1179 2
1178 69
1177 64
1176 37
1175 57
1174 62
1173 44
1172 45
1171 97
1170 61
1169 75
1168 85
1167 43
1166 76
1165 1
1164 62
1163 0
1162 67
1161 75
1160 13
1159 35
1158 81
1157 60
1156 64
1155 33
1154 92
1153 44
1152 33
1151 61
1150 24
1149 0
1148 1
1147 89
1146 61
1145 68
1144 16
1143 61
1142 7
1141 0
1140 77
1139 47
1138 78
1137 17
1136 30
1135 60
1134 50
1133 13
1132 49
1131 85
1130 41
1129 31
1128 70
1127 7
1126 74
1125 87
1124 63
1123 87
1122 5
1121 8
1120 68
1119 44
1118 50
1117 55
1116 61
1115 14
1114 87
1113 32
1112 64
1111 68
1110 93
1109 27
1108 7
1107 57
1106 50
1105 44
1104 11
1103 15
1102 30
1101 62
1100 12
1099 0
1098 5
1097 58
1096 38
1095 18
1094 63
1093 32
1092 86
1091 64
1090 51
1089 6
1088 77
1087 15
1086 47
1085 2
1084 74
1083 94
1082 31
1081 73
1080 73
1079 68
1078 41
1077 37
1076 88
1075 30
1074 91
1073 58
1072 56
1071 4
1070 64
1069 57
1068 3
1067 22
1066 25
1065 78
1064 38
1063 59
1062 70
1061 3
1060 41
1059 83
1058 63
1057 87
1056 21
1055 33
1054 80
1053 84
1052 67
1051 40
1050 25
1049 72
1048 50
1047 47
1046 20
1045 87
1044 94
1043 19
1042 28
1041 58
1040 43
1039 87
1038 52
1037 32
1036 1
1035 9
1034 36
1033 72
1032 65
1031 69
1030 41
1029 2
1028 42
1027 88
1026 54
1025 90
1024 61
1023 99
1022 79
1021 18
1020 40
1019 28
1018 6
1017 94
1016 76
1015 66
1014 33
1013 28
1012 82
1011 15
1010 60
1009 28
1008 81
1007 50
1006 30
1005 43
1004 30
1003 29
1002 5
1001 69
1000 69
999 55
998 66
997 69
996 72
995 48
994 54
993 14
992 40
991 57
990 35
989 78
988 15
987 85
986 47
985 57
984 7
983 43
982 50
981 68
980 56
979 60
978 77
977 0
976 55
975 70
974 49
973 38
972 94
971 73
970 34
969 38
968 54
967 63
966 12
965 37
964 8
963 88
962 54
961 76
960 4
959 23
958 89
957 13
956 11
955 84
954 62
953 35
952 21
951 50
950 87
949 46
948 24
947 24
946 56
945 86
944 49
943 1
942 22
941 1
940 53
939 30
938 20
937 50
936 47
935 27
934 42
933 50
932 82
931 71
930 7
929 0
928 1
927 100
926 47
925 29
924 97
923 64
922 18
921 9
920 20
919 42
918 49
917 58
916 7
915 14
914 28
913 71
912 20
911 9
910 47
909 89
908 56
907 49
906 68
905 30
904 50
903 38
902 14
901 99
900 92
899 30
898 3
897 67
896 83
895 87
894 58
893 10
892 85
891 2
890 34
889 20
888 15
887 94
886 88
885 98
884 99
883 75
882 85
881 94
880 16
879 75
878 61
877 16
876 85
875 6
874 44
873 52
872 74
871 90
870 26
869 46
868 74
867 100
866 55
865 61
864 14
863 99
862 83
861 34
860 94
859 93
858 7
857 100
856 80
855 14
854 26
853 32
852 3
851 88
850 57
849 17
848 59
847 89
846 99
845 49
844 72
843 42
842 25
841 26
840 10
839 74
838 17
837 77
836 12
835 19
834 70
833 12
832 37
831 88
830 1
829 5
828 53
827 87
826 27
825 71
824 68
823 30
822 35
821 80
820 46
819 5
818 25
817 8
816 22
815 96
814 92
813 47
812 45
811 82
810 29
809 57
808 62
807 95
806 75
805 33
804 96
803 6
802 34
801 98
800 91
799 81
798 66
797 98
796 51
795 74
794 57
793 68
792 44
791 46
790 99
789 47
788 42
787 66
786 13
785 16
784 84
783 99
782 95
781 0
780 42
779 58
778 92
777 61
776 32
775 61
774 34
773 41
772 8
771 73
770 6
769 72
768 18
767 65
766 96
765 24
764 7
763 26
762 36
761 9
760 80
759 2
758 41
757 25
756 4
755 27
754 40
753 61
752 32
751 38
750 89
749 100
748 82
747 52
746 28
745 91
744 19
743 25
742 16
741 28
740 79
739 74
738 62
737 64
736 48
735 42
734 60
733 93
732 43
731 42
730 75
729 5
728 88
727 92
726 77
725 68
724 27
723 73
722 95
721 21
720 93
719 68
718 89
717 57
716 79
715 95
714 88
713 56
712 64
711 40
710 59
709 59
708 57
707 30
706 81
705 62
704 78
703 2
702 89
701 33
700 61
699 25
698 41
697 49
696 25
695 95
694 47
693 38
692 25
691 67
690 92
689 62
688 96
687 73
686 14
685 60
684 70
683 57
682 16
681 6
680 96
679 99
678 19
677 90
676 52
675 52
674 54
673 98
672 5
671 1
670 47
669 57
668 26
667 99
666 10
665 63
664 75
663 33
662 18
661 86
660 24
659 61
658 59
657 89
656 66
655 49
654 98
653 80
652 28
651 77
650 37
649 54
648 79
647 49
646 33
645 62
644 62
643 9
642 63
641 94
640 63
639 88
638 3
637 64
636 99
635 15
634 9
633 82
632 19
631 65
630 34
629 89
628 32
627 34
626 7
625 95
624 32
623 28
622 69
621 13
620 53
619 94
618 26
617 57
616 14
615 37
614 18
613 95
612 29
611 60
610 45
609 37
608 97
607 35
606 58
605 97
604 51
603 41
602 73
601 45
600 64
599 81
598 31
597 91
596 36
595 62
594 89
593 82
592 78
591 96
590 36
589 78
588 78
587 61
586 55
585 72
584 8
583 12
582 99
581 18
580 63
579 64
578 4
577 12
576 56
575 61
574 67
573 49
572 20
571 97
570 44
569 59
568 17
567 36
566 65
565 37
564 85
563 50
562 46
561 12
560 81
559 84
558 38
557 34
556 56
555 100
554 99
553 68
552 2
551 33
550 0
549 54
548 78
547 54
546 99
545 70
544 17
543 76
542 64
541 64
540 69
539 78
538 87
537 72
536 61
535 75
534 43
533 39
532 78
531 57
530 80
529 41
528 37
527 31
526 100
525 71
524 96
523 93
522 23
521 13
520 65
519 7
518 12
517 84
516 5
515 26
514 46
513 81
512 90
511 93
510 67
509 35
508 44
507 66
506 2
505 53
504 34
503 67
502 38
501 42
500 23
499 95
498 11
497 8
496 32
495 49
494 59
493 83
492 47
491 24
490 55
489 55
488 77
487 59
486 44
485 45
484 20
483 86
482 5
481 64
480 23
479 32
478 95
477 51
476 93
475 45
474 24
473 87
472 8
471 46
470 93
469 44
468 67
467 72
466 23
465 11
464 58
463 13
462 26
461 73
460 23
459 91
458 71
457 71
456 53
455 65
454 17
453 81
452 36
451 79
450 43
449 65
448 34
447 52
446 27
445 25
444 95
443 80
442 89
441 58
440 56
439 29
438 14
437 66
436 51
435 53
434 99
433 31
432 25
431 75
430 49
429 81
428 61
427 91
426 2
425 13
424 52
423 85
422 56
421 74
420 87
419 51
418 42
417 36
416 59
415 72
414 46
413 79
412 56
411 71
410 16
409 67
408 90
407 63
406 72
405 59
404 81
403 0
402 44
401 89
400 79
399 85
398 82
397 6
396 96
395 88
394 64
393 59
392 83
391 59
390 5
389 43
388 47
387 15
386 24
385 8
384 94
383 95
382 14
381 78
380 58
379 97
378 65
377 35
376 12
375 99
374 24
373 37
372 21
371 86
370 32
369 73
368 2
367 80
366 90
365 93
364 84
363 85
362 58
361 56
360 11
359 6
358 27
357 23
356 29
355 96
354 24
353 66
352 5
351 88
350 79
349 77
348 92
347 71
346 64
345 91
344 63
343 76
342 39
341 83
340 69
339 90
338 37
337 36
336 45
335 49
334 50
333 34
332 84
331 67
330 34
329 67
328 27
327 52
326 42
325 75
324 60
323 96
322 35
321 32
320 48
319 54
318 0
317 34
316 54
315 52
314 87
313 30
312 6
311 80
310 38
309 3
308 13
307 14
306 24
305 97
304 52
303 14
302 3
301 80
300 94
299 31
298 2
297 83
296 1
295 82
294 91
293 1
292 31
291 18
290 11
289 8
288 94
287 69
286 46
285 21
284 99
283 1
282 2
281 88
280 23
279 11
278 52
277 99
276 55
275 71
274 55
273 78
272 88
271 77
270 62
269 93
268 34
267 82
266 22
265 69
264 50
263 73
262 43
261 76
260 95
259 53
258 9
257 88
256 97
255 78
254 82
253 72
252 38
251 93
250 33
249 73
248 70
247 84
246 28
245 78
244 29
243 81
242 60
241 48
240 11
239 36
238 25
237 72
236 54
235 4
234 89
233 37
232 82
231 75
230 56
229 37
228 35
227 27
226 79
225 3
224 5
223 83
222 9
221 99
220 44
219 37
218 58
217 24
216 49
215 5
214 21
213 25
212 33
211 29
210 53
209 66
208 87
207 1
206 68
205 4
204 63
203 14
202 87
201 65
200 86
199 40
198 48
197 88
196 54
195 72
194 34
193 79
192 16
191 65
190 25
189 41
188 62
187 96
186 92
185 33
184 73
183 28
182 55
181 42
180 19
179 52
178 11
177 29
176 64
175 22
174 60
173 100
172 76
171 17
170 10
169 25
168 5
167 35
166 17
165 43
164 65
163 53
162 5
161 28
160 98
159 24
158 10
157 23
156 86
155 38
154 34
153 77
152 11
151 11
150 61
149 38
148 90
147 89
146 68
145 92
144 59
143 68
142 91
141 95
140 5
139 43
138 95
137 75
136 82
135 27
134 18
133 69
132 55
131 76
130 69
129 96
128 91
127 58
126 8
125 37
124 22
123 55
122 5
121 49
120 97
119 8
118 80
117 6
116 99
115 91
114 37
113 91
112 94
111 65
110 34
109 49
108 99
107 16
106 29
105 52
104 19
103 100
102 8
101 71
100 43
99 60
98 26
97 88
96 20
95 21
94 41
93 93
92 44
91 14
90 50
89 91
88 43
87 15
86 95
85 41
84 46
83 64
82 82
81 32
80 46
79 80
78 7
77 60
76 98
75 14
74 89
73 60
72 57
71 69
70 56
69 87
68 27
67 85
66 94
65 89
64 13
63 94
62 11
61 20
60 2
59 81
58 12
57 61
56 63
55 75
54 33
53 36
52 56
51 45
50 46
49 27
48 58
47 97
46 77
45 15
44 97
43 88
42 23
41 97
40 57
39 89
38 54
37 81
36 27
35 9
34 42
33 95
32 94
31 97
30 2
29 15
28 85
27 72
26 5
25 12
24 27
23 98
22 90
21 0
20 100
19 97
18 40
17 84
16 50
15 3
14 56
13 27
12 8
11 33
10 22
9 36
8 65
7 72
6 88
5 47
4 56
3 93
2 12
1 51
0 41
